364 4 0.370312 0.091667 0.400000 0.136111 0.570312 0.161111
363 4 0.275000 0.027778 0.306250 0.094444 0.429688 0.075000
362 2 0.275000 0.197222 0.364063 0.500000 0.457813 0.447222
361 4 0.325000 0.141667 0.357812 0.200000 0.504687 0.241667
360 4 0.275000 0.194444 0.360938 0.491667 0.456250 0.441667
352 5 0.275000 0.025000 0.307812 0.097222 0.429688 0.075000
347 4 0.312500 0.041667 0.334375 0.080556 0.479687 0.083333
344 4 0.315625 0.083333 0.340625 0.127778 0.487500 0.147222
340 4 0.442188 0.297222 0.496875 0.408333 0.690625 0.502778
333 5 0.262500 0.125000 0.309375 0.225000 0.417187 0.238889
330 4 0.404687 0.202778 0.450000 0.280556 0.629687 0.344444
327 4 0.468750 0.708333 0.570312 1.008333 0.754687 1.213889
323 4 0.376563 0.127778 0.409375 0.177778 0.581250 0.216667
313 4 0.162500 0.394444 0.246875 0.563889 0.287500 0.677778
310 4 0.081250 0.547222 0.201563 0.791667 0.182812 0.944444
125 4 0.221875 0.119444 0.253125 0.186111 0.348438 0.213889
