367 4 0.360938 0.072222 0.384375 0.116667 0.553125 0.130556
366 5 0.253125 0.166667 0.312500 0.291667 0.409375 0.313889
364 4 0.373437 0.111111 0.404687 0.158333 0.576562 0.188889
363 5 0.270313 0.063889 0.309375 0.144444 0.425000 0.138889
361 4 0.318750 0.188889 0.362500 0.275000 0.500000 0.327778
347 4 0.312500 0.058333 0.339062 0.102778 0.481250 0.111111
344 4 0.314063 0.102778 0.346875 0.161111 0.487500 0.183333
340 4 0.460938 0.433333 0.518750 0.575000 0.720313 0.722222
330 4 0.421875 0.247222 0.468750 0.338889 0.656250 0.416667
323 4 0.385937 0.155556 0.423438 0.211111 0.598437 0.261111
125 4 0.220312 0.122222 0.260937 0.197222 0.351562 0.219444
