347 4 0.312500 0.022222 0.332813 0.063889 0.479687 0.055556
344 4 0.315625 0.063889 0.337500 0.100000 0.484375 0.113889
341 5 0.271875 0.069444 0.310937 0.141667 0.428125 0.141667
340 4 0.418750 0.222222 0.457813 0.305556 0.648438 0.377778
330 4 0.392188 0.161111 0.429688 0.222222 0.607812 0.272222
327 4 0.450000 0.377778 0.515625 0.527778 0.707812 0.641667
323 4 0.373437 0.105556 0.400000 0.161111 0.573438 0.186111
313 4 0.204687 0.327778 0.268750 0.461111 0.339062 0.558333
310 4 0.098437 0.502778 0.214062 0.750000 0.204687 0.877778
299 5 0.309375 0.122222 0.367188 0.313889 0.493750 0.280556
283 4 0.260937 0.455556 0.343750 0.644444 0.432812 0.780556
125 4 0.220312 0.116667 0.256250 0.191667 0.348438 0.213889
