340 4 0.400000 0.188889 0.439063 0.266667 0.620313 0.322222
336 4 0.339062 0.008333 0.362500 0.055556 0.520312 0.036111
333 4 0.273438 0.030556 0.304688 0.086111 0.426563 0.075000
330 4 0.387500 0.144444 0.417187 0.194444 0.595313 0.241667
327 4 0.439063 0.283333 0.489063 0.383333 0.682813 0.475000
323 4 0.371875 0.108333 0.398438 0.155556 0.571875 0.186111
313 4 0.251563 0.244444 0.292187 0.327778 0.396875 0.408333
310 4 0.159375 0.422222 0.246875 0.608333 0.284375 0.727778
299 5 0.312500 0.072222 0.364063 0.213889 0.493750 0.180556
283 4 0.314063 0.269444 0.360938 0.369444 0.495312 0.455556
281 4 0.259375 0.469444 0.343750 0.663889 0.431250 0.800000
222 4 0.000000 0.708333 0.146875 0.997222 0.075000 1.208333
125 4 0.220312 0.113889 0.254688 0.194444 0.348438 0.211111
