351 4 0.307812 0.002778 0.325000 0.030556 0.470313 0.016667
350 4 0.301563 0.141667 0.365625 0.352778 0.485938 0.319444
347 4 0.310937 0.027778 0.332813 0.066667 0.478125 0.063889
344 4 0.315625 0.063889 0.339062 0.105556 0.485938 0.119444
341 5 0.270313 0.086111 0.309375 0.166667 0.425000 0.169444
340 4 0.423438 0.233333 0.468750 0.336111 0.657813 0.402778
333 4 0.270313 0.088889 0.309375 0.161111 0.426563 0.169444
330 4 0.395313 0.161111 0.434375 0.250000 0.614062 0.286111
327 4 0.456250 0.433333 0.525000 0.602778 0.720313 0.736111
323 4 0.373437 0.102778 0.403125 0.163889 0.575000 0.186111
313 4 0.192188 0.350000 0.260937 0.486111 0.323437 0.594444
310 4 0.081250 0.525000 0.209375 0.777778 0.187500 0.913889
299 5 0.303125 0.141667 0.365625 0.350000 0.487500 0.319444
283 4 0.229687 0.569444 0.321875 0.786111 0.390625 0.963889
125 4 0.221875 0.116667 0.254688 0.188889 0.348438 0.211111
