345 4 0.314063 0.097222 0.360938 0.183333 0.495312 0.188889
344 4 0.314063 0.047222 0.334375 0.091667 0.481250 0.094444
343 4 0.343750 0.019444 0.364063 0.063889 0.526563 0.052778
341 5 0.271875 0.033333 0.307812 0.122222 0.426563 0.097222
340 4 0.400000 0.205556 0.451562 0.277778 0.626563 0.347222
333 4 0.273438 0.052778 0.307812 0.119444 0.428125 0.113889
330 4 0.390625 0.155556 0.423438 0.205556 0.603125 0.258333
327 4 0.448437 0.330556 0.503125 0.461111 0.701562 0.561111
323 4 0.373437 0.108333 0.400000 0.163889 0.573438 0.188889
313 4 0.226562 0.291667 0.276562 0.400000 0.365625 0.491667
310 4 0.125000 0.477778 0.225000 0.686111 0.237500 0.822222
299 5 0.314063 0.119444 0.367188 0.266667 0.498437 0.255556
283 4 0.300000 0.363889 0.351562 0.488889 0.476562 0.608333
281 4 0.165625 0.741667 0.293750 1.008333 0.312500 1.247222
222 4 0.001563 0.827778 0.101562 1.000000 0.051562 1.327778
125 4 0.221875 0.116667 0.254688 0.197222 0.350000 0.216667
