358 4 0.348438 0.033333 0.373437 0.080556 0.535937 0.075000
355 4 0.267188 0.088889 0.306250 0.133333 0.420312 0.155556
353 4 0.306250 0.000000 0.325000 0.033333 0.470313 0.016667
352 4 0.276562 0.027778 0.301563 0.080556 0.428125 0.069444
347 4 0.310937 0.030556 0.339062 0.075000 0.479687 0.069444
333 5 0.262500 0.100000 0.309375 0.205556 0.417187 0.205556
330 4 0.396875 0.172222 0.448437 0.277778 0.620313 0.311111
327 4 0.462500 0.588889 0.546875 0.816667 0.735938 0.997222
323 4 0.371875 0.113889 0.406250 0.169444 0.575000 0.200000
313 4 0.175000 0.386111 0.251563 0.530556 0.301563 0.652778
310 4 0.076563 0.541667 0.206250 0.783333 0.179688 0.936111
283 4 0.145313 0.786111 0.271875 1.005556 0.282813 1.291667
125 4 0.223438 0.116667 0.253125 0.188889 0.350000 0.211111
