371 4 0.057813 0.283333 0.425000 0.963889 0.270313 0.766667
367 4 0.362500 0.077778 0.385937 0.125000 0.556250 0.141667
366 5 0.251563 0.197222 0.307812 0.308333 0.406250 0.352778
364 4 0.376563 0.122222 0.406250 0.166667 0.579688 0.205556
361 4 0.320312 0.200000 0.365625 0.291667 0.503125 0.347222
352 5 0.270313 0.072222 0.310937 0.158333 0.426563 0.152778
347 4 0.314063 0.063889 0.339062 0.108333 0.484375 0.119444
340 4 0.460938 0.477778 0.525000 0.638889 0.723437 0.797222
330 4 0.429688 0.263889 0.478125 0.352778 0.668750 0.441667
323 4 0.389062 0.158333 0.426563 0.219444 0.603125 0.269444
125 4 0.220312 0.116667 0.264062 0.197222 0.353125 0.216667
