347 4 0.310937 0.022222 0.332813 0.063889 0.478125 0.055556
344 4 0.315625 0.063889 0.337500 0.100000 0.484375 0.116667
341 5 0.271875 0.075000 0.310937 0.147222 0.428125 0.150000
340 4 0.421875 0.236111 0.457813 0.305556 0.650000 0.388889
333 4 0.271875 0.075000 0.310937 0.144444 0.428125 0.147222
330 4 0.392188 0.158333 0.431250 0.222222 0.607812 0.269444
327 4 0.446875 0.391667 0.515625 0.538889 0.704688 0.663889
323 4 0.371875 0.105556 0.401562 0.161111 0.573438 0.186111
313 4 0.201563 0.327778 0.265625 0.469444 0.335938 0.563889
310 4 0.098437 0.508333 0.212500 0.755556 0.204687 0.888889
299 5 0.309375 0.127778 0.368750 0.322222 0.493750 0.288889
283 4 0.256250 0.469444 0.342187 0.666667 0.428125 0.802778
125 4 0.218750 0.116667 0.256250 0.194444 0.346875 0.213889
