367 4 0.360938 0.069444 0.387500 0.113889 0.554688 0.127778
366 5 0.256250 0.147222 0.315625 0.272222 0.414062 0.286111
364 4 0.371875 0.097222 0.401562 0.147222 0.573438 0.172222
363 4 0.275000 0.058333 0.307812 0.127778 0.429688 0.122222
361 4 0.318750 0.163889 0.362500 0.258333 0.500000 0.291667
356 4 0.257812 0.161111 0.314063 0.272222 0.415625 0.297222
352 5 0.273438 0.052778 0.307812 0.130556 0.426563 0.119444
347 4 0.314063 0.052778 0.337500 0.097222 0.482812 0.102778
344 4 0.315625 0.094444 0.343750 0.150000 0.487500 0.169444
340 4 0.457813 0.388889 0.510938 0.511111 0.714063 0.644444
330 4 0.420312 0.233333 0.464062 0.313889 0.653125 0.391667
323 4 0.384375 0.147222 0.418750 0.200000 0.593750 0.247222
313 4 0.151562 0.402778 0.228125 0.572222 0.265625 0.688889
310 4 0.075000 0.555556 0.195312 0.802778 0.173437 0.958333
125 4 0.220312 0.116667 0.256250 0.194444 0.348438 0.213889
