33 4 0.314063 0.013889 0.331250 0.052778 0.479687 0.041667
32 4 0.253125 0.069444 0.270313 0.113889 0.389062 0.127778
31 5 0.273438 0.091667 0.306250 0.152778 0.426563 0.169444
30 4 0.276562 0.036111 0.301563 0.075000 0.426563 0.072222
25 4 0.367188 0.077778 0.393750 0.122222 0.564063 0.141667
24 4 0.395313 0.130556 0.426563 0.188889 0.609375 0.227778
23 4 0.321875 0.072222 0.345313 0.122222 0.495312 0.136111
22 4 0.323437 0.138889 0.356250 0.202778 0.503125 0.241667
16 4 0.267188 0.394444 0.323437 0.527778 0.428125 0.658333
5 4 0.221875 0.119444 0.260937 0.191667 0.353125 0.216667
