364 4 0.371875 0.097222 0.396875 0.138889 0.570312 0.166667
363 4 0.276562 0.036111 0.306250 0.105556 0.429688 0.088889
362 4 0.265625 0.202778 0.395313 0.555556 0.462500 0.480556
361 4 0.325000 0.150000 0.357812 0.219444 0.504687 0.258333
360 2 0.268750 0.211111 0.384375 0.552778 0.460938 0.486111
356 5 0.257812 0.133333 0.310937 0.247222 0.414062 0.258333
352 5 0.275000 0.036111 0.306250 0.105556 0.429688 0.088889
347 4 0.314063 0.047222 0.335938 0.086111 0.482812 0.091667
344 4 0.317188 0.083333 0.342187 0.136111 0.489063 0.152778
340 4 0.440625 0.300000 0.501563 0.450000 0.690625 0.527778
333 4 0.257812 0.136111 0.310937 0.247222 0.414062 0.261111
330 4 0.409375 0.211111 0.456250 0.283333 0.637500 0.352778
327 4 0.465625 0.805556 0.570312 1.008333 0.750000 1.308333
323 4 0.379688 0.136111 0.409375 0.183333 0.584375 0.227778
310 4 0.079687 0.552778 0.201563 0.797222 0.179688 0.952778
125 4 0.221875 0.113889 0.254688 0.197222 0.350000 0.213889
