367 4 0.362500 0.072222 0.384375 0.122222 0.554688 0.136111
366 5 0.250000 0.180556 0.309375 0.302778 0.406250 0.330556
364 4 0.376563 0.119444 0.406250 0.163889 0.579688 0.202778
361 4 0.317188 0.197222 0.364063 0.286111 0.500000 0.341667
352 5 0.270313 0.072222 0.307812 0.152778 0.425000 0.150000
347 4 0.312500 0.061111 0.337500 0.108333 0.481250 0.116667
344 4 0.317188 0.105556 0.348438 0.166667 0.492188 0.188889
340 4 0.462500 0.458333 0.523438 0.622222 0.723437 0.769444
330 4 0.426563 0.255556 0.476562 0.350000 0.665625 0.430556
323 4 0.389062 0.155556 0.426563 0.213889 0.603125 0.263889
125 4 0.221875 0.116667 0.264062 0.197222 0.353125 0.216667
