33 4 0.312500 0.011111 0.331250 0.050000 0.478125 0.038889
31 5 0.270313 0.069444 0.307812 0.147222 0.425000 0.144444
25 4 0.362500 0.069444 0.389062 0.111111 0.557813 0.125000
24 4 0.389062 0.119444 0.418750 0.172222 0.600000 0.205556
23 4 0.320312 0.066667 0.343750 0.111111 0.492188 0.122222
22 4 0.325000 0.122222 0.354687 0.180556 0.501563 0.213889
21 4 0.278125 0.033333 0.300000 0.072222 0.428125 0.069444
19 4 0.309375 0.216667 0.345313 0.300000 0.482812 0.366667
16 4 0.287500 0.333333 0.335938 0.447222 0.456250 0.558333
5 4 0.223438 0.116667 0.257812 0.188889 0.351562 0.211111
