347 4 0.312500 0.019444 0.332813 0.061111 0.479687 0.050000
344 4 0.315625 0.061111 0.337500 0.100000 0.484375 0.113889
341 5 0.271875 0.075000 0.310937 0.152778 0.428125 0.152778
340 4 0.421875 0.238889 0.460938 0.311111 0.653125 0.394444
333 4 0.271875 0.077778 0.309375 0.150000 0.426563 0.152778
327 4 0.451562 0.405556 0.521875 0.552778 0.712500 0.683333
323 4 0.371875 0.102778 0.401562 0.163889 0.573438 0.186111
313 4 0.198437 0.336111 0.259375 0.475000 0.328125 0.575000
310 4 0.095312 0.522222 0.209375 0.758333 0.200000 0.902778
299 5 0.307812 0.127778 0.368750 0.330556 0.492188 0.294444
283 4 0.248438 0.494444 0.337500 0.702778 0.417187 0.847222
125 4 0.220312 0.122222 0.262500 0.216667 0.351562 0.230556
