344 4 0.315625 0.047222 0.334375 0.088889 0.482812 0.091667
343 4 0.342187 0.016667 0.364063 0.063889 0.525000 0.047222
341 5 0.273438 0.025000 0.307812 0.108333 0.428125 0.080556
340 4 0.396875 0.202778 0.450000 0.277778 0.621875 0.341667
330 4 0.387500 0.152778 0.423438 0.205556 0.600000 0.255556
327 4 0.446875 0.300000 0.501563 0.436111 0.698438 0.516667
323 4 0.373437 0.111111 0.400000 0.158333 0.573438 0.191667
313 4 0.232813 0.280556 0.281250 0.386111 0.373437 0.475000
310 4 0.131250 0.466667 0.235937 0.675000 0.250000 0.805556
299 5 0.312500 0.091667 0.367188 0.261111 0.495312 0.222222
283 4 0.301563 0.336111 0.353125 0.461111 0.479687 0.566667
281 4 0.185938 0.680556 0.303125 0.955556 0.337500 1.158333
222 4 0.001563 0.794444 0.110937 1.000000 0.057813 1.297222
125 4 0.221875 0.111111 0.254688 0.208333 0.350000 0.213889
