352 4 0.278125 0.016667 0.303125 0.066667 0.429688 0.050000
350 5 0.298438 0.150000 0.365625 0.375000 0.482812 0.338889
347 4 0.309375 0.030556 0.334375 0.069444 0.476562 0.063889
344 4 0.315625 0.066667 0.339062 0.111111 0.484375 0.122222
341 4 0.268750 0.094444 0.310937 0.175000 0.425000 0.183333
340 4 0.429688 0.250000 0.471875 0.344444 0.665625 0.422222
333 5 0.267188 0.091667 0.310937 0.177778 0.423438 0.183333
330 4 0.395313 0.161111 0.439063 0.272222 0.615625 0.297222
327 4 0.459375 0.475000 0.528125 0.652778 0.723437 0.802778
323 4 0.373437 0.111111 0.401562 0.166667 0.575000 0.194444
313 4 0.185938 0.372222 0.254688 0.502778 0.314063 0.625000
310 4 0.075000 0.516667 0.206250 0.777778 0.179688 0.908333
299 4 0.300000 0.150000 0.365625 0.372222 0.482812 0.338889
283 4 0.201563 0.616667 0.310937 0.883333 0.357812 1.058333
125 4 0.220312 0.116667 0.256250 0.191667 0.348438 0.213889
