341 4 0.275000 0.027778 0.304688 0.091667 0.428125 0.075000
340 4 0.400000 0.188889 0.440625 0.272222 0.620313 0.327778
333 5 0.273438 0.027778 0.306250 0.091667 0.426563 0.075000
330 4 0.385937 0.144444 0.418750 0.197222 0.595313 0.244444
327 4 0.442188 0.294444 0.500000 0.397222 0.692187 0.494444
323 4 0.370312 0.105556 0.398438 0.152778 0.570312 0.183333
313 4 0.246875 0.252778 0.290625 0.336111 0.392188 0.419444
310 4 0.156250 0.433333 0.243750 0.619444 0.278125 0.744444
299 5 0.310937 0.075000 0.365625 0.222222 0.493750 0.186111
283 4 0.310937 0.283333 0.359375 0.386111 0.490625 0.477778
281 4 0.248438 0.525000 0.335938 0.719444 0.417187 0.886111
222 4 0.003125 0.727778 0.140625 1.000000 0.073438 1.227778
125 4 0.221875 0.116667 0.254688 0.194444 0.348438 0.213889
