364 4 0.371875 0.097222 0.398438 0.141667 0.571875 0.166667
363 4 0.275000 0.036111 0.307812 0.111111 0.429688 0.091667
362 2 0.260937 0.230556 0.404687 0.611111 0.464062 0.538889
361 4 0.325000 0.147222 0.359375 0.227778 0.504687 0.263889
356 5 0.257812 0.136111 0.310937 0.250000 0.414062 0.263889
352 5 0.273438 0.033333 0.307812 0.113889 0.428125 0.091667
347 4 0.312500 0.047222 0.334375 0.088889 0.481250 0.091667
344 4 0.315625 0.083333 0.343750 0.141667 0.487500 0.155556
340 4 0.450000 0.333333 0.503125 0.458333 0.701562 0.561111
330 4 0.410938 0.213889 0.459375 0.294444 0.642188 0.361111
323 4 0.378125 0.130556 0.412500 0.186111 0.584375 0.225000
313 4 0.154688 0.402778 0.240625 0.572222 0.276562 0.688889
310 4 0.076563 0.552778 0.200000 0.797222 0.176563 0.952778
125 4 0.221875 0.116667 0.253125 0.188889 0.350000 0.211111
