364 4 0.371875 0.100000 0.400000 0.141667 0.573438 0.172222
361 4 0.320312 0.144444 0.362500 0.238889 0.503125 0.266667
356 5 0.257812 0.138889 0.310937 0.250000 0.414062 0.263889
352 5 0.273438 0.027778 0.307812 0.119444 0.428125 0.088889
347 4 0.314063 0.050000 0.335938 0.091667 0.481250 0.094444
344 4 0.315625 0.086111 0.342187 0.144444 0.487500 0.158333
340 4 0.448437 0.336111 0.504687 0.461111 0.700000 0.566667
330 4 0.412500 0.208333 0.462500 0.302778 0.643750 0.361111
323 4 0.381250 0.133333 0.414062 0.188889 0.587500 0.227778
313 4 0.154688 0.408333 0.239063 0.572222 0.275000 0.694444
310 4 0.078125 0.552778 0.200000 0.800000 0.178125 0.952778
125 4 0.221875 0.116667 0.253125 0.188889 0.348438 0.211111
