353 4 0.306250 0.000000 0.325000 0.030556 0.468750 0.016667
352 4 0.278125 0.022222 0.303125 0.075000 0.429688 0.061111
347 4 0.307812 0.030556 0.339062 0.075000 0.478125 0.069444
333 5 0.265625 0.094444 0.310937 0.191667 0.420312 0.191667
330 4 0.395313 0.166667 0.442188 0.277778 0.617188 0.308333
327 4 0.459375 0.522222 0.534375 0.719444 0.726562 0.883333
323 4 0.373437 0.113889 0.403125 0.166667 0.575000 0.197222
313 4 0.178125 0.377778 0.248438 0.516667 0.303125 0.638889
310 4 0.079687 0.550000 0.203125 0.780556 0.181250 0.941667
299 4 0.295312 0.163889 0.365625 0.400000 0.478125 0.366667
283 4 0.160938 0.691667 0.300000 1.005556 0.312500 1.197222
125 4 0.220312 0.119444 0.254688 0.191667 0.348438 0.216667
