347 4 0.312500 0.019444 0.332813 0.061111 0.478125 0.050000
344 4 0.315625 0.063889 0.337500 0.102778 0.485938 0.116667
341 5 0.271875 0.075000 0.310937 0.150000 0.428125 0.150000
340 4 0.421875 0.236111 0.459375 0.311111 0.651563 0.394444
333 4 0.271875 0.077778 0.310937 0.147222 0.426563 0.152778
327 4 0.450000 0.402778 0.520312 0.547222 0.710938 0.677778
323 4 0.373437 0.102778 0.401562 0.163889 0.573438 0.186111
313 4 0.198437 0.336111 0.260937 0.475000 0.329688 0.575000
310 4 0.098437 0.525000 0.209375 0.755556 0.204687 0.902778
299 5 0.307812 0.125000 0.368750 0.327778 0.493750 0.291667
283 4 0.250000 0.480556 0.339062 0.688889 0.420312 0.825000
125 4 0.221875 0.122222 0.264062 0.213889 0.354687 0.230556
