345 4 0.314063 0.097222 0.360938 0.180556 0.493750 0.188889
344 4 0.314063 0.047222 0.334375 0.091667 0.481250 0.094444
343 4 0.342187 0.019444 0.365625 0.063889 0.526563 0.052778
341 5 0.271875 0.030556 0.307812 0.122222 0.426563 0.091667
340 4 0.401562 0.208333 0.450000 0.277778 0.626563 0.347222
333 4 0.273438 0.052778 0.307812 0.116667 0.428125 0.111111
330 4 0.389062 0.155556 0.423438 0.205556 0.601562 0.258333
327 4 0.448437 0.322222 0.503125 0.458333 0.700000 0.552778
323 4 0.371875 0.108333 0.400000 0.161111 0.571875 0.188889
313 4 0.228125 0.291667 0.276562 0.397222 0.367188 0.491667
310 4 0.126562 0.486111 0.225000 0.686111 0.239063 0.827778
299 5 0.314063 0.113889 0.368750 0.269444 0.498437 0.247222
283 4 0.300000 0.355556 0.353125 0.483333 0.476562 0.597222
281 4 0.165625 0.736111 0.292187 1.011111 0.312500 1.241667
222 4 0.001563 0.825000 0.101562 1.000000 0.051562 1.325000
125 4 0.221875 0.116667 0.254688 0.200000 0.350000 0.216667
