364 4 0.370312 0.088889 0.400000 0.130556 0.570312 0.155556
363 5 0.273438 0.027778 0.306250 0.091667 0.426563 0.075000
362 2 0.276562 0.183333 0.360938 0.475000 0.457813 0.422222
361 4 0.326562 0.138889 0.356250 0.191667 0.504687 0.236111
360 4 0.278125 0.188889 0.359375 0.475000 0.457813 0.427778
352 4 0.275000 0.027778 0.306250 0.091667 0.428125 0.075000
347 4 0.312500 0.041667 0.334375 0.077778 0.479687 0.080556
344 4 0.315625 0.080556 0.339062 0.125000 0.485938 0.144444
340 4 0.440625 0.297222 0.492188 0.394444 0.687500 0.494444
333 5 0.262500 0.119444 0.309375 0.225000 0.417187 0.233333
330 4 0.403125 0.194444 0.448437 0.277778 0.626563 0.336111
327 4 0.465625 0.650000 0.556250 0.922222 0.743750 1.111111
323 4 0.376563 0.125000 0.407813 0.175000 0.581250 0.211111
313 4 0.168750 0.386111 0.248438 0.544444 0.293750 0.658333
310 4 0.084375 0.544444 0.203125 0.786111 0.185938 0.938889
125 4 0.223438 0.116667 0.253125 0.188889 0.350000 0.213889
