344 4 0.315625 0.058333 0.335938 0.097222 0.482812 0.108333
341 5 0.273438 0.072222 0.309375 0.136111 0.428125 0.138889
340 4 0.415625 0.211111 0.457813 0.291667 0.645312 0.358333
333 4 0.271875 0.072222 0.309375 0.136111 0.426563 0.141667
330 4 0.392188 0.158333 0.426563 0.213889 0.604688 0.266667
327 4 0.446875 0.341667 0.512500 0.500000 0.703125 0.591667
323 4 0.373437 0.105556 0.400000 0.161111 0.573438 0.186111
313 4 0.210938 0.319444 0.270313 0.441667 0.346875 0.541667
310 4 0.100000 0.488889 0.221875 0.744444 0.210938 0.861111
299 5 0.312500 0.113889 0.368750 0.300000 0.496875 0.263889
283 4 0.278125 0.433333 0.345313 0.594444 0.450000 0.733333
222 4 0.000000 0.880556 0.075000 1.000000 0.037500 1.380556
125 4 0.221875 0.122222 0.254688 0.191667 0.350000 0.219444
