367 4 0.360938 0.072222 0.384375 0.116667 0.553125 0.130556
366 5 0.253125 0.169444 0.312500 0.294444 0.409375 0.316667
364 4 0.375000 0.113889 0.404687 0.161111 0.576562 0.194444
363 5 0.270313 0.066667 0.309375 0.147222 0.426563 0.141667
361 4 0.318750 0.191667 0.362500 0.275000 0.500000 0.330556
352 4 0.271875 0.066667 0.309375 0.144444 0.426563 0.141667
347 4 0.310937 0.058333 0.339062 0.105556 0.481250 0.111111
344 4 0.314063 0.102778 0.346875 0.161111 0.487500 0.183333
340 4 0.459375 0.433333 0.518750 0.583333 0.718750 0.727778
330 4 0.421875 0.247222 0.470313 0.338889 0.657813 0.416667
323 4 0.387500 0.155556 0.423438 0.211111 0.600000 0.263889
125 4 0.220312 0.119444 0.262500 0.200000 0.351562 0.219444
