364 4 0.368750 0.091667 0.398438 0.133333 0.568750 0.158333
363 4 0.275000 0.027778 0.306250 0.097222 0.428125 0.077778
362 2 0.273438 0.202778 0.364063 0.508333 0.456250 0.455556
361 4 0.325000 0.144444 0.356250 0.205556 0.503125 0.247222
360 4 0.273438 0.202778 0.362500 0.502778 0.456250 0.455556
352 5 0.275000 0.027778 0.307812 0.100000 0.429688 0.077778
347 4 0.312500 0.041667 0.335938 0.080556 0.481250 0.083333
344 4 0.315625 0.083333 0.340625 0.127778 0.485938 0.147222
340 4 0.443750 0.297222 0.498437 0.411111 0.693750 0.502778
333 4 0.262500 0.130556 0.310937 0.222222 0.418750 0.241667
330 4 0.407813 0.205556 0.451562 0.280556 0.634375 0.344444
327 4 0.467187 0.730556 0.568750 1.008333 0.753125 1.233333
323 4 0.376563 0.130556 0.409375 0.177778 0.581250 0.219444
310 4 0.079687 0.550000 0.201563 0.791667 0.179688 0.947222
125 4 0.221875 0.119444 0.253125 0.188889 0.348438 0.213889
