340 4 0.398438 0.188889 0.440625 0.269444 0.618750 0.325000
333 4 0.273438 0.030556 0.304688 0.086111 0.426563 0.075000
330 4 0.387500 0.144444 0.417187 0.194444 0.596875 0.244444
327 4 0.439063 0.283333 0.489063 0.386111 0.684375 0.475000
323 4 0.371875 0.108333 0.398438 0.155556 0.571875 0.186111
313 4 0.251563 0.250000 0.290625 0.327778 0.396875 0.413889
310 4 0.159375 0.422222 0.248438 0.611111 0.284375 0.727778
299 5 0.312500 0.072222 0.364063 0.213889 0.495312 0.180556
283 4 0.315625 0.272222 0.360938 0.372222 0.496875 0.461111
281 4 0.256250 0.475000 0.342187 0.672222 0.428125 0.811111
222 4 0.001563 0.711111 0.146875 0.997222 0.076563 1.211111
125 4 0.220312 0.113889 0.256250 0.194444 0.348438 0.211111
