366 4 0.257812 0.147222 0.310937 0.258333 0.414062 0.277778
364 4 0.371875 0.097222 0.400000 0.144444 0.571875 0.169444
363 4 0.275000 0.047222 0.307812 0.119444 0.429688 0.108333
361 4 0.320312 0.147222 0.362500 0.241667 0.501563 0.269444
360 2 0.254688 0.227778 0.404687 0.627778 0.457813 0.544444
356 5 0.256250 0.138889 0.310937 0.255556 0.412500 0.269444
352 5 0.273438 0.033333 0.307812 0.125000 0.426563 0.097222
347 4 0.312500 0.050000 0.335938 0.094444 0.481250 0.097222
340 4 0.448437 0.336111 0.507812 0.469444 0.701562 0.572222
330 4 0.414062 0.211111 0.460938 0.305556 0.645312 0.366667
323 4 0.381250 0.133333 0.415625 0.191667 0.589063 0.227778
313 4 0.153125 0.408333 0.237500 0.572222 0.271875 0.694444
310 4 0.076563 0.552778 0.198437 0.800000 0.176563 0.955556
125 4 0.221875 0.116667 0.253125 0.188889 0.348438 0.211111
