347 4 0.312500 0.025000 0.332813 0.063889 0.479687 0.055556
344 4 0.317188 0.063889 0.337500 0.097222 0.485938 0.113889
341 5 0.271875 0.072222 0.310937 0.144444 0.428125 0.147222
340 4 0.420312 0.230556 0.457813 0.305556 0.648438 0.386111
330 4 0.392188 0.158333 0.429688 0.222222 0.607812 0.269444
327 4 0.448437 0.388889 0.515625 0.536111 0.706250 0.658333
323 4 0.371875 0.105556 0.401562 0.161111 0.573438 0.186111
313 4 0.201563 0.327778 0.267188 0.466667 0.335938 0.561111
310 4 0.098437 0.502778 0.212500 0.752778 0.204687 0.880556
299 5 0.309375 0.125000 0.367188 0.319444 0.493750 0.286111
283 4 0.259375 0.466667 0.345313 0.655556 0.432812 0.794444
125 4 0.218750 0.113889 0.256250 0.191667 0.348438 0.211111
