344 4 0.314063 0.050000 0.334375 0.097222 0.481250 0.100000
343 4 0.345313 0.022222 0.367188 0.066667 0.528125 0.058333
341 5 0.270313 0.058333 0.306250 0.130556 0.423438 0.125000
330 4 0.392188 0.161111 0.425000 0.213889 0.604688 0.266667
327 4 0.442188 0.336111 0.510938 0.486111 0.698438 0.580556
323 4 0.373437 0.105556 0.400000 0.161111 0.573438 0.186111
313 4 0.215625 0.311111 0.268750 0.433333 0.350000 0.527778
310 4 0.104688 0.491667 0.225000 0.736111 0.217188 0.861111
299 5 0.310937 0.102778 0.368750 0.288889 0.496875 0.250000
283 4 0.285938 0.411111 0.346875 0.558333 0.460938 0.691667
125 4 0.221875 0.116667 0.253125 0.188889 0.348438 0.213889
