344 4 0.314063 0.050000 0.334375 0.097222 0.481250 0.100000
343 4 0.345313 0.025000 0.367188 0.066667 0.528125 0.058333
341 5 0.270313 0.058333 0.307812 0.133333 0.423438 0.127778
333 4 0.271875 0.061111 0.309375 0.130556 0.426563 0.127778
330 4 0.392188 0.158333 0.425000 0.213889 0.604688 0.266667
327 4 0.442188 0.336111 0.509375 0.483333 0.696875 0.577778
323 4 0.373437 0.105556 0.400000 0.163889 0.573438 0.188889
313 4 0.217188 0.308333 0.270313 0.430556 0.351562 0.525000
310 4 0.107813 0.497222 0.223438 0.730556 0.220312 0.861111
299 5 0.312500 0.102778 0.368750 0.288889 0.496875 0.250000
283 4 0.287500 0.408333 0.346875 0.552778 0.460938 0.686111
222 4 0.000000 0.852778 0.084375 1.000000 0.042188 1.352778
125 4 0.221875 0.116667 0.253125 0.191667 0.348438 0.211111
