364 4 0.370312 0.091667 0.400000 0.133333 0.570312 0.161111
363 4 0.275000 0.027778 0.306250 0.094444 0.429688 0.075000
362 2 0.275000 0.194444 0.364063 0.494444 0.457813 0.441667
361 4 0.326562 0.141667 0.356250 0.200000 0.504687 0.241667
360 4 0.276562 0.194444 0.362500 0.488889 0.457813 0.438889
352 5 0.275000 0.025000 0.306250 0.097222 0.428125 0.075000
347 4 0.312500 0.041667 0.334375 0.080556 0.479687 0.083333
344 4 0.317188 0.083333 0.340625 0.127778 0.487500 0.147222
340 4 0.440625 0.297222 0.495312 0.405556 0.689063 0.500000
333 5 0.262500 0.125000 0.310937 0.225000 0.417187 0.238889
330 4 0.403125 0.200000 0.450000 0.277778 0.628125 0.338889
327 4 0.468750 0.700000 0.568750 1.005556 0.753125 1.202778
323 4 0.376563 0.127778 0.409375 0.177778 0.581250 0.216667
310 4 0.081250 0.547222 0.201563 0.791667 0.182812 0.944444
125 4 0.221875 0.116667 0.254688 0.188889 0.350000 0.211111
