333 4 0.276562 0.030556 0.304688 0.080556 0.429688 0.069444
330 4 0.385937 0.147222 0.412500 0.194444 0.592187 0.244444
327 4 0.435937 0.275000 0.487500 0.377778 0.679688 0.463889
313 4 0.253125 0.233333 0.293750 0.319444 0.400000 0.394444
310 4 0.162500 0.419444 0.246875 0.602778 0.287500 0.719444
299 5 0.312500 0.075000 0.362500 0.208333 0.493750 0.177778
283 4 0.315625 0.258333 0.362500 0.358333 0.496875 0.438889
281 4 0.267188 0.463889 0.342187 0.638889 0.439063 0.783333
222 4 0.000000 0.697222 0.154688 0.997222 0.078125 1.197222
125 4 0.220312 0.113889 0.254688 0.197222 0.348438 0.213889
