352 4 0.279687 0.019444 0.301563 0.061111 0.431250 0.050000
351 4 0.306250 0.000000 0.325000 0.027778 0.468750 0.013889
347 4 0.310937 0.027778 0.332813 0.069444 0.478125 0.063889
344 4 0.315625 0.063889 0.337500 0.108333 0.484375 0.119444
341 5 0.270313 0.088889 0.309375 0.169444 0.425000 0.175000
340 4 0.426563 0.236111 0.470313 0.336111 0.662500 0.402778
330 4 0.395313 0.158333 0.435937 0.258333 0.614062 0.288889
327 4 0.457813 0.450000 0.526563 0.625000 0.721875 0.763889
323 4 0.373437 0.105556 0.401562 0.163889 0.573438 0.188889
313 4 0.192188 0.358333 0.260937 0.491667 0.323437 0.605556
310 4 0.079687 0.527778 0.206250 0.777778 0.182812 0.919444
299 4 0.300000 0.144444 0.365625 0.358333 0.482812 0.325000
283 4 0.218750 0.588889 0.315625 0.819444 0.376563 1.000000
125 4 0.221875 0.119444 0.254688 0.188889 0.350000 0.213889
