333 4 0.276562 0.027778 0.306250 0.080556 0.429688 0.069444
330 4 0.385937 0.147222 0.414062 0.194444 0.593750 0.244444
327 4 0.435937 0.275000 0.485938 0.377778 0.679688 0.463889
313 4 0.251563 0.236111 0.293750 0.319444 0.400000 0.394444
310 4 0.165625 0.413889 0.248438 0.597222 0.290625 0.713889
299 5 0.312500 0.075000 0.362500 0.208333 0.493750 0.180556
283 4 0.315625 0.258333 0.362500 0.355556 0.496875 0.436111
281 4 0.270313 0.458333 0.342187 0.633333 0.442188 0.775000
222 4 0.000000 0.694444 0.156250 0.997222 0.078125 1.194444
125 4 0.220312 0.113889 0.254688 0.197222 0.348438 0.213889
