343 4 0.340625 0.011111 0.364063 0.058333 0.523438 0.041667
341 5 0.273438 0.025000 0.307812 0.100000 0.428125 0.075000
340 4 0.395313 0.194444 0.448437 0.277778 0.620313 0.333333
330 4 0.387500 0.147222 0.420312 0.200000 0.598437 0.250000
327 4 0.443750 0.297222 0.498437 0.416667 0.693750 0.505556
323 4 0.371875 0.111111 0.400000 0.158333 0.571875 0.191667
313 4 0.235937 0.266667 0.284375 0.369444 0.378125 0.452778
310 4 0.143750 0.461111 0.235937 0.655556 0.262500 0.788889
299 5 0.312500 0.080556 0.365625 0.238889 0.495312 0.200000
283 4 0.307812 0.302778 0.357812 0.427778 0.487500 0.516667
281 4 0.214062 0.616667 0.312500 0.855556 0.370312 1.047222
222 4 0.001563 0.772222 0.121875 0.997222 0.062500 1.269444
125 4 0.220312 0.116667 0.256250 0.219444 0.348438 0.225000
