364 4 0.371875 0.094444 0.398438 0.138889 0.570312 0.163889
363 4 0.276562 0.036111 0.306250 0.105556 0.429688 0.088889
361 4 0.326562 0.150000 0.359375 0.222222 0.506250 0.261111
356 5 0.259375 0.136111 0.310937 0.244444 0.415625 0.261111
352 5 0.273438 0.030556 0.307812 0.108333 0.428125 0.086111
347 4 0.314063 0.047222 0.335938 0.086111 0.482812 0.091667
344 4 0.315625 0.080556 0.343750 0.138889 0.487500 0.152778
340 4 0.443750 0.297222 0.501563 0.450000 0.695312 0.522222
330 4 0.409375 0.216667 0.459375 0.291667 0.640625 0.361111
323 4 0.378125 0.130556 0.412500 0.180556 0.585938 0.222222
313 4 0.156250 0.397222 0.242188 0.572222 0.276562 0.686111
310 4 0.078125 0.555556 0.200000 0.797222 0.178125 0.955556
125 4 0.223438 0.113889 0.253125 0.188889 0.350000 0.211111
