344 4 0.314063 0.050000 0.332813 0.088889 0.481250 0.094444
343 4 0.343750 0.022222 0.364063 0.061111 0.526563 0.052778
341 5 0.271875 0.030556 0.309375 0.122222 0.426563 0.091667
340 4 0.400000 0.208333 0.453125 0.280556 0.626563 0.350000
330 4 0.389062 0.152778 0.425000 0.208333 0.603125 0.258333
327 4 0.450000 0.336111 0.507812 0.461111 0.704688 0.566667
323 4 0.373437 0.105556 0.401562 0.161111 0.573438 0.186111
313 4 0.225000 0.294444 0.278125 0.408333 0.365625 0.500000
310 4 0.123438 0.477778 0.223438 0.691667 0.234375 0.822222
299 5 0.312500 0.111111 0.368750 0.263889 0.496875 0.244444
283 4 0.296875 0.369444 0.351562 0.497222 0.473438 0.619444
281 4 0.156250 0.763889 0.285938 1.008333 0.300000 1.269444
222 4 0.000000 0.836111 0.098437 1.000000 0.050000 1.336111
125 4 0.220312 0.122222 0.256250 0.208333 0.350000 0.225000
