349 4 0.346875 0.030556 0.368750 0.069444 0.531250 0.066667
347 4 0.312500 0.025000 0.332813 0.063889 0.479687 0.058333
344 4 0.317188 0.063889 0.337500 0.102778 0.485938 0.116667
341 5 0.270313 0.077778 0.310937 0.155556 0.426563 0.155556
330 4 0.395313 0.163889 0.432812 0.241667 0.610938 0.286111
327 4 0.454688 0.413889 0.520312 0.566667 0.715625 0.697222
323 4 0.371875 0.102778 0.401562 0.163889 0.573438 0.186111
313 4 0.198437 0.341667 0.259375 0.477778 0.328125 0.580556
310 4 0.085938 0.519444 0.210938 0.766667 0.192188 0.902778
299 4 0.307812 0.136111 0.367188 0.336111 0.492188 0.302778
283 4 0.243750 0.525000 0.331250 0.725000 0.409375 0.886111
125 4 0.220312 0.113889 0.257812 0.194444 0.350000 0.211111
