341 5 0.270313 0.047222 0.307812 0.130556 0.425000 0.113889
340 4 0.407813 0.211111 0.453125 0.280556 0.634375 0.352778
333 4 0.271875 0.058333 0.307812 0.125000 0.425000 0.119444
330 4 0.390625 0.152778 0.426563 0.211111 0.604688 0.258333
327 4 0.443750 0.336111 0.509375 0.472222 0.700000 0.572222
323 4 0.371875 0.100000 0.401562 0.163889 0.573438 0.183333
313 4 0.218750 0.300000 0.273438 0.419444 0.354687 0.511111
310 4 0.115625 0.500000 0.220312 0.719444 0.226562 0.861111
299 5 0.312500 0.091667 0.368750 0.266667 0.496875 0.227778
283 4 0.289062 0.377778 0.351562 0.530556 0.465625 0.641667
222 4 0.000000 0.850000 0.085938 0.997222 0.042188 1.350000
125 4 0.220312 0.116667 0.256250 0.222222 0.348438 0.230556
