344 4 0.314063 0.050000 0.335938 0.094444 0.482812 0.097222
343 4 0.345313 0.022222 0.365625 0.066667 0.528125 0.058333
341 5 0.270313 0.061111 0.307812 0.138889 0.423438 0.130556
340 4 0.412500 0.213889 0.453125 0.283333 0.639062 0.355556
333 4 0.270313 0.061111 0.309375 0.133333 0.425000 0.127778
330 4 0.390625 0.158333 0.425000 0.211111 0.603125 0.263889
327 4 0.442188 0.336111 0.509375 0.477778 0.698438 0.575000
323 4 0.373437 0.105556 0.400000 0.163889 0.573438 0.188889
313 4 0.218750 0.308333 0.271875 0.427778 0.354687 0.522222
310 4 0.110937 0.500000 0.221875 0.725000 0.221875 0.863889
299 5 0.310937 0.102778 0.368750 0.286111 0.495312 0.247222
283 4 0.287500 0.405556 0.348438 0.547222 0.462500 0.680556
222 4 0.000000 0.850000 0.087500 0.997222 0.043750 1.350000
125 4 0.221875 0.113889 0.253125 0.191667 0.348438 0.211111
