377 4 0.359375 0.066667 0.382812 0.097222 0.551562 0.113889
375 4 0.351562 0.044444 0.375000 0.083333 0.539062 0.086111
371 4 0.048438 0.163889 0.981250 1.055556 0.540625 0.691667
367 4 0.362500 0.083333 0.387500 0.125000 0.556250 0.147222
366 5 0.246875 0.200000 0.306250 0.313889 0.401562 0.355556
364 4 0.376563 0.122222 0.409375 0.175000 0.582812 0.211111
361 4 0.323437 0.213889 0.368750 0.302778 0.509375 0.366667
352 5 0.270313 0.072222 0.307812 0.163889 0.425000 0.155556
347 4 0.315625 0.066667 0.339062 0.111111 0.485938 0.122222
344 4 0.318750 0.116667 0.348438 0.177778 0.493750 0.205556
330 4 0.432812 0.269444 0.484375 0.366667 0.675000 0.452778
323 4 0.393750 0.169444 0.431250 0.227778 0.609375 0.286111
125 4 0.217188 0.125000 0.260937 0.200000 0.348438 0.225000
