344 4 0.314063 0.047222 0.335938 0.091667 0.482812 0.094444
343 4 0.342187 0.019444 0.365625 0.063889 0.525000 0.052778
341 5 0.271875 0.027778 0.309375 0.116667 0.426563 0.086111
340 4 0.403125 0.208333 0.450000 0.277778 0.628125 0.347222
333 4 0.273438 0.050000 0.307812 0.116667 0.428125 0.108333
330 4 0.389062 0.152778 0.423438 0.205556 0.601562 0.255556
327 4 0.448437 0.311111 0.501563 0.455556 0.698438 0.541667
323 4 0.371875 0.108333 0.400000 0.161111 0.571875 0.188889
313 4 0.228125 0.286111 0.278125 0.397222 0.367188 0.486111
310 4 0.126562 0.486111 0.228125 0.683333 0.242188 0.827778
299 5 0.312500 0.091667 0.368750 0.263889 0.496875 0.225000
283 4 0.300000 0.350000 0.353125 0.477778 0.476562 0.588889
281 4 0.167187 0.725000 0.293750 1.011111 0.314063 1.230556
222 4 0.001563 0.819444 0.104688 1.000000 0.054688 1.322222
125 4 0.221875 0.116667 0.254688 0.197222 0.350000 0.213889
