343 4 0.343750 0.022222 0.365625 0.063889 0.528125 0.055556
341 5 0.271875 0.027778 0.309375 0.122222 0.426563 0.088889
340 4 0.400000 0.208333 0.454688 0.280556 0.628125 0.347222
330 4 0.389062 0.152778 0.425000 0.205556 0.601562 0.255556
327 4 0.448437 0.336111 0.507812 0.461111 0.703125 0.566667
323 4 0.371875 0.102778 0.401562 0.161111 0.573438 0.183333
313 4 0.225000 0.297222 0.278125 0.411111 0.364063 0.502778
310 4 0.121875 0.475000 0.225000 0.694444 0.234375 0.822222
299 5 0.312500 0.102778 0.368750 0.263889 0.496875 0.236111
283 4 0.295312 0.375000 0.350000 0.505556 0.470313 0.627778
281 4 0.153125 0.780556 0.279687 1.008333 0.293750 1.286111
222 4 0.000000 0.838889 0.095312 1.000000 0.048438 1.338889
125 4 0.220312 0.122222 0.256250 0.213889 0.348438 0.230556
