33 4 0.312500 0.013889 0.331250 0.050000 0.478125 0.038889
32 4 0.253125 0.072222 0.270313 0.116667 0.389062 0.130556
31 5 0.271875 0.077778 0.306250 0.147222 0.425000 0.150000
25 4 0.364063 0.072222 0.390625 0.113889 0.559375 0.130556
24 4 0.392188 0.125000 0.421875 0.175000 0.603125 0.213889
23 4 0.320312 0.066667 0.343750 0.111111 0.493750 0.122222
22 4 0.325000 0.122222 0.354687 0.186111 0.503125 0.216667
19 4 0.309375 0.222222 0.345313 0.308333 0.481250 0.377778
16 4 0.281250 0.350000 0.332813 0.469444 0.448437 0.586111
5 4 0.223438 0.116667 0.257812 0.188889 0.353125 0.213889
