377 4 0.359375 0.066667 0.382812 0.097222 0.551562 0.116667
375 4 0.351562 0.044444 0.375000 0.083333 0.539062 0.086111
371 4 0.034375 0.191667 0.985938 1.047222 0.526563 0.716667
367 4 0.364063 0.083333 0.387500 0.125000 0.557813 0.147222
366 5 0.246875 0.197222 0.306250 0.316667 0.400000 0.355556
364 4 0.378125 0.122222 0.409375 0.175000 0.584375 0.211111
361 4 0.321875 0.216667 0.367188 0.308333 0.506250 0.372222
352 5 0.270313 0.072222 0.307812 0.163889 0.425000 0.155556
347 4 0.315625 0.066667 0.339062 0.111111 0.485938 0.122222
344 4 0.320312 0.116667 0.348438 0.177778 0.493750 0.205556
330 4 0.432812 0.272222 0.485938 0.369444 0.675000 0.455556
323 4 0.393750 0.172222 0.432812 0.230556 0.610938 0.288889
125 4 0.217188 0.125000 0.260937 0.200000 0.348438 0.225000
