378 4 0.023438 0.388889 0.354687 1.008333 0.201563 0.894444
367 4 0.365625 0.086111 0.390625 0.127778 0.560937 0.152778
366 5 0.243750 0.202778 0.303125 0.330556 0.395313 0.366667
364 4 0.379688 0.122222 0.410938 0.177778 0.585938 0.211111
361 4 0.325000 0.238889 0.365625 0.322222 0.507812 0.400000
352 5 0.267188 0.075000 0.306250 0.175000 0.421875 0.163889
347 4 0.314063 0.072222 0.339062 0.119444 0.484375 0.133333
344 4 0.315625 0.122222 0.348438 0.186111 0.490625 0.216667
330 4 0.431250 0.277778 0.489063 0.383333 0.676562 0.472222
323 4 0.395313 0.177778 0.435937 0.241667 0.614062 0.300000
125 4 0.215625 0.122222 0.259375 0.200000 0.345313 0.222222
