364 4 0.370312 0.091667 0.400000 0.130556 0.570312 0.158333
362 2 0.278125 0.188889 0.364063 0.483333 0.459375 0.430556
361 4 0.328125 0.141667 0.356250 0.194444 0.506250 0.238889
360 4 0.276562 0.191667 0.360938 0.483333 0.457813 0.433333
352 4 0.275000 0.025000 0.306250 0.094444 0.428125 0.075000
347 4 0.312500 0.041667 0.334375 0.080556 0.479687 0.083333
344 4 0.315625 0.083333 0.340625 0.125000 0.485938 0.147222
340 4 0.442188 0.297222 0.495312 0.400000 0.689063 0.497222
333 5 0.262500 0.125000 0.309375 0.227778 0.417187 0.241667
330 4 0.401562 0.197222 0.448437 0.275000 0.626563 0.336111
327 4 0.468750 0.683333 0.567187 0.991667 0.753125 1.180556
323 4 0.376563 0.127778 0.409375 0.177778 0.581250 0.216667
310 4 0.082812 0.547222 0.201563 0.786111 0.182812 0.941667
125 4 0.221875 0.116667 0.253125 0.188889 0.348438 0.211111
