355 4 0.265625 0.097222 0.306250 0.133333 0.418750 0.163889
353 4 0.306250 0.000000 0.326562 0.033333 0.470313 0.016667
352 4 0.278125 0.027778 0.304688 0.077778 0.431250 0.066667
347 4 0.309375 0.033333 0.339062 0.075000 0.479687 0.069444
344 4 0.314063 0.072222 0.340625 0.116667 0.484375 0.130556
333 5 0.264062 0.094444 0.309375 0.191667 0.418750 0.188889
330 4 0.395313 0.169444 0.445312 0.277778 0.618750 0.308333
327 4 0.459375 0.538889 0.535937 0.738889 0.726562 0.908333
323 4 0.375000 0.119444 0.404687 0.169444 0.576562 0.205556
313 4 0.176563 0.380556 0.248438 0.519444 0.301563 0.641667
310 4 0.079687 0.552778 0.204687 0.780556 0.182812 0.944444
283 4 0.159375 0.708333 0.296875 1.008333 0.307812 1.213889
125 4 0.220312 0.116667 0.254688 0.188889 0.348438 0.213889
