333 4 0.275000 0.030556 0.304688 0.083333 0.428125 0.072222
330 4 0.385937 0.144444 0.415625 0.197222 0.593750 0.244444
327 4 0.437500 0.277778 0.487500 0.380556 0.681250 0.469444
313 4 0.251563 0.238889 0.292187 0.322222 0.398438 0.400000
310 4 0.160938 0.419444 0.246875 0.605556 0.284375 0.722222
299 5 0.312500 0.075000 0.362500 0.211111 0.493750 0.180556
283 4 0.315625 0.261111 0.362500 0.361111 0.496875 0.444444
281 4 0.262500 0.463889 0.342187 0.647222 0.434375 0.786111
222 4 0.000000 0.700000 0.153125 0.997222 0.076563 1.200000
125 4 0.220312 0.113889 0.254688 0.194444 0.348438 0.211111
