347 4 0.312500 0.025000 0.332813 0.066667 0.479687 0.058333
344 4 0.315625 0.063889 0.339062 0.105556 0.485938 0.116667
341 5 0.270313 0.077778 0.310937 0.158333 0.426563 0.158333
333 4 0.271875 0.080556 0.310937 0.158333 0.426563 0.161111
330 4 0.395313 0.166667 0.435937 0.255556 0.612500 0.294444
327 4 0.456250 0.427778 0.521875 0.583333 0.718750 0.719444
323 4 0.373437 0.102778 0.401562 0.163889 0.575000 0.186111
313 4 0.196875 0.341667 0.262500 0.480556 0.328125 0.583333
310 4 0.082812 0.516667 0.210938 0.769444 0.189062 0.902778
299 4 0.307812 0.141667 0.365625 0.338889 0.490625 0.311111
283 4 0.235937 0.547222 0.325000 0.752778 0.398438 0.925000
125 4 0.220312 0.116667 0.256250 0.191667 0.350000 0.211111
