352 4 0.278125 0.016667 0.303125 0.066667 0.429688 0.050000
347 4 0.310937 0.030556 0.334375 0.069444 0.478125 0.066667
344 4 0.314063 0.066667 0.339062 0.111111 0.484375 0.122222
341 4 0.268750 0.100000 0.310937 0.180556 0.425000 0.188889
340 4 0.429688 0.250000 0.473438 0.347222 0.667188 0.425000
333 5 0.267188 0.091667 0.310937 0.180556 0.423438 0.183333
330 4 0.393750 0.158333 0.440625 0.272222 0.615625 0.294444
327 4 0.459375 0.483333 0.529687 0.658333 0.725000 0.813889
323 4 0.373437 0.111111 0.401562 0.166667 0.575000 0.194444
313 4 0.184375 0.372222 0.253125 0.505556 0.310937 0.625000
310 4 0.075000 0.525000 0.206250 0.783333 0.179688 0.919444
299 4 0.298438 0.152778 0.364063 0.375000 0.481250 0.338889
283 4 0.200000 0.616667 0.309375 0.891667 0.356250 1.063889
125 4 0.220312 0.116667 0.256250 0.191667 0.348438 0.213889
