33 4 0.312500 0.013889 0.331250 0.050000 0.478125 0.038889
32 4 0.251563 0.072222 0.270313 0.113889 0.387500 0.130556
31 5 0.271875 0.080556 0.306250 0.147222 0.425000 0.155556
30 4 0.275000 0.033333 0.303125 0.075000 0.426563 0.072222
25 4 0.364063 0.075000 0.392188 0.113889 0.560937 0.130556
24 4 0.392188 0.125000 0.423438 0.177778 0.603125 0.213889
23 4 0.320312 0.066667 0.343750 0.113889 0.492188 0.125000
22 4 0.325000 0.127778 0.356250 0.191667 0.503125 0.222222
19 4 0.307812 0.227778 0.345313 0.313889 0.481250 0.386111
16 4 0.279687 0.358333 0.332813 0.480556 0.445312 0.597222
5 4 0.223438 0.119444 0.260937 0.191667 0.353125 0.216667
