344 4 0.314063 0.047222 0.335938 0.091667 0.482812 0.094444
343 4 0.342187 0.016667 0.364063 0.063889 0.525000 0.050000
341 5 0.273438 0.027778 0.309375 0.116667 0.428125 0.088889
340 4 0.403125 0.205556 0.450000 0.275000 0.628125 0.344444
333 4 0.273438 0.047222 0.307812 0.116667 0.428125 0.108333
330 4 0.387500 0.150000 0.423438 0.205556 0.600000 0.252778
327 4 0.446875 0.300000 0.501563 0.450000 0.698438 0.525000
323 4 0.371875 0.105556 0.400000 0.161111 0.571875 0.188889
313 4 0.228125 0.283333 0.278125 0.394444 0.367188 0.480556
310 4 0.129688 0.483333 0.231250 0.683333 0.245312 0.825000
299 5 0.312500 0.094444 0.368750 0.266667 0.496875 0.227778
283 4 0.300000 0.347222 0.353125 0.475000 0.478125 0.586111
281 4 0.168750 0.711111 0.296875 1.008333 0.317188 1.213889
222 4 0.001563 0.816667 0.104688 1.000000 0.054688 1.319444
125 4 0.221875 0.113889 0.254688 0.194444 0.350000 0.213889
