47 4 0.318750 0.050000 0.340625 0.083333 0.489063 0.094444
45 4 0.276562 0.044444 0.303125 0.094444 0.429688 0.094444
43 5 0.254688 0.186111 0.306250 0.291667 0.407813 0.330556
38 4 0.362500 0.061111 0.384375 0.097222 0.554688 0.111111
37 4 0.325000 0.080556 0.346875 0.122222 0.500000 0.141667
30 4 0.275000 0.094444 0.307812 0.144444 0.429688 0.166667
24 4 0.439063 0.272222 0.485938 0.375000 0.682813 0.458333
23 4 0.317188 0.202778 0.360938 0.291667 0.498437 0.350000
22 4 0.284375 0.372222 0.340625 0.494444 0.454688 0.619444
5 4 0.223438 0.125000 0.264062 0.188889 0.356250 0.219444
