47 4 0.317188 0.050000 0.340625 0.083333 0.487500 0.091667
45 5 0.276562 0.036111 0.303125 0.091667 0.428125 0.083333
43 5 0.256250 0.183333 0.307812 0.288889 0.409375 0.327778
38 4 0.362500 0.058333 0.384375 0.097222 0.554688 0.108333
37 4 0.325000 0.077778 0.346875 0.119444 0.500000 0.138889
30 4 0.275000 0.091667 0.307812 0.141667 0.429688 0.163889
25 4 0.407813 0.161111 0.443750 0.225000 0.629687 0.275000
24 4 0.439063 0.266667 0.485938 0.366667 0.681250 0.450000
23 4 0.317188 0.200000 0.360938 0.288889 0.498437 0.344444
22 4 0.285938 0.361111 0.342187 0.480556 0.457813 0.602778
5 4 0.223438 0.122222 0.262500 0.188889 0.354687 0.216667
