50 4 0.339062 0.008333 0.360938 0.038889 0.520312 0.027778
49 4 0.275000 0.036111 0.303125 0.094444 0.426563 0.083333
47 4 0.318750 0.052778 0.342187 0.086111 0.490625 0.097222
43 5 0.253125 0.188889 0.306250 0.297222 0.406250 0.338889
38 4 0.364063 0.063889 0.387500 0.102778 0.557813 0.113889
37 4 0.326562 0.080556 0.346875 0.125000 0.500000 0.144444
30 4 0.276562 0.100000 0.306250 0.147222 0.429688 0.175000
25 4 0.407813 0.161111 0.446875 0.236111 0.632812 0.280556
24 4 0.440625 0.280556 0.489063 0.386111 0.685937 0.472222
23 4 0.317188 0.211111 0.362500 0.300000 0.498437 0.361111
22 4 0.278125 0.388889 0.337500 0.519444 0.446875 0.650000
5 4 0.221875 0.125000 0.262500 0.188889 0.354687 0.219444
