469 4 0.337500 0.011111 0.360938 0.047222 0.518750 0.036111
468 4 0.392188 0.147222 0.426563 0.205556 0.606250 0.250000
467 4 0.425000 0.238889 0.470313 0.316667 0.660937 0.397222
466 4 0.362500 0.072222 0.389062 0.113889 0.557813 0.130556
462 4 0.307812 0.044444 0.334375 0.086111 0.475000 0.088889
452 4 0.314063 0.111111 0.346875 0.175000 0.489063 0.200000
450 4 0.257812 0.141667 0.314063 0.261111 0.415625 0.275000
448 4 0.309375 0.350000 0.364063 0.477778 0.492188 0.588889
443 4 0.226562 0.283333 0.284375 0.397222 0.368750 0.483333
125 4 0.221875 0.119444 0.254688 0.188889 0.350000 0.213889
