478 4 0.357812 0.061111 0.382812 0.105556 0.550000 0.113889
476 4 0.396875 0.136111 0.429688 0.213889 0.610938 0.244444
475 4 0.314063 0.111111 0.350000 0.177778 0.489063 0.202778
470 4 0.101562 0.500000 0.218750 0.697222 0.210938 0.850000
468 4 0.432812 0.263889 0.481250 0.369444 0.673438 0.450000
467 4 0.465625 0.425000 0.532813 0.586111 0.731250 0.719444
452 4 0.317188 0.258333 0.359375 0.344444 0.496875 0.430556
450 4 0.228125 0.294444 0.281250 0.413889 0.368750 0.502778
448 4 0.157812 0.813889 0.287500 1.008333 0.301563 1.316667
125 4 0.220312 0.116667 0.254688 0.191667 0.348438 0.213889
