129 4 0.334375 0.002778 0.357812 0.033333 0.514062 0.019444
128 4 0.353125 0.038889 0.376563 0.077778 0.540625 0.080556
126 4 0.314063 0.041667 0.337500 0.080556 0.482812 0.080556
125 4 0.221875 0.119444 0.254688 0.191667 0.350000 0.216667
123 4 0.279687 0.255556 0.328125 0.338889 0.443750 0.425000
119 5 0.000000 0.277778 0.284375 1.000000 0.142187 0.777778
118 4 0.275000 0.102778 0.306250 0.172222 0.429688 0.188889
117 4 0.275000 0.427778 0.342187 0.591667 0.446875 0.725000
114 5 0.325000 0.108333 0.360938 0.211111 0.506250 0.213889
103 4 0.442188 0.269444 0.492188 0.391667 0.687500 0.466667
