178 4 0.276562 0.033333 0.301563 0.066667 0.428125 0.066667
171 4 0.326562 0.208333 0.370312 0.291667 0.512500 0.355556
170 4 0.267188 0.127778 0.304688 0.183333 0.420312 0.219444
169 4 0.223438 0.480556 0.332813 0.727778 0.390625 0.844444
162 4 0.265625 0.191667 0.304688 0.261111 0.418750 0.322222
157 4 0.312500 0.305556 0.362500 0.427778 0.493750 0.519444
153 5 0.312500 0.077778 0.357812 0.197222 0.490625 0.177778
150 4 0.203125 0.338889 0.264062 0.455556 0.334375 0.566667
147 4 0.409375 0.169444 0.465625 0.286111 0.642188 0.313889
144 4 0.456250 0.472222 0.515625 0.641667 0.714063 0.794444
138 4 0.000000 0.588889 0.173437 0.891667 0.087500 1.036111
128 4 0.437500 0.297222 0.504687 0.458333 0.690625 0.525000
125 4 0.220312 0.119444 0.256250 0.191667 0.348438 0.216667
