171 4 0.320312 0.186111 0.367188 0.275000 0.504687 0.325000
170 4 0.268750 0.083333 0.304688 0.138889 0.421875 0.152778
169 4 0.271875 0.369444 0.351562 0.566667 0.448437 0.652778
164 4 0.126562 0.577778 0.301563 1.002778 0.278125 1.080556
162 4 0.270313 0.141667 0.307812 0.205556 0.425000 0.244444
157 4 0.318750 0.263889 0.362500 0.361111 0.500000 0.444444
153 5 0.312500 0.069444 0.350000 0.161111 0.487500 0.150000
150 4 0.235937 0.258333 0.285938 0.352778 0.379688 0.436111
147 4 0.401562 0.155556 0.460938 0.277778 0.632812 0.297222
144 4 0.456250 0.402778 0.510938 0.550000 0.712500 0.677778
138 4 0.115625 0.447222 0.220312 0.663889 0.226562 0.780556
128 4 0.434375 0.277778 0.496875 0.413889 0.682813 0.486111
125 4 0.220312 0.116667 0.254688 0.188889 0.348438 0.211111
103 4 0.467187 0.605556 0.556250 0.916667 0.745313 1.066667
