178 4 0.276562 0.019444 0.300000 0.058333 0.426563 0.050000
171 4 0.317188 0.197222 0.368750 0.291667 0.501563 0.341667
170 4 0.271875 0.102778 0.303125 0.166667 0.423438 0.188889
169 4 0.243750 0.438889 0.343750 0.663889 0.415625 0.772222
164 4 0.004687 0.747222 0.268750 1.000000 0.139063 1.250000
162 4 0.273438 0.175000 0.304688 0.241667 0.426563 0.297222
157 4 0.312500 0.294444 0.362500 0.405556 0.493750 0.497222
153 5 0.318750 0.083333 0.354687 0.186111 0.495312 0.177778
150 4 0.214062 0.300000 0.271875 0.416667 0.350000 0.511111
147 4 0.406250 0.161111 0.464062 0.277778 0.639062 0.300000
144 4 0.454688 0.450000 0.514062 0.616667 0.712500 0.758333
138 4 0.053125 0.547222 0.184375 0.808333 0.145313 0.952778
128 4 0.440625 0.283333 0.500000 0.444444 0.690625 0.505556
125 4 0.221875 0.119444 0.254688 0.188889 0.350000 0.213889
103 4 0.465625 0.783333 0.564063 1.005556 0.746875 1.286111
