187 5 0.409375 0.169444 0.473438 0.300000 0.646875 0.319444
185 5 0.320312 0.111111 0.360938 0.216667 0.500000 0.219444
178 4 0.281250 0.052778 0.303125 0.088889 0.432812 0.097222
171 4 0.329688 0.230556 0.367188 0.322222 0.514062 0.394444
170 4 0.264062 0.141667 0.304688 0.216667 0.415625 0.250000
169 4 0.159375 0.613889 0.306250 0.950000 0.312500 1.091667
162 4 0.257812 0.225000 0.306250 0.302778 0.410938 0.377778
157 4 0.303125 0.377778 0.359375 0.511111 0.482812 0.633333
153 4 0.321875 0.116667 0.359375 0.213889 0.503125 0.222222
150 4 0.159375 0.400000 0.243750 0.552778 0.282813 0.677778
147 4 0.410938 0.169444 0.473438 0.300000 0.646875 0.319444
144 4 0.451562 0.508333 0.518750 0.697222 0.710938 0.858333
138 4 0.001563 0.733333 0.112500 1.000000 0.057813 1.233333
128 4 0.448437 0.341667 0.514062 0.513889 0.706250 0.600000
125 4 0.220312 0.116667 0.256250 0.194444 0.348438 0.216667
