171 4 0.320312 0.188889 0.367188 0.280556 0.504687 0.330556
170 4 0.271875 0.097222 0.303125 0.152778 0.423438 0.175000
169 4 0.262500 0.388889 0.350000 0.597222 0.437500 0.688889
164 4 0.040625 0.625000 0.276562 1.013889 0.179688 1.133333
162 4 0.273438 0.152778 0.306250 0.216667 0.426563 0.261111
157 4 0.314063 0.275000 0.362500 0.372222 0.495312 0.461111
153 5 0.312500 0.077778 0.350000 0.172222 0.487500 0.166667
150 4 0.229687 0.280556 0.281250 0.375000 0.370312 0.469444
147 4 0.403125 0.158333 0.462500 0.275000 0.634375 0.297222
144 4 0.456250 0.416667 0.514062 0.566667 0.714063 0.700000
138 4 0.096875 0.483333 0.218750 0.716667 0.206250 0.841667
128 4 0.434375 0.277778 0.495312 0.422222 0.682813 0.488889
125 4 0.221875 0.119444 0.254688 0.188889 0.350000 0.216667
103 4 0.467187 0.633333 0.568750 1.005556 0.751563 1.136111
