169 4 0.298438 0.308333 0.360938 0.447222 0.479687 0.533333
168 5 0.317188 0.038889 0.342187 0.119444 0.489063 0.100000
167 4 0.779687 0.547222 0.907813 0.766667 1.232813 0.933333
164 4 0.214062 0.452778 0.335938 0.811111 0.382812 0.858333
162 4 0.271875 0.091667 0.304688 0.147222 0.425000 0.166667
157 4 0.323437 0.244444 0.362500 0.325000 0.504687 0.408333
153 4 0.317188 0.047222 0.342187 0.116667 0.489063 0.105556
150 4 0.254688 0.194444 0.295312 0.272222 0.403125 0.330556
147 4 0.398438 0.147222 0.456250 0.272222 0.626563 0.283333
144 4 0.457813 0.377778 0.509375 0.516667 0.712500 0.636111
138 4 0.179688 0.347222 0.259375 0.505556 0.309375 0.600000
128 4 0.431250 0.258333 0.485938 0.388889 0.675000 0.452778
125 4 0.223438 0.116667 0.253125 0.188889 0.350000 0.211111
103 4 0.467187 0.555556 0.546875 0.827778 0.740625 0.969444
