171 4 0.318750 0.191667 0.367188 0.286111 0.503125 0.333333
170 4 0.271875 0.097222 0.301563 0.152778 0.423438 0.175000
169 4 0.260937 0.397222 0.350000 0.613889 0.435937 0.705556
164 4 0.006250 0.638889 0.290625 1.013889 0.151562 1.147222
162 4 0.273438 0.158333 0.304688 0.222222 0.426563 0.272222
157 4 0.315625 0.277778 0.364063 0.372222 0.496875 0.463889
153 5 0.312500 0.077778 0.350000 0.172222 0.487500 0.163889
150 4 0.228125 0.286111 0.281250 0.377778 0.368750 0.475000
147 4 0.403125 0.161111 0.462500 0.275000 0.634375 0.300000
144 4 0.454688 0.419444 0.514062 0.577778 0.712500 0.708333
138 4 0.092188 0.491667 0.221875 0.733333 0.204687 0.858333
128 4 0.432812 0.277778 0.493750 0.425000 0.681250 0.488889
125 4 0.221875 0.119444 0.254688 0.188889 0.350000 0.213889
103 4 0.464062 0.663889 0.565625 1.005556 0.746875 1.166667
