168 5 0.317188 0.038889 0.343750 0.119444 0.489063 0.100000
167 4 0.785937 0.538889 0.912500 0.752778 1.242188 0.916667
165 4 0.271875 0.027778 0.303125 0.094444 0.423438 0.077778
164 4 0.215625 0.452778 0.335938 0.808333 0.384375 0.855556
162 4 0.271875 0.091667 0.304688 0.144444 0.425000 0.163889
157 4 0.325000 0.247222 0.362500 0.327778 0.506250 0.411111
153 4 0.317188 0.047222 0.342187 0.116667 0.489063 0.108333
150 4 0.254688 0.194444 0.295312 0.269444 0.403125 0.330556
147 4 0.398438 0.147222 0.456250 0.272222 0.626563 0.283333
144 4 0.456250 0.377778 0.509375 0.516667 0.710938 0.636111
138 4 0.182812 0.347222 0.259375 0.500000 0.312500 0.597222
128 4 0.431250 0.258333 0.485938 0.388889 0.675000 0.455556
125 4 0.223438 0.116667 0.253125 0.188889 0.350000 0.211111
103 4 0.467187 0.555556 0.546875 0.827778 0.740625 0.969444
