169 4 0.298438 0.311111 0.359375 0.458333 0.478125 0.541667
168 4 0.315625 0.038889 0.343750 0.122222 0.489063 0.100000
167 4 0.767188 0.591667 0.890625 0.825000 1.212500 1.005556
164 4 0.209375 0.458333 0.334375 0.833333 0.376563 0.875000
162 4 0.273438 0.100000 0.306250 0.152778 0.426563 0.177778
157 4 0.318750 0.247222 0.362500 0.327778 0.500000 0.413889
153 5 0.315625 0.038889 0.343750 0.122222 0.489063 0.102778
150 4 0.253125 0.200000 0.296875 0.286111 0.401562 0.344444
147 4 0.396875 0.147222 0.456250 0.272222 0.626563 0.283333
144 4 0.454688 0.375000 0.509375 0.519444 0.710938 0.636111
138 4 0.176563 0.358333 0.256250 0.516667 0.304688 0.616667
128 4 0.431250 0.261111 0.487500 0.391667 0.675000 0.458333
125 4 0.221875 0.119444 0.254688 0.188889 0.350000 0.213889
103 4 0.467187 0.552778 0.545312 0.822222 0.739062 0.963889
