178 4 0.276562 0.027778 0.300000 0.063889 0.426563 0.061111
171 4 0.318750 0.197222 0.370312 0.291667 0.503125 0.344444
170 4 0.270313 0.119444 0.303125 0.177778 0.421875 0.208333
169 4 0.235937 0.455556 0.339062 0.694444 0.406250 0.802778
162 4 0.271875 0.183333 0.307812 0.255556 0.425000 0.311111
157 4 0.312500 0.297222 0.362500 0.411111 0.493750 0.502778
153 5 0.315625 0.077778 0.357812 0.194444 0.495312 0.175000
150 4 0.210938 0.316667 0.267188 0.433333 0.345313 0.533333
147 4 0.407813 0.166667 0.465625 0.283333 0.640625 0.308333
144 4 0.454688 0.458333 0.514062 0.627778 0.712500 0.772222
138 4 0.031250 0.561111 0.185938 0.852778 0.125000 0.988889
128 4 0.439063 0.294444 0.500000 0.452778 0.689063 0.519444
125 4 0.221875 0.119444 0.254688 0.188889 0.350000 0.213889
