165 4 0.275000 0.030556 0.304688 0.075000 0.426563 0.069444
164 4 0.242188 0.400000 0.343750 0.722222 0.414062 0.761111
163 4 0.000000 0.852778 0.090625 0.997222 0.045312 1.352778
162 4 0.275000 0.069444 0.306250 0.119444 0.428125 0.130556
157 4 0.320312 0.233333 0.360938 0.311111 0.500000 0.388889
156 5 0.396875 0.138889 0.451562 0.272222 0.623437 0.275000
153 4 0.314063 0.025000 0.340625 0.100000 0.484375 0.075000
152 4 0.329688 0.158333 0.362500 0.230556 0.510938 0.275000
150 4 0.260937 0.152778 0.300000 0.233333 0.410938 0.272222
144 4 0.454688 0.350000 0.509375 0.500000 0.709375 0.600000
138 4 0.212500 0.291667 0.275000 0.436111 0.350000 0.511111
128 4 0.428125 0.247222 0.481250 0.372222 0.668750 0.433333
126 4 0.303125 0.286111 0.360938 0.422222 0.484375 0.497222
125 4 0.221875 0.119444 0.254688 0.188889 0.350000 0.213889
103 4 0.467187 0.550000 0.546875 0.816667 0.740625 0.958333
