182 4 0.250000 0.066667 0.270313 0.116667 0.385937 0.125000
180 5 0.409375 0.166667 0.467187 0.291667 0.643750 0.313889
178 4 0.276562 0.036111 0.303125 0.077778 0.429688 0.077778
171 4 0.325000 0.208333 0.373437 0.302778 0.512500 0.358333
169 4 0.203125 0.519444 0.326562 0.794444 0.367188 0.919444
162 4 0.265625 0.202778 0.307812 0.275000 0.420312 0.341667
157 4 0.310937 0.325000 0.360938 0.452778 0.490625 0.552778
153 5 0.312500 0.088889 0.357812 0.205556 0.492188 0.191667
150 4 0.190625 0.355556 0.257812 0.480556 0.320312 0.597222
147 4 0.409375 0.169444 0.468750 0.288889 0.643750 0.313889
144 4 0.451562 0.491667 0.517188 0.669444 0.710938 0.825000
138 4 0.000000 0.644444 0.164062 0.966667 0.081250 1.130556
128 4 0.442188 0.313889 0.507812 0.477778 0.696875 0.552778
125 4 0.220312 0.119444 0.256250 0.194444 0.348438 0.216667
