170 4 0.270313 0.052778 0.306250 0.111111 0.423438 0.108333
169 4 0.292187 0.330556 0.356250 0.491667 0.470313 0.577778
167 4 0.721875 0.750000 0.845313 1.008333 1.145312 1.255556
164 4 0.185938 0.494444 0.325000 0.911111 0.350000 0.950000
162 4 0.270313 0.111111 0.309375 0.175000 0.425000 0.200000
157 4 0.320312 0.258333 0.364063 0.336111 0.503125 0.425000
153 5 0.317188 0.052778 0.345313 0.136111 0.490625 0.122222
150 4 0.246875 0.222222 0.293750 0.302778 0.393750 0.375000
147 4 0.398438 0.150000 0.457813 0.272222 0.626563 0.286111
144 4 0.456250 0.388889 0.509375 0.525000 0.710938 0.652778
138 4 0.157812 0.386111 0.246875 0.566667 0.281250 0.672222
128 4 0.431250 0.263889 0.489063 0.400000 0.676562 0.463889
125 4 0.221875 0.116667 0.254688 0.191667 0.350000 0.213889
103 4 0.468750 0.563889 0.546875 0.830556 0.742188 0.980556
