171 4 0.321875 0.191667 0.367188 0.275000 0.506250 0.330556
170 4 0.270313 0.088889 0.304688 0.147222 0.423438 0.161111
169 4 0.271875 0.386111 0.350000 0.586111 0.446875 0.680556
164 4 0.118750 0.602778 0.296875 1.000000 0.268750 1.105556
162 4 0.271875 0.147222 0.307812 0.211111 0.426563 0.252778
157 4 0.317188 0.266667 0.362500 0.363889 0.500000 0.450000
153 5 0.312500 0.075000 0.348438 0.163889 0.487500 0.158333
150 4 0.234375 0.263889 0.284375 0.358333 0.376563 0.441667
147 4 0.403125 0.158333 0.462500 0.277778 0.634375 0.297222
144 4 0.456250 0.408333 0.512500 0.561111 0.712500 0.688889
138 4 0.104688 0.452778 0.218750 0.688889 0.214062 0.797222
128 4 0.435937 0.277778 0.495312 0.416667 0.682813 0.486111
125 4 0.221875 0.119444 0.254688 0.188889 0.350000 0.213889
103 4 0.467187 0.605556 0.562500 0.947222 0.748437 1.080556
