165 4 0.273438 0.030556 0.304688 0.080556 0.426563 0.072222
164 4 0.231250 0.411111 0.342187 0.758333 0.401562 0.791667
163 4 0.000000 0.908333 0.059375 0.997222 0.029687 1.405556
162 4 0.268750 0.077778 0.307812 0.133333 0.423438 0.144444
157 4 0.321875 0.241667 0.362500 0.308333 0.504687 0.397222
156 5 0.398438 0.141667 0.451562 0.277778 0.625000 0.280556
153 4 0.315625 0.038889 0.342187 0.105556 0.487500 0.091667
150 4 0.257812 0.169444 0.298438 0.261111 0.407813 0.302778
144 4 0.456250 0.366667 0.507812 0.505556 0.710938 0.619444
138 4 0.201563 0.313889 0.270313 0.461111 0.335938 0.547222
128 4 0.429688 0.252778 0.482812 0.377778 0.671875 0.441667
126 4 0.301563 0.280556 0.360938 0.427778 0.481250 0.494444
125 4 0.221875 0.122222 0.254688 0.202778 0.350000 0.222222
103 4 0.468750 0.552778 0.546875 0.822222 0.742188 0.963889
