178 4 0.276562 0.027778 0.300000 0.063889 0.426563 0.061111
171 4 0.318750 0.200000 0.368750 0.291667 0.503125 0.344444
170 4 0.270313 0.119444 0.303125 0.177778 0.423438 0.208333
169 4 0.235937 0.458333 0.339062 0.700000 0.406250 0.808333
162 4 0.270313 0.183333 0.306250 0.252778 0.425000 0.311111
157 4 0.312500 0.297222 0.362500 0.411111 0.493750 0.502778
153 5 0.317188 0.077778 0.359375 0.194444 0.498437 0.175000
150 4 0.209375 0.319444 0.267188 0.436111 0.343750 0.538889
147 4 0.407813 0.166667 0.465625 0.283333 0.640625 0.308333
144 4 0.454688 0.461111 0.515625 0.630556 0.712500 0.777778
138 4 0.018750 0.561111 0.184375 0.855556 0.112500 0.988889
128 4 0.440625 0.297222 0.500000 0.455556 0.690625 0.525000
125 4 0.221875 0.119444 0.254688 0.188889 0.350000 0.213889
