171 4 0.318750 0.191667 0.368750 0.286111 0.503125 0.336111
170 4 0.270313 0.094444 0.303125 0.155556 0.421875 0.172222
169 4 0.256250 0.402778 0.350000 0.627778 0.431250 0.719444
164 4 0.003125 0.658333 0.298438 1.008333 0.153125 1.163889
162 4 0.273438 0.158333 0.304688 0.225000 0.425000 0.272222
157 4 0.312500 0.280556 0.362500 0.377778 0.495312 0.469444
153 5 0.312500 0.077778 0.351562 0.172222 0.489063 0.163889
150 4 0.228125 0.291667 0.279687 0.383333 0.367188 0.483333
144 4 0.454688 0.419444 0.512500 0.583333 0.710938 0.711111
138 4 0.078125 0.500000 0.207813 0.747222 0.182812 0.875000
128 4 0.434375 0.277778 0.496875 0.427778 0.682813 0.491667
125 4 0.223438 0.119444 0.253125 0.191667 0.350000 0.216667
103 4 0.462500 0.688889 0.557813 1.002778 0.742188 1.191667
