178 4 0.276562 0.027778 0.300000 0.063889 0.426563 0.061111
171 4 0.318750 0.197222 0.370312 0.294444 0.504687 0.344444
170 4 0.270313 0.113889 0.303125 0.175000 0.421875 0.202778
169 4 0.237500 0.455556 0.339062 0.688889 0.407813 0.800000
162 4 0.273438 0.180556 0.307812 0.252778 0.426563 0.308333
157 4 0.312500 0.294444 0.362500 0.408333 0.493750 0.500000
153 5 0.315625 0.077778 0.357812 0.194444 0.495312 0.175000
150 4 0.210938 0.313889 0.268750 0.430556 0.345313 0.530556
147 4 0.406250 0.163889 0.464062 0.283333 0.639062 0.305556
144 4 0.454688 0.458333 0.514062 0.625000 0.712500 0.772222
138 4 0.039062 0.558333 0.187500 0.844444 0.132812 0.983333
128 4 0.439063 0.294444 0.500000 0.452778 0.689063 0.522222
125 4 0.221875 0.119444 0.254688 0.188889 0.350000 0.213889
