171 4 0.317188 0.194444 0.368750 0.288889 0.501563 0.338889
170 4 0.271875 0.097222 0.303125 0.161111 0.423438 0.177778
169 4 0.246875 0.413889 0.345313 0.650000 0.418750 0.738889
164 4 0.001563 0.705556 0.284375 1.002778 0.143750 1.208333
162 4 0.271875 0.163889 0.306250 0.236111 0.426563 0.283333
157 4 0.315625 0.286111 0.364063 0.386111 0.496875 0.480556
153 5 0.318750 0.083333 0.353125 0.180556 0.495312 0.172222
150 4 0.220312 0.300000 0.275000 0.400000 0.357812 0.500000
147 4 0.403125 0.161111 0.464062 0.277778 0.635938 0.300000
144 4 0.456250 0.436111 0.512500 0.591667 0.712500 0.733333
138 4 0.067187 0.527778 0.193750 0.775000 0.165625 0.913889
128 4 0.435937 0.277778 0.498437 0.444444 0.685937 0.500000
125 4 0.221875 0.119444 0.254688 0.188889 0.350000 0.213889
103 4 0.460938 0.733333 0.559375 1.005556 0.740625 1.236111
