164 4 0.253125 0.375000 0.346875 0.680556 0.426563 0.716667
163 4 0.001563 0.725000 0.137500 0.997222 0.070312 1.225000
162 4 0.278125 0.050000 0.301563 0.094444 0.429688 0.097222
161 4 0.739062 0.705556 0.850000 0.980556 1.164062 1.194444
157 4 0.321875 0.216667 0.364063 0.297222 0.504687 0.366667
156 4 0.396875 0.136111 0.451562 0.252778 0.623437 0.263889
153 4 0.312500 0.013889 0.337500 0.080556 0.481250 0.055556
152 4 0.325000 0.138889 0.360938 0.208333 0.506250 0.244444
150 4 0.265625 0.136111 0.301563 0.200000 0.417187 0.236111
144 4 0.448437 0.338889 0.510938 0.488889 0.704688 0.583333
138 4 0.226562 0.252778 0.285938 0.377778 0.370312 0.441667
128 4 0.425000 0.236111 0.476562 0.352778 0.664062 0.411111
126 4 0.306250 0.275000 0.362500 0.416667 0.487500 0.486111
125 4 0.220312 0.116667 0.256250 0.191667 0.348438 0.213889
123 4 0.156250 0.788889 0.287500 1.002778 0.300000 1.291667
103 4 0.467187 0.547222 0.543750 0.808333 0.739062 0.950000
