171 4 0.321875 0.188889 0.365625 0.269444 0.504687 0.325000
170 4 0.268750 0.077778 0.306250 0.133333 0.421875 0.144444
169 4 0.278125 0.363889 0.353125 0.547222 0.456250 0.638889
168 4 0.314063 0.063889 0.348438 0.155556 0.487500 0.144444
164 4 0.145313 0.552778 0.309375 1.005556 0.300000 1.055556
162 4 0.270313 0.133333 0.307812 0.197222 0.425000 0.233333
157 4 0.317188 0.261111 0.362500 0.355556 0.500000 0.438889
150 4 0.237500 0.252778 0.285938 0.338889 0.381250 0.422222
147 4 0.400000 0.158333 0.460938 0.275000 0.631250 0.297222
144 4 0.456250 0.400000 0.509375 0.541667 0.710938 0.672222
138 4 0.126562 0.433333 0.226562 0.636111 0.240625 0.752778
128 4 0.435937 0.275000 0.493750 0.411111 0.682813 0.480556
125 4 0.220312 0.116667 0.254688 0.186111 0.348438 0.211111
103 4 0.467187 0.591667 0.554688 0.888889 0.745313 1.036111
