164 4 0.235937 0.405556 0.340625 0.730556 0.406250 0.772222
163 4 0.000000 0.866667 0.078125 0.997222 0.039062 1.366667
162 4 0.275000 0.072222 0.306250 0.125000 0.428125 0.136111
157 4 0.317188 0.230556 0.360938 0.308333 0.498437 0.386111
156 5 0.398438 0.141667 0.450000 0.272222 0.623437 0.280556
153 4 0.315625 0.030556 0.339062 0.100000 0.485938 0.080556
150 4 0.259375 0.158333 0.298438 0.241667 0.409375 0.277778
144 4 0.454688 0.361111 0.509375 0.502778 0.709375 0.613889
138 4 0.207813 0.297222 0.275000 0.441667 0.345313 0.516667
128 4 0.428125 0.250000 0.482812 0.377778 0.670312 0.441667
126 4 0.301563 0.280556 0.362500 0.422222 0.482812 0.491667
125 4 0.221875 0.119444 0.254688 0.191667 0.350000 0.213889
103 4 0.467187 0.550000 0.546875 0.819444 0.740625 0.961111
