178 4 0.275000 0.019444 0.300000 0.058333 0.425000 0.050000
171 4 0.318750 0.197222 0.367188 0.291667 0.503125 0.341667
170 4 0.271875 0.100000 0.304688 0.169444 0.425000 0.186111
169 4 0.243750 0.441667 0.342187 0.669444 0.415625 0.777778
164 4 0.004687 0.755556 0.267188 1.000000 0.139063 1.255556
162 4 0.273438 0.175000 0.304688 0.244444 0.426563 0.297222
157 4 0.312500 0.291667 0.362500 0.405556 0.493750 0.497222
153 5 0.318750 0.086111 0.354687 0.186111 0.496875 0.180556
150 4 0.212500 0.305556 0.270313 0.422222 0.348438 0.519444
147 4 0.406250 0.163889 0.464062 0.277778 0.639062 0.302778
144 4 0.454688 0.450000 0.514062 0.619444 0.712500 0.761111
138 4 0.053125 0.550000 0.189062 0.816667 0.148438 0.958333
128 4 0.439063 0.286111 0.498437 0.447222 0.689063 0.508333
125 4 0.221875 0.116667 0.254688 0.188889 0.350000 0.211111
