163 4 0.000000 0.691667 0.151562 0.997222 0.076563 1.191667
162 4 0.276562 0.033333 0.303125 0.083333 0.428125 0.075000
161 4 0.776563 0.588889 0.882812 0.802778 1.218750 0.988889
157 4 0.320312 0.208333 0.360938 0.288889 0.501563 0.352778
156 4 0.398438 0.138889 0.448437 0.250000 0.623437 0.266667
153 4 0.312500 0.011111 0.335938 0.075000 0.479687 0.050000
152 4 0.325000 0.133333 0.359375 0.194444 0.504687 0.230556
150 4 0.270313 0.125000 0.303125 0.186111 0.421875 0.219444
147 5 0.396875 0.133333 0.450000 0.252778 0.623437 0.261111
144 4 0.446875 0.336111 0.509375 0.483333 0.703125 0.577778
142 4 0.251563 0.366667 0.348438 0.675000 0.425000 0.705556
138 4 0.239063 0.241667 0.290625 0.358333 0.385937 0.422222
128 4 0.423438 0.227778 0.471875 0.344444 0.659375 0.400000
126 4 0.304688 0.283333 0.360938 0.419444 0.485938 0.494444
125 4 0.221875 0.119444 0.254688 0.191667 0.350000 0.216667
123 4 0.171875 0.755556 0.284375 1.002778 0.314063 1.255556
103 4 0.467187 0.544444 0.542188 0.802778 0.739062 0.947222
