171 4 0.321875 0.183333 0.367188 0.269444 0.506250 0.319444
170 4 0.270313 0.077778 0.304688 0.130556 0.423438 0.144444
169 4 0.279687 0.358333 0.353125 0.544444 0.456250 0.630556
168 5 0.312500 0.055556 0.346875 0.150000 0.485938 0.133333
164 4 0.148438 0.541667 0.312500 1.005556 0.304688 1.044444
162 4 0.270313 0.130556 0.309375 0.194444 0.425000 0.227778
157 4 0.318750 0.261111 0.364063 0.355556 0.501563 0.438889
150 4 0.237500 0.250000 0.285938 0.336111 0.381250 0.419444
147 4 0.400000 0.155556 0.460938 0.275000 0.631250 0.294444
144 4 0.456250 0.400000 0.509375 0.541667 0.710938 0.669444
138 4 0.131250 0.433333 0.229687 0.627778 0.246875 0.747222
128 4 0.435937 0.275000 0.492188 0.405556 0.682813 0.477778
125 4 0.220312 0.116667 0.254688 0.186111 0.348438 0.211111
103 4 0.468750 0.583333 0.557813 0.880556 0.748437 1.025000
