182 4 0.253125 0.069444 0.270313 0.113889 0.389062 0.127778
180 5 0.410938 0.163889 0.468750 0.291667 0.645312 0.308333
179 4 0.315625 0.047222 0.337500 0.088889 0.484375 0.091667
178 4 0.276562 0.033333 0.301563 0.072222 0.428125 0.072222
171 4 0.321875 0.208333 0.371875 0.297222 0.507812 0.358333
169 4 0.214062 0.500000 0.329688 0.758333 0.379688 0.880556
162 4 0.265625 0.194444 0.304688 0.266667 0.418750 0.330556
157 4 0.310937 0.311111 0.362500 0.438889 0.492188 0.530556
153 5 0.312500 0.080556 0.359375 0.202778 0.492188 0.180556
150 4 0.196875 0.344444 0.260937 0.466667 0.328125 0.577778
147 4 0.409375 0.166667 0.468750 0.286111 0.643750 0.311111
144 4 0.451562 0.480556 0.515625 0.652778 0.710938 0.808333
138 4 0.000000 0.608333 0.170313 0.919444 0.084375 1.069444
128 4 0.443750 0.300000 0.509375 0.461111 0.698438 0.530556
125 4 0.220312 0.119444 0.256250 0.191667 0.348438 0.213889
