171 4 0.321875 0.188889 0.367188 0.275000 0.506250 0.327778
170 4 0.268750 0.086111 0.304688 0.141667 0.421875 0.158333
169 4 0.271875 0.369444 0.351562 0.569444 0.448437 0.655556
164 4 0.125000 0.583333 0.301563 1.002778 0.276562 1.086111
162 4 0.271875 0.144444 0.307812 0.208333 0.425000 0.247222
157 4 0.318750 0.263889 0.364063 0.361111 0.501563 0.444444
153 5 0.312500 0.072222 0.350000 0.163889 0.487500 0.155556
150 4 0.235937 0.258333 0.285938 0.355556 0.378125 0.438889
147 4 0.401562 0.158333 0.462500 0.277778 0.632812 0.297222
144 4 0.456250 0.402778 0.510938 0.552778 0.712500 0.680556
138 4 0.114062 0.447222 0.218750 0.669444 0.223438 0.783333
128 4 0.434375 0.277778 0.493750 0.413889 0.681250 0.486111
125 4 0.220312 0.119444 0.254688 0.186111 0.348438 0.213889
103 4 0.468750 0.605556 0.559375 0.922222 0.748437 1.066667
