188 4 0.250000 0.063889 0.270313 0.116667 0.385937 0.125000
186 4 0.314063 0.038889 0.337500 0.083333 0.482812 0.080556
185 5 0.320312 0.113889 0.360938 0.222222 0.500000 0.225000
184 4 0.317188 0.061111 0.340625 0.105556 0.487500 0.113889
178 4 0.278125 0.061111 0.301563 0.100000 0.429688 0.111111
171 4 0.329688 0.244444 0.368750 0.333333 0.514062 0.411111
170 4 0.265625 0.138889 0.303125 0.216667 0.417187 0.250000
169 4 0.145313 0.655556 0.300000 1.002778 0.295312 1.158333
162 4 0.257812 0.233333 0.304688 0.319444 0.410938 0.394444
157 4 0.296875 0.397222 0.357812 0.547222 0.475000 0.672222
153 4 0.321875 0.113889 0.360938 0.222222 0.501563 0.225000
150 4 0.148438 0.430556 0.235937 0.586111 0.267188 0.725000
147 5 0.414062 0.177778 0.475000 0.300000 0.651563 0.327778
144 4 0.450000 0.516667 0.518750 0.705556 0.709375 0.869444
138 4 0.000000 0.791667 0.090625 1.000000 0.043750 1.294444
128 4 0.450000 0.341667 0.517188 0.525000 0.709375 0.602778
125 4 0.221875 0.116667 0.254688 0.191667 0.350000 0.213889
