186 4 0.312500 0.030556 0.335938 0.066667 0.481250 0.063889
185 5 0.321875 0.111111 0.357812 0.211111 0.501563 0.219444
184 4 0.315625 0.061111 0.340625 0.102778 0.485938 0.113889
178 4 0.278125 0.047222 0.303125 0.088889 0.431250 0.094444
171 4 0.326562 0.211111 0.370312 0.322222 0.512500 0.372222
170 4 0.262500 0.138889 0.304688 0.211111 0.415625 0.247222
169 4 0.168750 0.586111 0.314063 0.905556 0.325000 1.038889
162 4 0.257812 0.219444 0.306250 0.297222 0.410938 0.366667
157 4 0.304688 0.361111 0.359375 0.497222 0.484375 0.611111
153 4 0.323437 0.111111 0.357812 0.211111 0.501563 0.216667
150 4 0.167187 0.394444 0.246875 0.536111 0.290625 0.663889
147 5 0.409375 0.169444 0.473438 0.300000 0.646875 0.322222
144 4 0.451562 0.502778 0.517188 0.691667 0.709375 0.850000
138 4 0.000000 0.694444 0.128125 1.002778 0.064062 1.194444
128 4 0.448437 0.338889 0.514062 0.508333 0.706250 0.594444
125 4 0.220312 0.119444 0.256250 0.194444 0.348438 0.216667
