189 4 0.278125 0.025000 0.300000 0.063889 0.428125 0.058333
187 5 0.415625 0.180556 0.475000 0.308333 0.653125 0.333333
186 4 0.317188 0.038889 0.337500 0.083333 0.485938 0.083333
185 5 0.314063 0.108333 0.359375 0.233333 0.495312 0.225000
184 4 0.317188 0.063889 0.342187 0.111111 0.489063 0.119444
178 4 0.278125 0.063889 0.303125 0.105556 0.429688 0.116667
171 4 0.331250 0.252778 0.367188 0.341667 0.515625 0.425000
170 4 0.264062 0.138889 0.303125 0.225000 0.417187 0.252778
162 4 0.256250 0.244444 0.303125 0.330556 0.407813 0.411111
157 4 0.293750 0.413889 0.354687 0.566667 0.471875 0.700000
153 4 0.318750 0.113889 0.359375 0.225000 0.500000 0.227778
150 4 0.134375 0.438889 0.231250 0.613889 0.250000 0.744444
147 4 0.415625 0.180556 0.475000 0.305556 0.653125 0.333333
144 4 0.451562 0.519444 0.518750 0.711111 0.710938 0.875000
138 4 0.001563 0.836111 0.076563 0.997222 0.039062 1.336111
128 4 0.448437 0.341667 0.515625 0.530556 0.706250 0.605556
125 4 0.220312 0.119444 0.254688 0.188889 0.348438 0.213889
