165 4 0.270313 0.030556 0.303125 0.086111 0.421875 0.075000
164 4 0.225000 0.427778 0.340625 0.780556 0.395313 0.819444
162 4 0.268750 0.080556 0.307812 0.136111 0.423438 0.150000
157 4 0.325000 0.247222 0.362500 0.308333 0.506250 0.400000
156 5 0.398438 0.141667 0.453125 0.275000 0.625000 0.280556
153 4 0.314063 0.036111 0.342187 0.105556 0.485938 0.088889
150 4 0.257812 0.180556 0.296875 0.261111 0.406250 0.311111
147 4 0.398438 0.150000 0.454688 0.272222 0.626563 0.286111
144 4 0.454688 0.369444 0.509375 0.511111 0.710938 0.625000
138 4 0.193750 0.322222 0.265625 0.475000 0.328125 0.561111
128 4 0.429688 0.255556 0.484375 0.380556 0.673438 0.447222
126 4 0.300000 0.283333 0.360938 0.430556 0.481250 0.500000
125 4 0.221875 0.116667 0.254688 0.194444 0.350000 0.213889
103 4 0.468750 0.552778 0.548438 0.825000 0.742188 0.963889
