164 4 0.243750 0.377778 0.345313 0.705556 0.417187 0.730556
163 4 0.000000 0.783333 0.110937 0.997222 0.056250 1.283333
162 4 0.275000 0.063889 0.301563 0.108333 0.426563 0.119444
157 4 0.323437 0.225000 0.362500 0.305556 0.504687 0.377778
156 5 0.396875 0.138889 0.451562 0.269444 0.623437 0.275000
153 4 0.314063 0.025000 0.339062 0.091667 0.484375 0.069444
150 4 0.262500 0.144444 0.301563 0.222222 0.414062 0.255556
147 4 0.396875 0.141667 0.450000 0.261111 0.621875 0.272222
144 4 0.454688 0.344444 0.510938 0.494444 0.710938 0.591667
138 4 0.218750 0.275000 0.281250 0.408333 0.359375 0.480556
128 4 0.426563 0.244444 0.479687 0.369444 0.667188 0.427778
126 4 0.307812 0.288889 0.362500 0.419444 0.489063 0.500000
125 4 0.221875 0.119444 0.254688 0.188889 0.350000 0.213889
123 4 0.151562 0.858333 0.268750 1.000000 0.285938 1.358333
103 4 0.467187 0.547222 0.546875 0.813889 0.740625 0.955556
