182 4 0.250000 0.061111 0.270313 0.116667 0.385937 0.119444
178 4 0.278125 0.041667 0.301563 0.080556 0.429688 0.080556
171 4 0.326562 0.211111 0.370312 0.308333 0.512500 0.366667
170 4 0.264062 0.136111 0.304688 0.200000 0.417187 0.238889
169 4 0.190625 0.552778 0.318750 0.841667 0.350000 0.975000
162 4 0.260937 0.208333 0.307812 0.286111 0.415625 0.352778
157 4 0.307812 0.341667 0.360938 0.472222 0.487500 0.580556
153 5 0.318750 0.097222 0.357812 0.202778 0.498437 0.200000
150 4 0.178125 0.375000 0.251563 0.505556 0.304688 0.627778
147 4 0.409375 0.169444 0.470313 0.294444 0.645312 0.316667
144 4 0.453125 0.500000 0.517188 0.677778 0.712500 0.838889
138 4 0.000000 0.658333 0.139063 0.988889 0.068750 1.155556
128 4 0.442188 0.319444 0.512500 0.491667 0.700000 0.566667
125 4 0.220312 0.116667 0.254688 0.194444 0.348438 0.213889
