167 4 0.798438 0.513889 0.923438 0.713889 1.260938 0.872222
165 4 0.271875 0.027778 0.303125 0.091667 0.423438 0.075000
164 4 0.217188 0.444444 0.337500 0.794444 0.385937 0.841667
162 4 0.270313 0.088889 0.306250 0.144444 0.423438 0.161111
157 4 0.326562 0.244444 0.362500 0.319444 0.507812 0.405556
156 5 0.398438 0.144444 0.454688 0.272222 0.626563 0.280556
153 4 0.315625 0.044444 0.342187 0.116667 0.487500 0.102778
150 4 0.257812 0.188889 0.295312 0.263889 0.406250 0.322222
147 4 0.398438 0.147222 0.454688 0.272222 0.626563 0.283333
144 4 0.456250 0.375000 0.507812 0.516667 0.710938 0.633333
138 4 0.185938 0.338889 0.262500 0.491667 0.317188 0.586111
128 4 0.431250 0.258333 0.484375 0.386111 0.673438 0.450000
126 4 0.296875 0.291667 0.359375 0.444444 0.476562 0.516667
125 4 0.223438 0.116667 0.253125 0.188889 0.350000 0.213889
103 4 0.468750 0.555556 0.546875 0.822222 0.742188 0.966667
