178 4 0.276562 0.030556 0.300000 0.066667 0.426563 0.066667
171 4 0.318750 0.202778 0.368750 0.294444 0.503125 0.350000
170 4 0.270313 0.122222 0.303125 0.180556 0.421875 0.213889
169 4 0.231250 0.469444 0.337500 0.711111 0.400000 0.827778
162 4 0.270313 0.186111 0.306250 0.258333 0.423438 0.316667
157 4 0.310937 0.297222 0.362500 0.416667 0.492188 0.505556
153 5 0.315625 0.080556 0.357812 0.197222 0.495312 0.180556
150 4 0.206250 0.325000 0.267188 0.444444 0.340625 0.550000
147 4 0.409375 0.166667 0.465625 0.286111 0.642188 0.311111
144 4 0.454688 0.466667 0.515625 0.636111 0.712500 0.786111
138 4 0.004687 0.572222 0.182812 0.877778 0.096875 1.011111
128 4 0.442188 0.297222 0.503125 0.458333 0.693750 0.527778
125 4 0.221875 0.119444 0.254688 0.188889 0.350000 0.213889
