171 4 0.323437 0.188889 0.365625 0.272222 0.506250 0.325000
170 4 0.268750 0.077778 0.306250 0.136111 0.421875 0.147222
169 4 0.278125 0.363889 0.353125 0.550000 0.454688 0.641667
164 4 0.140625 0.555556 0.306250 1.005556 0.295312 1.058333
162 4 0.270313 0.133333 0.307812 0.200000 0.425000 0.233333
157 4 0.318750 0.261111 0.364063 0.355556 0.501563 0.438889
153 5 0.312500 0.061111 0.348438 0.155556 0.485938 0.138889
150 4 0.237500 0.255556 0.287500 0.338889 0.381250 0.425000
147 4 0.400000 0.158333 0.460938 0.275000 0.631250 0.297222
144 4 0.456250 0.400000 0.509375 0.541667 0.710938 0.672222
138 4 0.123438 0.433333 0.223438 0.638889 0.235937 0.752778
128 4 0.435937 0.275000 0.493750 0.411111 0.682813 0.480556
125 4 0.220312 0.116667 0.254688 0.186111 0.348438 0.211111
103 4 0.467187 0.597222 0.554688 0.891667 0.745313 1.044444
