163 4 0.000000 0.688889 0.153125 0.994444 0.076563 1.186111
162 4 0.278125 0.036111 0.303125 0.083333 0.429688 0.077778
161 4 0.779687 0.580556 0.885938 0.788889 1.223437 0.975000
157 4 0.321875 0.208333 0.362500 0.291667 0.503125 0.355556
156 4 0.398438 0.138889 0.446875 0.252778 0.621875 0.266667
153 4 0.310937 0.008333 0.335938 0.075000 0.479687 0.047222
152 4 0.326562 0.130556 0.357812 0.194444 0.504687 0.227778
150 4 0.270313 0.122222 0.301563 0.183333 0.421875 0.216667
147 5 0.396875 0.130556 0.450000 0.255556 0.621875 0.258333
144 4 0.446875 0.336111 0.509375 0.483333 0.703125 0.577778
142 4 0.250000 0.366667 0.348438 0.675000 0.425000 0.705556
138 4 0.239063 0.238889 0.292187 0.358333 0.385937 0.419444
128 4 0.423438 0.227778 0.471875 0.344444 0.659375 0.400000
126 4 0.306250 0.283333 0.360938 0.416667 0.487500 0.491667
125 4 0.221875 0.119444 0.254688 0.191667 0.350000 0.216667
123 4 0.171875 0.750000 0.285938 1.002778 0.315625 1.252778
103 4 0.467187 0.538889 0.542188 0.797222 0.739062 0.938889
