182 4 0.250000 0.066667 0.270313 0.116667 0.385937 0.125000
180 5 0.410938 0.166667 0.468750 0.291667 0.645312 0.313889
178 4 0.276562 0.036111 0.303125 0.075000 0.428125 0.072222
171 4 0.321875 0.208333 0.373437 0.300000 0.507812 0.358333
169 4 0.207813 0.508333 0.328125 0.783333 0.371875 0.900000
162 4 0.265625 0.200000 0.306250 0.272222 0.418750 0.338889
157 4 0.310937 0.316667 0.360938 0.447222 0.492188 0.541667
153 5 0.312500 0.083333 0.357812 0.202778 0.492188 0.183333
150 4 0.193750 0.352778 0.259375 0.475000 0.323437 0.591667
147 4 0.409375 0.169444 0.468750 0.288889 0.643750 0.313889
144 4 0.451562 0.486111 0.517188 0.663889 0.710938 0.819444
138 4 0.000000 0.622222 0.165625 0.933333 0.082812 1.088889
128 4 0.443750 0.300000 0.509375 0.469444 0.698438 0.533333
125 4 0.220312 0.119444 0.256250 0.194444 0.348438 0.219444
