164 4 0.242188 0.380556 0.343750 0.713889 0.415625 0.738889
163 4 0.001563 0.838889 0.098437 1.002778 0.051562 1.338889
162 4 0.275000 0.066667 0.306250 0.116667 0.429688 0.125000
157 4 0.323437 0.236111 0.360938 0.311111 0.504687 0.391667
156 5 0.396875 0.136111 0.453125 0.272222 0.623437 0.272222
153 4 0.315625 0.022222 0.340625 0.094444 0.485938 0.069444
152 4 0.329688 0.158333 0.362500 0.225000 0.510938 0.272222
150 4 0.260937 0.150000 0.298438 0.225000 0.410938 0.263889
147 4 0.396875 0.141667 0.451562 0.263889 0.623437 0.275000
144 4 0.454688 0.350000 0.507812 0.500000 0.709375 0.600000
138 4 0.214062 0.283333 0.278125 0.430556 0.353125 0.497222
128 4 0.428125 0.244444 0.479687 0.369444 0.668750 0.430556
126 4 0.304688 0.288889 0.360938 0.422222 0.485938 0.500000
125 4 0.221875 0.119444 0.254688 0.188889 0.350000 0.213889
123 4 0.151562 0.900000 0.251563 1.000000 0.278125 1.400000
103 4 0.467187 0.550000 0.546875 0.816667 0.740625 0.958333
