165 4 0.275000 0.030556 0.304688 0.072222 0.428125 0.066667
164 4 0.240625 0.394444 0.343750 0.719444 0.412500 0.752778
163 4 0.001563 0.847222 0.095312 1.000000 0.048438 1.350000
162 4 0.275000 0.069444 0.306250 0.119444 0.428125 0.130556
157 4 0.318750 0.233333 0.360938 0.311111 0.500000 0.388889
156 5 0.396875 0.138889 0.451562 0.272222 0.623437 0.275000
153 4 0.314063 0.022222 0.340625 0.097222 0.484375 0.072222
150 4 0.260937 0.152778 0.298438 0.233333 0.410938 0.269444
144 4 0.454688 0.350000 0.507812 0.500000 0.707812 0.600000
138 4 0.212500 0.291667 0.276562 0.433333 0.351562 0.508333
128 4 0.429688 0.250000 0.482812 0.372222 0.670312 0.436111
126 4 0.303125 0.286111 0.360938 0.422222 0.484375 0.500000
125 4 0.221875 0.116667 0.253125 0.191667 0.348438 0.213889
103 4 0.467187 0.550000 0.546875 0.816667 0.740625 0.958333
