182 4 0.251563 0.066667 0.270313 0.116667 0.387500 0.127778
180 5 0.410938 0.166667 0.468750 0.288889 0.645312 0.311111
179 4 0.315625 0.044444 0.337500 0.086111 0.484375 0.088889
178 4 0.276562 0.036111 0.301563 0.072222 0.428125 0.072222
171 4 0.321875 0.208333 0.371875 0.300000 0.509375 0.358333
169 4 0.212500 0.502778 0.328125 0.766667 0.376563 0.886111
162 4 0.264062 0.197222 0.304688 0.269444 0.417187 0.333333
157 4 0.310937 0.313889 0.362500 0.441667 0.492188 0.536111
153 5 0.312500 0.083333 0.359375 0.202778 0.492188 0.183333
150 4 0.196875 0.347222 0.260937 0.469444 0.328125 0.583333
147 4 0.409375 0.166667 0.467187 0.286111 0.643750 0.311111
144 4 0.451562 0.480556 0.515625 0.655556 0.710938 0.808333
138 4 0.000000 0.611111 0.167187 0.925000 0.082812 1.075000
128 4 0.443750 0.300000 0.509375 0.463889 0.698438 0.533333
125 4 0.220312 0.119444 0.256250 0.194444 0.348438 0.216667
