164 4 0.246875 0.372222 0.345313 0.688889 0.418750 0.716667
163 4 0.001563 0.758333 0.126562 0.997222 0.065625 1.258333
162 4 0.278125 0.058333 0.301563 0.102778 0.429688 0.111111
161 4 0.725000 0.802778 0.828125 1.011111 1.139063 1.308333
157 4 0.323437 0.225000 0.364063 0.302778 0.504687 0.377778
156 5 0.396875 0.138889 0.451562 0.255556 0.623437 0.269444
153 4 0.315625 0.022222 0.337500 0.086111 0.484375 0.066667
152 4 0.329688 0.147222 0.362500 0.219444 0.510938 0.258333
150 4 0.260937 0.144444 0.301563 0.222222 0.412500 0.255556
147 4 0.396875 0.138889 0.450000 0.255556 0.623437 0.266667
144 4 0.453125 0.344444 0.509375 0.491667 0.707812 0.591667
138 4 0.223438 0.266667 0.282813 0.394444 0.365625 0.463889
128 4 0.425000 0.238889 0.479687 0.361111 0.665625 0.422222
126 4 0.306250 0.288889 0.362500 0.419444 0.487500 0.500000
125 4 0.221875 0.119444 0.254688 0.188889 0.350000 0.213889
123 4 0.159375 0.833333 0.279687 1.002778 0.298438 1.333333
103 4 0.467187 0.544444 0.545312 0.813889 0.740625 0.952778
