164 4 0.250000 0.375000 0.345313 0.677778 0.423438 0.713889
163 4 0.000000 0.708333 0.142187 1.000000 0.071875 1.208333
162 4 0.275000 0.030556 0.303125 0.091667 0.426563 0.077778
161 4 0.757812 0.641667 0.865625 0.880556 1.192187 1.083333
157 4 0.321875 0.211111 0.362500 0.294444 0.503125 0.361111
156 4 0.398438 0.138889 0.448437 0.250000 0.623437 0.263889
153 4 0.310937 0.013889 0.337500 0.077778 0.479687 0.052778
152 4 0.325000 0.136111 0.360938 0.205556 0.504687 0.238889
150 4 0.267188 0.130556 0.301563 0.191667 0.417187 0.227778
147 5 0.398438 0.136111 0.450000 0.250000 0.623437 0.261111
144 4 0.448437 0.338889 0.509375 0.483333 0.703125 0.580556
138 4 0.237500 0.250000 0.289062 0.366667 0.381250 0.433333
128 4 0.423438 0.230556 0.473438 0.350000 0.660937 0.405556
126 4 0.303125 0.261111 0.362500 0.411111 0.484375 0.466667
125 4 0.221875 0.119444 0.254688 0.191667 0.350000 0.216667
123 4 0.164062 0.775000 0.279687 1.002778 0.304688 1.277778
103 4 0.467187 0.547222 0.542188 0.805556 0.739062 0.950000
