164 4 0.250000 0.375000 0.345313 0.677778 0.423438 0.713889
163 4 0.001563 0.713889 0.142187 1.002778 0.071875 1.216667
162 4 0.275000 0.033333 0.303125 0.091667 0.426563 0.080556
161 4 0.753125 0.655556 0.862500 0.902778 1.185938 1.105556
157 4 0.321875 0.213889 0.362500 0.294444 0.503125 0.361111
156 4 0.398438 0.141667 0.448437 0.250000 0.623437 0.266667
153 4 0.312500 0.013889 0.337500 0.077778 0.481250 0.052778
152 4 0.326562 0.136111 0.362500 0.205556 0.507812 0.238889
150 4 0.265625 0.130556 0.301563 0.194444 0.417187 0.227778
147 5 0.398438 0.138889 0.450000 0.250000 0.623437 0.263889
144 4 0.448437 0.338889 0.510938 0.483333 0.704688 0.580556
138 4 0.235937 0.252778 0.287500 0.366667 0.381250 0.436111
128 4 0.423438 0.233333 0.475000 0.350000 0.660937 0.408333
126 4 0.304688 0.269444 0.362500 0.416667 0.485938 0.477778
125 4 0.221875 0.119444 0.254688 0.191667 0.350000 0.216667
123 4 0.160938 0.777778 0.278125 1.002778 0.300000 1.277778
103 4 0.465625 0.547222 0.543750 0.805556 0.737500 0.950000
