347 4 0.310937 0.022222 0.332813 0.063889 0.478125 0.055556
344 4 0.315625 0.061111 0.335938 0.100000 0.484375 0.111111
341 5 0.273438 0.072222 0.309375 0.138889 0.428125 0.141667
333 4 0.271875 0.075000 0.309375 0.136111 0.426563 0.144444
330 4 0.392188 0.158333 0.429688 0.216667 0.607812 0.266667
327 4 0.448437 0.366667 0.512500 0.519444 0.704688 0.625000
323 4 0.373437 0.105556 0.400000 0.163889 0.573438 0.188889
313 4 0.207813 0.325000 0.268750 0.452778 0.342187 0.552778
310 4 0.098437 0.497222 0.217188 0.747222 0.207813 0.872222
299 5 0.310937 0.119444 0.368750 0.308333 0.496875 0.272222
283 4 0.267188 0.444444 0.343750 0.625000 0.439063 0.758333
222 4 0.000000 0.886111 0.075000 0.997222 0.037500 1.386111
125 4 0.221875 0.125000 0.256250 0.191667 0.350000 0.219444
