135 4 0.317188 0.144444 0.365625 0.275000 0.500000 0.283333
129 4 0.339062 0.008333 0.364063 0.050000 0.521875 0.036111
126 4 0.314063 0.052778 0.342187 0.100000 0.485938 0.102778
125 4 0.220312 0.119444 0.254688 0.186111 0.348438 0.213889
123 4 0.275000 0.325000 0.329688 0.452778 0.440625 0.552778
119 5 0.004687 0.316667 0.287500 1.002778 0.148438 0.819444
118 4 0.267188 0.138889 0.306250 0.213889 0.421875 0.247222
117 4 0.210938 0.602778 0.317188 0.861111 0.370312 1.033333
114 5 0.317188 0.141667 0.365625 0.280556 0.500000 0.283333
103 4 0.446875 0.300000 0.509375 0.461111 0.701562 0.530556
