208 4 0.320312 0.080556 0.345313 0.116667 0.493750 0.138889
206 4 0.282813 0.041667 0.301563 0.077778 0.434375 0.080556
201 4 0.432812 0.236111 0.498437 0.388889 0.682813 0.430556
189 4 0.270313 0.077778 0.300000 0.136111 0.420312 0.147222
178 4 0.271875 0.133333 0.303125 0.197222 0.423438 0.233333
171 4 0.285938 0.444444 0.353125 0.613889 0.462500 0.752778
170 4 0.246875 0.258333 0.293750 0.352778 0.393750 0.433333
162 4 0.182812 0.413889 0.260937 0.552778 0.314063 0.688889
153 4 0.321875 0.177778 0.364063 0.308333 0.504687 0.333333
150 4 0.000000 0.863889 0.057813 0.997222 0.029687 1.363889
144 4 0.448437 0.522222 0.518750 0.716667 0.707812 0.880556
128 4 0.453125 0.363889 0.517188 0.530556 0.712500 0.630556
125 4 0.221875 0.122222 0.254688 0.191667 0.348438 0.219444
