327 4 0.429688 0.244444 0.473438 0.325000 0.667188 0.408333
323 4 0.371875 0.108333 0.396875 0.152778 0.570312 0.183333
313 4 0.262500 0.141667 0.303125 0.238889 0.414062 0.261111
310 4 0.193750 0.366667 0.259375 0.516667 0.325000 0.625000
299 5 0.310937 0.050000 0.356250 0.175000 0.489063 0.136111
285 4 0.253125 0.472222 0.343750 0.711111 0.425000 0.827778
281 4 0.310937 0.297222 0.360938 0.419444 0.492188 0.508333
222 4 0.073438 0.552778 0.201563 0.813889 0.175000 0.958333
128 4 0.448437 0.577778 0.537500 0.894444 0.717187 1.025000
125 4 0.215625 0.116667 0.256250 0.194444 0.343750 0.213889
