27 4 0.276562 0.027778 0.303125 0.080556 0.428125 0.069444
25 4 0.343750 0.019444 0.365625 0.055556 0.526563 0.047222
24 4 0.359375 0.052778 0.384375 0.088889 0.551562 0.097222
22 4 0.318750 0.052778 0.342187 0.097222 0.490625 0.100000
21 5 0.275000 0.027778 0.303125 0.080556 0.426563 0.069444
19 4 0.312500 0.097222 0.343750 0.147222 0.484375 0.172222
16 4 0.321875 0.138889 0.350000 0.200000 0.496875 0.238889
15 4 0.276562 0.366667 0.334375 0.500000 0.445312 0.619444
5 4 0.221875 0.119444 0.259375 0.194444 0.351562 0.216667
2 4 0.456250 0.536111 0.525000 0.752778 0.718750 0.913889
