367 4 0.360938 0.072222 0.385937 0.122222 0.554688 0.133333
366 5 0.251563 0.197222 0.307812 0.305556 0.404687 0.350000
364 4 0.376563 0.119444 0.406250 0.163889 0.579688 0.202778
361 4 0.318750 0.200000 0.364063 0.291667 0.500000 0.344444
352 5 0.270313 0.069444 0.309375 0.155556 0.426563 0.147222
347 4 0.314063 0.063889 0.339062 0.105556 0.484375 0.116667
344 4 0.315625 0.105556 0.348438 0.169444 0.489063 0.191667
340 4 0.462500 0.472222 0.525000 0.630556 0.725000 0.788889
330 4 0.428125 0.261111 0.478125 0.350000 0.667188 0.436111
323 4 0.389062 0.161111 0.426563 0.216667 0.603125 0.269444
125 4 0.220312 0.116667 0.262500 0.197222 0.351562 0.216667
