171 4 0.323437 0.188889 0.364063 0.261111 0.506250 0.319444
170 4 0.273438 0.075000 0.303125 0.122222 0.425000 0.136111
169 4 0.287500 0.347222 0.353125 0.513889 0.464062 0.605556
168 5 0.318750 0.061111 0.346875 0.144444 0.492188 0.136111
164 4 0.171875 0.513889 0.321875 0.975000 0.332813 1.002778
162 4 0.270313 0.119444 0.309375 0.183333 0.425000 0.213889
157 4 0.318750 0.258333 0.364063 0.350000 0.500000 0.433333
153 4 0.320312 0.069444 0.346875 0.144444 0.493750 0.141667
150 4 0.245312 0.233333 0.290625 0.313889 0.390625 0.391667
147 4 0.400000 0.155556 0.459375 0.275000 0.629687 0.294444
144 4 0.454688 0.388889 0.509375 0.536111 0.710938 0.658333
138 4 0.145313 0.408333 0.237500 0.597222 0.265625 0.708333
128 4 0.434375 0.272222 0.489063 0.400000 0.679688 0.472222
125 4 0.221875 0.119444 0.254688 0.191667 0.350000 0.216667
103 4 0.465625 0.575000 0.543750 0.852778 0.737500 1.002778
