266 4 0.326562 0.141667 0.356250 0.188889 0.506250 0.238889
264 4 0.371875 0.105556 0.400000 0.147222 0.571875 0.180556
261 4 0.284375 0.072222 0.309375 0.130556 0.439063 0.138889
260 4 0.359375 0.077778 0.381250 0.113889 0.550000 0.136111
253 4 0.409375 0.205556 0.450000 0.275000 0.634375 0.344444
252 4 0.389062 0.144444 0.418750 0.188889 0.598437 0.238889
248 4 0.329688 0.186111 0.364063 0.252778 0.512500 0.313889
235 5 0.437500 0.286111 0.501563 0.386111 0.689063 0.480556
234 4 0.323437 0.247222 0.364063 0.347222 0.504687 0.422222
222 4 0.275000 0.158333 0.309375 0.236111 0.429688 0.277778
214 4 0.439063 0.286111 0.503125 0.383333 0.690625 0.477778
212 4 0.296875 0.411111 0.357812 0.566667 0.476562 0.697222
206 4 0.248438 0.241667 0.287500 0.319444 0.392188 0.400000
189 4 0.196875 0.341667 0.260937 0.483333 0.328125 0.583333
178 4 0.096875 0.522222 0.212500 0.744444 0.203125 0.894444
144 4 0.448437 0.519444 0.517188 0.716667 0.707812 0.877778
128 4 0.457813 0.369444 0.514062 0.533333 0.715625 0.636111
125 4 0.221875 0.119444 0.254688 0.191667 0.350000 0.216667
