213 4 0.328125 0.147222 0.357812 0.194444 0.506250 0.244444
212 4 0.323437 0.111111 0.350000 0.155556 0.498437 0.188889
211 4 0.360938 0.069444 0.390625 0.102778 0.556250 0.122222
210 4 0.315625 0.047222 0.335938 0.080556 0.484375 0.088889
209 4 0.285938 0.013889 0.303125 0.052778 0.437500 0.041667
208 4 0.320312 0.080556 0.345313 0.116667 0.493750 0.138889
206 4 0.282813 0.044444 0.300000 0.083333 0.432812 0.086111
201 4 0.429688 0.236111 0.500000 0.397222 0.679688 0.433333
200 4 0.318750 0.183333 0.364063 0.316667 0.501563 0.344444
189 4 0.271875 0.083333 0.298438 0.138889 0.421875 0.152778
178 4 0.271875 0.144444 0.303125 0.205556 0.423438 0.247222
171 4 0.279687 0.450000 0.356250 0.647222 0.457813 0.775000
170 4 0.242188 0.263889 0.292187 0.363889 0.387500 0.447222
162 4 0.175000 0.425000 0.256250 0.575000 0.303125 0.713889
144 4 0.450000 0.522222 0.518750 0.713889 0.710938 0.880556
128 4 0.456250 0.366667 0.515625 0.530556 0.714063 0.633333
125 4 0.221875 0.116667 0.254688 0.194444 0.350000 0.216667
