249 4 0.357812 0.063889 0.378125 0.100000 0.548438 0.113889
248 4 0.326562 0.136111 0.354687 0.180556 0.504687 0.227778
240 4 0.318750 0.061111 0.339062 0.097222 0.489063 0.108333
238 4 0.229687 0.416667 0.342187 0.727778 0.401562 0.783333
236 4 0.321875 0.088889 0.345313 0.130556 0.495312 0.152778
235 5 0.437500 0.283333 0.501563 0.386111 0.689063 0.477778
234 4 0.325000 0.172222 0.359375 0.250000 0.506250 0.297222
222 4 0.276562 0.083333 0.307812 0.144444 0.431250 0.155556
214 4 0.439063 0.280556 0.501563 0.383333 0.689063 0.472222
212 4 0.331250 0.261111 0.368750 0.333333 0.515625 0.427778
206 4 0.267188 0.136111 0.296875 0.191667 0.417187 0.233333
189 4 0.254688 0.200000 0.295312 0.291667 0.403125 0.347222
178 4 0.223438 0.297222 0.281250 0.419444 0.365625 0.505556
144 4 0.450000 0.519444 0.517188 0.716667 0.707812 0.877778
128 4 0.456250 0.372222 0.517188 0.530556 0.715625 0.638889
125 4 0.223438 0.122222 0.254688 0.191667 0.351562 0.219444
