406 4 0.271875 0.088889 0.307812 0.144444 0.426563 0.161111
404 4 0.317188 0.050000 0.335938 0.088889 0.485938 0.097222
403 4 0.248438 0.191667 0.298438 0.313889 0.398438 0.350000
401 4 0.389062 0.138889 0.421875 0.191667 0.600000 0.236111
400 5 0.173437 0.358333 0.260937 0.500000 0.304688 0.608333
395 4 0.364063 0.075000 0.396875 0.133333 0.564063 0.141667
389 4 0.271875 0.141667 0.303125 0.205556 0.423438 0.244444
388 4 0.317188 0.233333 0.362500 0.322222 0.498437 0.397222
383 4 0.073438 0.538889 0.198437 0.755556 0.173437 0.916667
367 4 0.412500 0.227778 0.459375 0.313889 0.642188 0.383333
364 4 0.457813 0.347222 0.515625 0.488889 0.717187 0.591667
344 4 0.284375 0.408333 0.345313 0.566667 0.456250 0.694444
323 4 0.476562 0.661111 0.564063 0.947222 0.759375 1.133333
125 4 0.220312 0.119444 0.254688 0.194444 0.348438 0.216667
