197 4 0.309375 0.016667 0.332813 0.061111 0.476562 0.050000
196 4 0.321875 0.083333 0.345313 0.122222 0.493750 0.144444
194 4 0.782813 0.497222 0.904687 0.719444 1.235937 0.855556
189 4 0.276562 0.038889 0.300000 0.083333 0.426563 0.080556
187 5 0.418750 0.191667 0.485938 0.341667 0.662500 0.361111
186 4 0.318750 0.055556 0.339062 0.091667 0.487500 0.102778
178 4 0.267188 0.083333 0.307812 0.136111 0.421875 0.152778
171 4 0.321875 0.305556 0.368750 0.408333 0.506250 0.511111
170 4 0.262500 0.180556 0.304688 0.263889 0.415625 0.313889
162 4 0.242188 0.263889 0.293750 0.388889 0.389062 0.458333
157 4 0.259375 0.522222 0.346875 0.733333 0.434375 0.891667
153 5 0.323437 0.125000 0.364063 0.258333 0.506250 0.252778
150 4 0.068750 0.555556 0.192188 0.761111 0.164062 0.936111
144 4 0.450000 0.519444 0.518750 0.716667 0.709375 0.877778
128 4 0.454688 0.369444 0.514062 0.536111 0.712500 0.636111
125 4 0.221875 0.119444 0.254688 0.188889 0.350000 0.213889
