313 4 0.273438 0.116667 0.304688 0.175000 0.426563 0.205556
310 4 0.206250 0.330556 0.268750 0.469444 0.340625 0.563889
299 5 0.310937 0.047222 0.353125 0.155556 0.487500 0.125000
285 4 0.304688 0.361111 0.365625 0.502778 0.487500 0.613889
283 4 0.326562 0.169444 0.357812 0.238889 0.504687 0.288889
281 4 0.323437 0.252778 0.364063 0.338889 0.506250 0.425000
280 4 0.439063 0.302778 0.514062 0.458333 0.696875 0.533333
266 4 0.196875 0.630556 0.312500 0.911111 0.354687 1.088889
264 4 0.387500 0.144444 0.409375 0.188889 0.592187 0.238889
252 4 0.396875 0.175000 0.432812 0.225000 0.614062 0.286111
222 4 0.131250 0.497222 0.232813 0.700000 0.248438 0.847222
144 4 0.434375 0.836111 0.514062 1.002778 0.692187 1.338889
128 4 0.460938 0.450000 0.534375 0.677778 0.728125 0.788889
125 4 0.221875 0.122222 0.256250 0.197222 0.350000 0.222222
