25 4 0.353125 0.050000 0.376563 0.080556 0.540625 0.091667
24 4 0.373437 0.083333 0.401562 0.127778 0.575000 0.147222
23 4 0.315625 0.036111 0.335938 0.075000 0.484375 0.075000
22 4 0.321875 0.077778 0.346875 0.130556 0.495312 0.144444
21 5 0.271875 0.025000 0.307812 0.113889 0.425000 0.083333
19 4 0.314063 0.141667 0.346875 0.208333 0.487500 0.244444
16 4 0.315625 0.213889 0.353125 0.291667 0.493750 0.361111
15 4 0.143750 0.683333 0.267188 0.966667 0.278125 1.166667
5 4 0.221875 0.116667 0.257812 0.194444 0.351562 0.213889
2 4 0.446875 0.697222 0.531250 1.005556 0.712500 1.200000
