189 4 0.278125 0.036111 0.298438 0.077778 0.428125 0.075000
187 4 0.420312 0.191667 0.481250 0.330556 0.660937 0.358333
186 4 0.318750 0.052778 0.339062 0.097222 0.489063 0.102778
185 4 0.325000 0.125000 0.360938 0.238889 0.506250 0.244444
178 4 0.275000 0.077778 0.304688 0.122222 0.428125 0.141667
171 4 0.325000 0.266667 0.371875 0.380556 0.510938 0.458333
170 4 0.264062 0.166667 0.307812 0.250000 0.418750 0.291667
162 4 0.246875 0.258333 0.298438 0.369444 0.396875 0.444444
157 4 0.275000 0.480556 0.348438 0.680556 0.450000 0.822222
153 5 0.323437 0.122222 0.362500 0.244444 0.504687 0.244444
150 4 0.095312 0.513889 0.206250 0.708333 0.198437 0.869444
144 4 0.451562 0.522222 0.517188 0.711111 0.709375 0.877778
128 4 0.454688 0.350000 0.515625 0.530556 0.712500 0.616667
125 4 0.220312 0.116667 0.254688 0.188889 0.348438 0.213889
