306 4 0.309375 0.083333 0.345313 0.122222 0.482812 0.144444
304 4 0.273438 0.030556 0.301563 0.088889 0.425000 0.075000
301 4 0.364063 0.080556 0.392188 0.119444 0.560937 0.141667
300 4 0.693750 0.758333 0.806250 1.005556 1.096875 1.261111
299 5 0.307812 0.011111 0.346875 0.122222 0.481250 0.072222
291 4 0.373437 0.113889 0.396875 0.155556 0.571875 0.191667
285 4 0.329688 0.233333 0.373437 0.327778 0.517188 0.397222
283 4 0.318750 0.125000 0.351562 0.186111 0.495312 0.216667
281 4 0.328125 0.180556 0.359375 0.244444 0.509375 0.302778
280 5 0.435937 0.291667 0.501563 0.394444 0.687500 0.488889
266 4 0.306250 0.336111 0.362500 0.477778 0.487500 0.575000
264 4 0.387500 0.144444 0.414062 0.188889 0.595313 0.238889
261 4 0.226562 0.283333 0.279687 0.416667 0.365625 0.494444
252 4 0.398438 0.175000 0.431250 0.227778 0.614062 0.288889
248 4 0.195312 0.627778 0.312500 0.952778 0.351562 1.105556
235 4 0.439063 0.288889 0.504687 0.388889 0.690625 0.483333
222 4 0.185938 0.400000 0.259375 0.563889 0.315625 0.680556
206 4 0.042188 0.638889 0.167187 0.863889 0.126562 1.072222
144 4 0.448437 0.547222 0.520312 0.755556 0.707812 0.925000
128 4 0.456250 0.375000 0.517188 0.550000 0.715625 0.652778
125 4 0.220312 0.119444 0.256250 0.200000 0.348438 0.219444
