164 4 0.245312 0.369444 0.345313 0.694444 0.418750 0.716667
163 4 0.001563 0.766667 0.125000 1.000000 0.065625 1.266667
162 4 0.278125 0.061111 0.301563 0.102778 0.429688 0.113889
161 4 0.723437 0.838889 0.825000 1.008333 1.137500 1.344444
157 4 0.321875 0.227778 0.362500 0.302778 0.504687 0.380556
156 5 0.396875 0.141667 0.451562 0.258333 0.623437 0.272222
153 4 0.315625 0.019444 0.339062 0.086111 0.485938 0.061111
152 4 0.329688 0.150000 0.362500 0.219444 0.510938 0.261111
150 4 0.260937 0.144444 0.300000 0.222222 0.410938 0.255556
147 4 0.396875 0.141667 0.450000 0.255556 0.621875 0.269444
144 4 0.454688 0.344444 0.509375 0.491667 0.709375 0.588889
138 4 0.220312 0.266667 0.281250 0.400000 0.362500 0.469444
128 4 0.425000 0.241667 0.479687 0.363889 0.665625 0.425000
126 4 0.306250 0.291667 0.360938 0.419444 0.487500 0.500000
125 4 0.221875 0.119444 0.254688 0.188889 0.350000 0.213889
123 4 0.157812 0.844444 0.271875 1.000000 0.293750 1.347222
103 4 0.467187 0.544444 0.545312 0.813889 0.740625 0.952778
