407 4 0.209375 0.286111 0.278125 0.363889 0.348438 0.469444
406 4 0.273438 0.075000 0.303125 0.116667 0.425000 0.133333
403 4 0.251563 0.172222 0.300000 0.294444 0.401562 0.319444
401 4 0.379688 0.116667 0.410938 0.163889 0.585938 0.197222
400 5 0.189062 0.333333 0.268750 0.466667 0.325000 0.569444
398 4 0.000000 0.769444 0.115625 0.994444 0.057813 1.266667
395 4 0.362500 0.069444 0.387500 0.119444 0.556250 0.130556
389 4 0.267188 0.113889 0.307812 0.180556 0.421875 0.205556
388 4 0.321875 0.188889 0.362500 0.263889 0.503125 0.322222
383 4 0.110937 0.491667 0.221875 0.680556 0.221875 0.830556
367 4 0.395313 0.180556 0.439063 0.277778 0.615625 0.319444
364 4 0.440625 0.269444 0.492188 0.372222 0.685937 0.458333
361 4 0.165625 0.808333 0.290625 1.005556 0.312500 1.311111
352 5 0.251563 0.172222 0.298438 0.294444 0.400000 0.319444
344 4 0.306250 0.316667 0.356250 0.441667 0.484375 0.538889
323 4 0.467187 0.438889 0.532813 0.622222 0.734375 0.752778
125 4 0.221875 0.119444 0.253125 0.188889 0.348438 0.213889
