282 5 0.303125 0.000000 0.329688 0.050000 0.468750 0.022222
281 4 0.321875 0.105556 0.350000 0.150000 0.496875 0.183333
280 4 0.442188 0.283333 0.501563 0.383333 0.693750 0.475000
278 4 0.003125 0.780556 0.118750 0.997222 0.062500 1.280556
275 4 0.735938 0.708333 0.854688 0.994444 1.164062 1.205556
266 4 0.331250 0.163889 0.360938 0.230556 0.512500 0.280556
264 4 0.379688 0.125000 0.407813 0.172222 0.584375 0.211111
261 4 0.271875 0.144444 0.304688 0.213889 0.425000 0.250000
260 4 0.367188 0.088889 0.387500 0.138889 0.560937 0.158333
252 4 0.396875 0.163889 0.428125 0.213889 0.610938 0.269444
248 4 0.329688 0.225000 0.367188 0.327778 0.514062 0.388889
235 5 0.440625 0.286111 0.500000 0.383333 0.690625 0.477778
234 4 0.303125 0.330556 0.351562 0.461111 0.479687 0.563889
222 4 0.257812 0.252778 0.298438 0.336111 0.406250 0.422222
212 4 0.207813 0.655556 0.326562 0.950000 0.370312 1.130556
206 4 0.215625 0.327778 0.270313 0.433333 0.351562 0.547222
189 4 0.112500 0.472222 0.214062 0.686111 0.220312 0.816667
144 4 0.450000 0.522222 0.517188 0.713889 0.709375 0.880556
128 4 0.453125 0.366667 0.514062 0.530556 0.710938 0.633333
125 4 0.221875 0.116667 0.254688 0.188889 0.350000 0.213889
