277 1 0.129688 0.786111 0.181250 1.000000 0.220312 1.286111
275 4 0.803125 0.511111 0.912500 0.700000 1.259375 0.861111
264 4 0.375000 0.111111 0.401562 0.161111 0.576562 0.191667
261 4 0.278125 0.102778 0.309375 0.161111 0.432812 0.183333
260 4 0.362500 0.083333 0.389062 0.127778 0.557813 0.147222
253 4 0.414062 0.208333 0.453125 0.280556 0.642188 0.350000
252 4 0.393750 0.155556 0.425000 0.205556 0.606250 0.258333
248 4 0.331250 0.202778 0.365625 0.283333 0.514062 0.347222
235 5 0.437500 0.286111 0.501563 0.388889 0.689063 0.480556
234 4 0.310937 0.266667 0.360938 0.391667 0.492188 0.463889
222 4 0.270313 0.202778 0.306250 0.280556 0.423438 0.344444
212 4 0.267188 0.513889 0.348438 0.705556 0.442188 0.866667
206 4 0.234375 0.280556 0.279687 0.372222 0.375000 0.469444
189 4 0.157812 0.397222 0.242188 0.572222 0.279687 0.683333
144 4 0.446875 0.522222 0.518750 0.716667 0.706250 0.880556
128 4 0.453125 0.372222 0.514062 0.536111 0.710938 0.638889
125 4 0.223438 0.119444 0.253125 0.191667 0.350000 0.216667
