56 4 0.357812 0.047222 0.381250 0.088889 0.550000 0.091667
51 4 0.317188 0.050000 0.339062 0.097222 0.487500 0.097222
48 4 0.125000 0.430556 0.231250 0.644444 0.240625 0.752778
47 4 0.323437 0.105556 0.353125 0.166667 0.500000 0.188889
45 4 0.273438 0.097222 0.307812 0.158333 0.428125 0.177778
37 4 0.329688 0.166667 0.359375 0.236111 0.509375 0.283333
30 4 0.260937 0.186111 0.303125 0.263889 0.412500 0.319444
25 4 0.445312 0.272222 0.496875 0.386111 0.693750 0.466667
24 4 0.459375 0.513889 0.528125 0.725000 0.723437 0.877778
23 4 0.168750 0.655556 0.292187 0.961111 0.315625 1.136111
5 4 0.223438 0.119444 0.257812 0.191667 0.353125 0.216667
