174 4 0.309375 0.008333 0.329688 0.058333 0.473438 0.038889
171 4 0.321875 0.186111 0.365625 0.272222 0.504687 0.325000
170 4 0.268750 0.080556 0.306250 0.136111 0.421875 0.147222
169 4 0.276562 0.369444 0.351562 0.555556 0.453125 0.647222
164 4 0.135937 0.561111 0.306250 1.000000 0.289062 1.063889
162 4 0.270313 0.136111 0.309375 0.202778 0.426563 0.238889
157 4 0.318750 0.261111 0.364063 0.355556 0.501563 0.441667
153 5 0.310937 0.063889 0.348438 0.158333 0.485938 0.144444
150 4 0.237500 0.255556 0.285938 0.341667 0.381250 0.427778
147 4 0.400000 0.158333 0.460938 0.275000 0.631250 0.297222
144 4 0.456250 0.402778 0.510938 0.544444 0.712500 0.675000
138 4 0.120313 0.436111 0.223438 0.650000 0.232813 0.761111
128 4 0.435937 0.275000 0.495312 0.411111 0.684375 0.480556
125 4 0.221875 0.116667 0.254688 0.188889 0.350000 0.211111
103 4 0.468750 0.602778 0.556250 0.900000 0.746875 1.055556
