395 4 0.354687 0.050000 0.381250 0.094444 0.545312 0.097222
392 4 0.315625 0.041667 0.337500 0.075000 0.484375 0.080556
391 4 0.368750 0.086111 0.393750 0.125000 0.565625 0.150000
390 4 0.259375 0.136111 0.309375 0.255556 0.414062 0.263889
389 4 0.271875 0.072222 0.304688 0.133333 0.425000 0.138889
388 4 0.314063 0.119444 0.350000 0.183333 0.489063 0.211111
383 4 0.134375 0.427778 0.239063 0.613889 0.254688 0.736111
367 4 0.378125 0.127778 0.410938 0.186111 0.582812 0.222222
366 5 0.217188 0.288889 0.287500 0.408333 0.360938 0.494444
364 4 0.403125 0.177778 0.448437 0.272222 0.628125 0.313889
361 4 0.284375 0.436111 0.351562 0.594444 0.460938 0.736111
352 5 0.259375 0.136111 0.307812 0.255556 0.414062 0.263889
344 4 0.315625 0.205556 0.357812 0.294444 0.495312 0.352778
330 4 0.473438 0.486111 0.542188 0.663889 0.745313 0.819444
323 4 0.432812 0.266667 0.485938 0.372222 0.676562 0.452778
125 4 0.218750 0.119444 0.253125 0.191667 0.345313 0.213889
