159 4 0.253125 0.069444 0.270313 0.116667 0.389062 0.127778
157 4 0.323437 0.180556 0.360938 0.263889 0.504687 0.313889
153 4 0.309375 0.005556 0.332813 0.058333 0.476562 0.033333
152 4 0.323437 0.100000 0.354687 0.163889 0.501563 0.183333
150 4 0.275000 0.100000 0.303125 0.150000 0.426563 0.175000
147 5 0.393750 0.122222 0.448437 0.222222 0.618750 0.233333
144 4 0.448437 0.325000 0.506250 0.458333 0.703125 0.555556
142 4 0.259375 0.361111 0.350000 0.652778 0.434375 0.688889
138 4 0.256250 0.197222 0.304688 0.297222 0.409375 0.344444
128 4 0.418750 0.211111 0.464062 0.325000 0.651563 0.375000
126 4 0.309375 0.269444 0.364063 0.405556 0.492188 0.472222
125 4 0.223438 0.122222 0.253125 0.188889 0.350000 0.216667
123 4 0.190625 0.688889 0.295312 0.975000 0.339062 1.175000
103 4 0.467187 0.536111 0.543750 0.802778 0.740625 0.938889
