182 4 0.251563 0.072222 0.271875 0.116667 0.389062 0.130556
180 5 0.409375 0.166667 0.468750 0.294444 0.643750 0.313889
179 4 0.315625 0.047222 0.337500 0.086111 0.485938 0.091667
178 4 0.276562 0.033333 0.301563 0.069444 0.428125 0.069444
171 4 0.323437 0.208333 0.370312 0.294444 0.507812 0.355556
170 4 0.267188 0.130556 0.304688 0.186111 0.420312 0.225000
169 4 0.218750 0.483333 0.331250 0.741667 0.384375 0.855556
162 4 0.267188 0.191667 0.306250 0.263889 0.420312 0.325000
157 4 0.310937 0.302778 0.362500 0.430556 0.493750 0.519444
153 5 0.312500 0.080556 0.357812 0.200000 0.490625 0.180556
150 4 0.200000 0.341667 0.262500 0.461111 0.332813 0.575000
147 4 0.409375 0.166667 0.468750 0.288889 0.643750 0.311111
144 4 0.454688 0.480556 0.515625 0.650000 0.714063 0.805556
138 4 0.000000 0.597222 0.171875 0.905556 0.085938 1.052778
128 4 0.440625 0.297222 0.506250 0.458333 0.693750 0.527778
125 4 0.220312 0.119444 0.256250 0.191667 0.348438 0.216667
