285 4 0.328125 0.144444 0.356250 0.186111 0.506250 0.236111
282 5 0.303125 0.000000 0.329688 0.055556 0.468750 0.027778
281 4 0.325000 0.111111 0.348438 0.150000 0.500000 0.186111
280 5 0.435937 0.283333 0.501563 0.386111 0.687500 0.477778
278 4 0.001563 0.886111 0.068750 0.997222 0.035937 1.386111
275 4 0.725000 0.869444 0.835938 1.005556 1.143750 1.372222
266 4 0.331250 0.177778 0.364063 0.247222 0.514062 0.302778
264 4 0.379688 0.130556 0.409375 0.177778 0.584375 0.219444
261 4 0.264062 0.150000 0.306250 0.244444 0.417187 0.275000
252 4 0.396875 0.163889 0.431250 0.216667 0.614062 0.272222
248 4 0.326562 0.250000 0.367188 0.369444 0.510938 0.436111
235 4 0.434375 0.286111 0.501563 0.386111 0.684375 0.480556
234 4 0.290625 0.363889 0.348438 0.508333 0.465625 0.619444
222 4 0.250000 0.263889 0.296875 0.361111 0.398438 0.444444
212 4 0.175000 0.758333 0.312500 1.005556 0.331250 1.261111
206 4 0.204687 0.352778 0.260937 0.466667 0.335938 0.586111
189 4 0.085938 0.519444 0.196875 0.747222 0.184375 0.894444
144 4 0.450000 0.519444 0.517188 0.713889 0.709375 0.877778
128 4 0.457813 0.369444 0.515625 0.530556 0.715625 0.636111
125 4 0.221875 0.119444 0.254688 0.194444 0.350000 0.216667
