411 5 0.140625 0.377778 0.254688 0.569444 0.268750 0.663889
406 4 0.271875 0.119444 0.306250 0.169444 0.426563 0.205556
404 4 0.317188 0.061111 0.340625 0.105556 0.487500 0.113889
403 4 0.239063 0.205556 0.293750 0.341667 0.387500 0.377778
401 4 0.403125 0.166667 0.437500 0.238889 0.623437 0.286111
389 4 0.262500 0.155556 0.301563 0.236111 0.414062 0.272222
388 4 0.312500 0.302778 0.360938 0.408333 0.492188 0.505556
367 4 0.429688 0.297222 0.485938 0.400000 0.673438 0.497222
364 4 0.473438 0.505556 0.543750 0.694444 0.745313 0.855556
344 4 0.214062 0.572222 0.315625 0.805556 0.371875 0.975000
125 4 0.221875 0.119444 0.253125 0.188889 0.350000 0.213889
