129 4 0.334375 0.002778 0.357812 0.033333 0.514062 0.019444
128 4 0.353125 0.038889 0.376563 0.077778 0.542188 0.080556
126 4 0.315625 0.047222 0.337500 0.080556 0.484375 0.086111
125 4 0.221875 0.122222 0.254688 0.191667 0.350000 0.216667
123 4 0.279687 0.255556 0.328125 0.341667 0.443750 0.427778
119 5 0.000000 0.280556 0.282813 1.000000 0.142187 0.780556
118 4 0.276562 0.105556 0.307812 0.175000 0.429688 0.194444
117 4 0.273438 0.441667 0.342187 0.605556 0.445312 0.744444
114 5 0.325000 0.111111 0.359375 0.213889 0.506250 0.216667
103 4 0.442188 0.269444 0.493750 0.397222 0.689063 0.469444
