171 4 0.321875 0.186111 0.365625 0.269444 0.504687 0.322222
170 4 0.268750 0.077778 0.306250 0.133333 0.421875 0.144444
169 4 0.279687 0.361111 0.353125 0.544444 0.456250 0.633333
168 5 0.314063 0.058333 0.348438 0.152778 0.487500 0.136111
164 4 0.146875 0.547222 0.310937 1.005556 0.303125 1.050000
162 4 0.270313 0.130556 0.307812 0.197222 0.425000 0.230556
157 4 0.318750 0.261111 0.364063 0.352778 0.501563 0.438889
150 4 0.237500 0.252778 0.285938 0.338889 0.381250 0.422222
147 4 0.400000 0.158333 0.460938 0.277778 0.631250 0.297222
144 4 0.456250 0.400000 0.510938 0.541667 0.712500 0.672222
138 4 0.129688 0.433333 0.228125 0.627778 0.243750 0.747222
128 4 0.435937 0.275000 0.493750 0.408333 0.682813 0.480556
125 4 0.220312 0.116667 0.254688 0.186111 0.348438 0.211111
103 4 0.467187 0.586111 0.556250 0.883333 0.745313 1.027778
