262 1 0.300000 0.263889 0.318750 0.347222 0.459375 0.438889
260 4 0.350000 0.055556 0.370312 0.091667 0.535937 0.102778
259 5 0.318750 0.144444 0.364063 0.283333 0.501563 0.286111
257 4 0.323437 0.102778 0.350000 0.152778 0.500000 0.180556
255 4 0.001563 0.788889 0.100000 1.000000 0.051562 1.291667
253 4 0.396875 0.169444 0.443750 0.266667 0.618750 0.305556
252 4 0.378125 0.113889 0.407813 0.155556 0.582812 0.194444
249 4 0.362500 0.077778 0.385937 0.116667 0.556250 0.136111
240 4 0.318750 0.069444 0.340625 0.108333 0.489063 0.125000
238 4 0.146875 0.586111 0.303125 1.008333 0.298438 1.091667
235 5 0.435937 0.283333 0.500000 0.383333 0.685937 0.477778
234 4 0.320312 0.163889 0.365625 0.280556 0.503125 0.305556
222 4 0.281250 0.111111 0.309375 0.169444 0.435937 0.197222
214 4 0.439063 0.283333 0.501563 0.383333 0.690625 0.475000
212 4 0.326562 0.280556 0.371875 0.397222 0.512500 0.477778
206 4 0.264062 0.152778 0.295312 0.233333 0.410938 0.269444
189 4 0.243750 0.244444 0.287500 0.350000 0.387500 0.419444
178 4 0.193750 0.361111 0.264062 0.508333 0.326562 0.613889
144 4 0.450000 0.519444 0.517188 0.711111 0.709375 0.875000
128 4 0.456250 0.372222 0.512500 0.530556 0.712500 0.638889
125 4 0.221875 0.119444 0.254688 0.186111 0.350000 0.213889
