428 4 0.321875 0.205556 0.375000 0.297222 0.509375 0.355556
427 5 0.196875 0.283333 0.273438 0.486111 0.334375 0.525000
425 4 0.401562 0.172222 0.451562 0.283333 0.628125 0.313889
423 4 0.315625 0.050000 0.339062 0.091667 0.484375 0.097222
421 4 0.195312 0.283333 0.273438 0.483333 0.332813 0.525000
401 4 0.454688 0.333333 0.510938 0.466667 0.709375 0.566667
389 4 0.253125 0.219444 0.296875 0.319444 0.403125 0.380556
388 4 0.151562 0.744444 0.285938 1.011111 0.295312 1.250000
367 4 0.421875 0.872222 0.515625 1.011111 0.681250 1.377778
125 4 0.220312 0.116667 0.254688 0.194444 0.348438 0.213889
