206 4 0.284375 0.038889 0.301563 0.077778 0.435937 0.077778
200 5 0.318750 0.158333 0.364063 0.308333 0.500000 0.313889
189 4 0.270313 0.072222 0.298438 0.130556 0.420312 0.138889
187 5 0.428125 0.227778 0.495312 0.388889 0.676562 0.422222
178 4 0.271875 0.127778 0.303125 0.188889 0.423438 0.225000
171 4 0.295312 0.413889 0.357812 0.572222 0.475000 0.700000
170 4 0.251563 0.241667 0.296875 0.338889 0.400000 0.411111
162 4 0.195312 0.383333 0.268750 0.525000 0.329688 0.647222
150 4 0.000000 0.822222 0.075000 0.997222 0.037500 1.322222
144 4 0.448437 0.519444 0.517188 0.716667 0.707812 0.877778
128 4 0.454688 0.372222 0.515625 0.533333 0.712500 0.638889
125 4 0.221875 0.119444 0.254688 0.200000 0.350000 0.219444
