364 4 0.370312 0.091667 0.398438 0.133333 0.568750 0.158333
363 4 0.275000 0.027778 0.306250 0.097222 0.428125 0.077778
362 2 0.275000 0.197222 0.365625 0.508333 0.457813 0.452778
361 4 0.326562 0.144444 0.356250 0.202778 0.504687 0.244444
360 4 0.275000 0.197222 0.364063 0.497222 0.457813 0.447222
352 5 0.275000 0.027778 0.307812 0.097222 0.429688 0.075000
347 4 0.312500 0.041667 0.334375 0.080556 0.479687 0.083333
344 4 0.315625 0.083333 0.340625 0.127778 0.485938 0.147222
340 4 0.442188 0.297222 0.496875 0.411111 0.690625 0.502778
333 5 0.260937 0.127778 0.309375 0.225000 0.417187 0.241667
330 4 0.406250 0.202778 0.450000 0.280556 0.631250 0.344444
327 4 0.468750 0.716667 0.570312 1.008333 0.754687 1.222222
323 4 0.376563 0.130556 0.410938 0.177778 0.582812 0.219444
310 4 0.081250 0.547222 0.201563 0.791667 0.182812 0.944444
125 4 0.221875 0.119444 0.253125 0.188889 0.350000 0.213889
