153 4 0.307812 0.002778 0.331250 0.041667 0.473438 0.025000
151 4 0.325000 0.138889 0.359375 0.216667 0.504687 0.250000
150 4 0.273438 0.075000 0.303125 0.125000 0.425000 0.138889
147 4 0.389062 0.116667 0.440625 0.200000 0.609375 0.216667
144 4 0.448437 0.294444 0.500000 0.433333 0.698438 0.511111
142 4 0.260937 0.361111 0.351562 0.638889 0.437500 0.683333
138 4 0.260937 0.161111 0.306250 0.258333 0.414062 0.291667
128 4 0.404687 0.191667 0.457813 0.291667 0.634375 0.338889
126 4 0.314063 0.255556 0.362500 0.377778 0.495312 0.444444
125 4 0.221875 0.116667 0.254688 0.194444 0.350000 0.213889
123 4 0.201563 0.655556 0.303125 0.916667 0.354687 1.113889
103 4 0.467187 0.533333 0.540625 0.780556 0.737500 0.922222
