308 4 0.268750 0.077778 0.304688 0.141667 0.420312 0.150000
301 4 0.367188 0.086111 0.393750 0.119444 0.564063 0.144444
299 5 0.310937 0.027778 0.345313 0.133333 0.484375 0.094444
291 4 0.371875 0.111111 0.398438 0.155556 0.571875 0.188889
285 4 0.325000 0.275000 0.371875 0.372222 0.510938 0.461111
283 4 0.323437 0.136111 0.354687 0.202778 0.501563 0.238889
281 4 0.325000 0.197222 0.360938 0.277778 0.504687 0.336111
280 4 0.435937 0.297222 0.507812 0.402778 0.690625 0.500000
266 4 0.279687 0.419444 0.353125 0.594444 0.456250 0.716667
264 4 0.387500 0.144444 0.412500 0.188889 0.593750 0.238889
261 4 0.218750 0.302778 0.270313 0.436111 0.354687 0.522222
252 4 0.398438 0.177778 0.432812 0.225000 0.615625 0.291667
222 4 0.170313 0.436111 0.250000 0.608333 0.295312 0.741667
206 4 0.000000 0.725000 0.132812 0.997222 0.065625 1.225000
144 4 0.439063 0.600000 0.520312 0.844444 0.698438 1.025000
128 4 0.456250 0.386111 0.521875 0.577778 0.717187 0.675000
125 4 0.220312 0.122222 0.256250 0.202778 0.348438 0.225000
