398 4 0.000000 0.633333 0.162500 0.963889 0.081250 1.116667
395 4 0.356250 0.052778 0.381250 0.100000 0.546875 0.102778
392 4 0.318750 0.047222 0.339062 0.080556 0.489063 0.086111
390 4 0.257812 0.144444 0.303125 0.258333 0.409375 0.275000
389 4 0.271875 0.080556 0.301563 0.144444 0.423438 0.152778
388 4 0.312500 0.127778 0.351562 0.197222 0.489063 0.227778
383 4 0.132812 0.436111 0.232813 0.625000 0.250000 0.750000
367 4 0.381250 0.136111 0.417187 0.202778 0.590625 0.236111
366 5 0.210938 0.280556 0.287500 0.419444 0.354687 0.491667
364 4 0.414062 0.197222 0.457813 0.277778 0.643750 0.338889
361 4 0.260937 0.491667 0.343750 0.694444 0.434375 0.841667
352 5 0.257812 0.144444 0.303125 0.261111 0.409375 0.275000
344 4 0.317188 0.230556 0.359375 0.325000 0.496875 0.391667
330 4 0.479687 0.563889 0.559375 0.780556 0.759375 0.955556
323 4 0.443750 0.297222 0.498437 0.408333 0.693750 0.502778
125 4 0.220312 0.119444 0.253125 0.191667 0.348438 0.213889
