347 4 0.310937 0.022222 0.334375 0.063889 0.478125 0.052778
344 4 0.315625 0.061111 0.335938 0.097222 0.484375 0.108333
340 4 0.415625 0.211111 0.459375 0.297222 0.646875 0.361111
333 4 0.271875 0.075000 0.309375 0.136111 0.426563 0.144444
330 4 0.392188 0.158333 0.428125 0.213889 0.606250 0.266667
327 4 0.448437 0.358333 0.512500 0.513889 0.704688 0.613889
323 4 0.373437 0.105556 0.400000 0.161111 0.573438 0.186111
313 4 0.207813 0.322222 0.270313 0.450000 0.343750 0.547222
310 4 0.100000 0.494444 0.220312 0.747222 0.209375 0.866667
299 5 0.312500 0.116667 0.368750 0.305556 0.496875 0.269444
283 4 0.271875 0.438889 0.345313 0.613889 0.443750 0.747222
222 4 0.000000 0.883333 0.075000 0.997222 0.037500 1.383333
125 4 0.221875 0.122222 0.256250 0.191667 0.350000 0.219444
