309 4 0.314063 0.102778 0.348438 0.138889 0.487500 0.172222
299 5 0.310937 0.030556 0.346875 0.125000 0.484375 0.094444
285 4 0.318750 0.294444 0.370312 0.411111 0.504687 0.502778
283 4 0.318750 0.141667 0.359375 0.219444 0.498437 0.252778
281 4 0.321875 0.213889 0.364063 0.297222 0.504687 0.363889
280 4 0.442188 0.302778 0.507812 0.408333 0.696875 0.508333
266 4 0.254688 0.480556 0.345313 0.691667 0.426563 0.827778
264 4 0.385937 0.144444 0.409375 0.191667 0.590625 0.241667
252 4 0.398438 0.175000 0.432812 0.227778 0.615625 0.288889
222 4 0.156250 0.452778 0.245312 0.633333 0.279687 0.772222
206 4 0.001563 0.777778 0.107813 0.997222 0.056250 1.277778
144 4 0.432812 0.666667 0.521875 0.944444 0.693750 1.138889
128 4 0.450000 0.394444 0.525000 0.605556 0.714063 0.697222
125 4 0.221875 0.122222 0.256250 0.200000 0.350000 0.225000
