264 4 0.370312 0.105556 0.400000 0.150000 0.571875 0.180556
261 4 0.282813 0.072222 0.309375 0.133333 0.437500 0.141667
260 4 0.360938 0.075000 0.382812 0.116667 0.551562 0.133333
253 4 0.409375 0.202778 0.450000 0.275000 0.634375 0.341667
252 4 0.389062 0.144444 0.420312 0.191667 0.600000 0.241667
248 4 0.331250 0.186111 0.364063 0.255556 0.512500 0.313889
235 5 0.439063 0.286111 0.501563 0.386111 0.690625 0.480556
234 4 0.321875 0.252778 0.362500 0.355556 0.503125 0.430556
222 4 0.275000 0.166667 0.306250 0.238889 0.428125 0.286111
214 4 0.439063 0.286111 0.503125 0.386111 0.690625 0.477778
212 4 0.293750 0.413889 0.357812 0.580556 0.473438 0.705556
206 4 0.246875 0.247222 0.285938 0.325000 0.390625 0.411111
189 4 0.195312 0.344444 0.259375 0.486111 0.325000 0.586111
178 4 0.090625 0.536111 0.207813 0.761111 0.195312 0.916667
144 4 0.448437 0.522222 0.518750 0.713889 0.707812 0.880556
128 4 0.456250 0.372222 0.514062 0.536111 0.714063 0.638889
125 4 0.221875 0.119444 0.254688 0.194444 0.350000 0.216667
