425 4 0.395313 0.161111 0.442188 0.277778 0.617188 0.300000
423 4 0.317188 0.047222 0.335938 0.083333 0.485938 0.088889
421 4 0.206250 0.266667 0.278125 0.447222 0.345313 0.488889
418 4 0.323437 0.100000 0.353125 0.161111 0.501563 0.180556
406 4 0.260937 0.138889 0.312500 0.227778 0.417187 0.252778
401 4 0.446875 0.297222 0.496875 0.405556 0.695312 0.500000
395 5 0.393750 0.155556 0.443750 0.283333 0.615625 0.300000
389 4 0.257812 0.208333 0.298438 0.300000 0.407813 0.361111
388 4 0.207813 0.619444 0.312500 0.891667 0.364063 1.066667
367 4 0.426563 0.647222 0.517188 0.933333 0.685937 1.113889
125 4 0.221875 0.116667 0.254688 0.191667 0.350000 0.213889
