369 4 0.310937 0.008333 0.329688 0.050000 0.475000 0.033333
367 4 0.359375 0.069444 0.385937 0.113889 0.553125 0.127778
366 5 0.254688 0.155556 0.312500 0.280556 0.410938 0.297222
364 4 0.371875 0.100000 0.401562 0.150000 0.573438 0.175000
363 5 0.270313 0.052778 0.307812 0.133333 0.425000 0.119444
361 4 0.320312 0.163889 0.360938 0.258333 0.501563 0.294444
352 4 0.271875 0.055556 0.307812 0.130556 0.426563 0.122222
347 4 0.312500 0.055556 0.337500 0.097222 0.481250 0.105556
344 4 0.315625 0.094444 0.345313 0.152778 0.489063 0.172222
340 4 0.454688 0.388889 0.512500 0.525000 0.710938 0.652778
323 4 0.385937 0.147222 0.418750 0.200000 0.595313 0.247222
313 4 0.150000 0.408333 0.225000 0.577778 0.262500 0.697222
310 4 0.075000 0.555556 0.195312 0.802778 0.173437 0.958333
125 4 0.221875 0.119444 0.254688 0.191667 0.350000 0.216667
