218 4 0.367188 0.075000 0.395313 0.119444 0.565625 0.136111
214 4 0.431250 0.241667 0.500000 0.380556 0.681250 0.430556
213 4 0.326562 0.130556 0.357812 0.202778 0.506250 0.233333
208 4 0.320312 0.086111 0.346875 0.130556 0.495312 0.150000
206 4 0.279687 0.058333 0.300000 0.100000 0.429688 0.108333
200 4 0.317188 0.211111 0.362500 0.361111 0.498437 0.391667
189 4 0.273438 0.097222 0.300000 0.155556 0.423438 0.175000
178 4 0.264062 0.152778 0.303125 0.227778 0.415625 0.266667
171 4 0.254688 0.536111 0.345313 0.755556 0.426563 0.913889
170 4 0.226562 0.280556 0.287500 0.405556 0.370312 0.486111
162 4 0.139063 0.480556 0.237500 0.652778 0.257812 0.808333
144 4 0.450000 0.522222 0.518750 0.713889 0.709375 0.880556
128 4 0.457813 0.366667 0.512500 0.530556 0.714063 0.633333
125 4 0.223438 0.119444 0.253125 0.188889 0.350000 0.213889
