201 4 0.425000 0.213889 0.489063 0.355556 0.670312 0.391667
200 5 0.318750 0.138889 0.362500 0.275000 0.501563 0.277778
194 4 0.671875 0.758333 0.795312 1.008333 1.070312 1.263889
189 4 0.276562 0.058333 0.300000 0.108333 0.426563 0.113889
187 5 0.426563 0.211111 0.489063 0.355556 0.671875 0.388889
186 4 0.318750 0.063889 0.342187 0.100000 0.490625 0.113889
178 4 0.275000 0.111111 0.304688 0.163889 0.428125 0.194444
171 4 0.310937 0.344444 0.367188 0.494444 0.493750 0.591667
170 4 0.259375 0.213889 0.301563 0.297222 0.410938 0.363889
162 4 0.220312 0.333333 0.281250 0.461111 0.360938 0.563889
157 4 0.209375 0.680556 0.326562 0.991667 0.373437 1.177778
153 4 0.321875 0.144444 0.364063 0.272222 0.503125 0.283333
150 4 -0.001563 0.694444 0.139063 0.955556 0.067187 1.172222
144 4 0.450000 0.519444 0.518750 0.716667 0.709375 0.877778
128 4 0.453125 0.369444 0.517188 0.533333 0.712500 0.636111
125 4 0.221875 0.119444 0.254688 0.197222 0.350000 0.216667
