427 4 0.198437 0.280556 0.275000 0.477778 0.335938 0.519444
425 4 0.398438 0.169444 0.448437 0.277778 0.623437 0.308333
423 4 0.315625 0.050000 0.339062 0.088889 0.485938 0.094444
421 5 0.198437 0.280556 0.275000 0.475000 0.335938 0.516667
418 4 0.325000 0.119444 0.357812 0.177778 0.504687 0.208333
401 4 0.450000 0.316667 0.507812 0.461111 0.704688 0.547222
389 4 0.254688 0.219444 0.296875 0.319444 0.403125 0.377778
388 4 0.162500 0.705556 0.292187 1.008333 0.309375 1.211111
367 4 0.423438 0.808333 0.514062 1.011111 0.681250 1.313889
125 4 0.220312 0.113889 0.254688 0.197222 0.348438 0.213889
