196 4 0.321875 0.083333 0.345313 0.122222 0.493750 0.144444
195 4 0.285938 0.013889 0.301563 0.041667 0.435937 0.033333
193 4 0.345313 0.019444 0.364063 0.052778 0.528125 0.047222
189 4 0.278125 0.036111 0.300000 0.080556 0.428125 0.077778
187 5 0.418750 0.188889 0.485938 0.338889 0.662500 0.358333
186 4 0.318750 0.050000 0.337500 0.088889 0.487500 0.094444
185 4 0.325000 0.127778 0.360938 0.241667 0.506250 0.250000
178 4 0.275000 0.083333 0.306250 0.130556 0.428125 0.150000
171 4 0.323437 0.280556 0.370312 0.397222 0.509375 0.480556
170 4 0.264062 0.180556 0.306250 0.255556 0.418750 0.311111
162 4 0.243750 0.258333 0.295312 0.377778 0.392188 0.447222
157 4 0.267188 0.500000 0.346875 0.700000 0.442188 0.852778
153 5 0.323437 0.125000 0.362500 0.247222 0.504687 0.250000
150 4 0.078125 0.533333 0.198437 0.733333 0.178125 0.900000
144 4 0.450000 0.522222 0.518750 0.716667 0.709375 0.880556
128 4 0.454688 0.363889 0.514062 0.533333 0.712500 0.630556
125 4 0.221875 0.122222 0.254688 0.191667 0.348438 0.216667
