275 4 0.828125 0.469444 0.935937 0.647222 1.296875 0.794444
266 4 0.328125 0.150000 0.357812 0.208333 0.507812 0.255556
264 4 0.373437 0.111111 0.401562 0.158333 0.575000 0.191667
261 4 0.278125 0.083333 0.310937 0.152778 0.434375 0.161111
260 4 0.360938 0.077778 0.382812 0.125000 0.553125 0.141667
253 4 0.412500 0.202778 0.450000 0.277778 0.637500 0.341667
252 4 0.390625 0.152778 0.423438 0.202778 0.603125 0.255556
248 4 0.331250 0.194444 0.365625 0.272222 0.514062 0.333333
235 5 0.439063 0.288889 0.501563 0.383333 0.690625 0.480556
234 4 0.320312 0.263889 0.362500 0.383333 0.501563 0.455556
222 4 0.271875 0.186111 0.306250 0.263889 0.426563 0.319444
212 4 0.279687 0.461111 0.351562 0.655556 0.456250 0.788889
206 4 0.240625 0.269444 0.281250 0.355556 0.381250 0.450000
189 4 0.175000 0.375000 0.248438 0.536111 0.300000 0.644444
178 4 0.070312 0.591667 0.190625 0.841667 0.165625 1.013889
144 4 0.446875 0.522222 0.518750 0.716667 0.706250 0.883333
128 4 0.453125 0.372222 0.514062 0.533333 0.710938 0.638889
125 4 0.221875 0.113889 0.254688 0.191667 0.348438 0.211111
