169 4 0.296875 0.316667 0.359375 0.477778 0.476562 0.555556
167 4 0.732812 0.675000 0.867188 0.972222 1.165625 1.161111
164 4 0.198437 0.469444 0.328125 0.869444 0.362500 0.905556
162 4 0.273438 0.102778 0.310937 0.166667 0.428125 0.186111
157 4 0.318750 0.255556 0.362500 0.330556 0.500000 0.419444
153 5 0.315625 0.038889 0.345313 0.127778 0.487500 0.102778
150 4 0.248438 0.208333 0.293750 0.294444 0.396875 0.355556
147 4 0.398438 0.150000 0.457813 0.272222 0.626563 0.286111
144 4 0.456250 0.380556 0.507812 0.522222 0.710938 0.641667
138 4 0.167187 0.366667 0.250000 0.536111 0.293750 0.636111
128 4 0.429688 0.261111 0.489063 0.397222 0.675000 0.461111
125 4 0.221875 0.119444 0.254688 0.191667 0.350000 0.213889
103 4 0.467187 0.552778 0.545312 0.822222 0.740625 0.963889
