51 4 0.314063 0.016667 0.331250 0.050000 0.479687 0.044444
50 4 0.340625 0.008333 0.360938 0.038889 0.521875 0.027778
47 4 0.320312 0.052778 0.342187 0.088889 0.492188 0.100000
45 4 0.278125 0.061111 0.304688 0.100000 0.431250 0.111111
38 4 0.364063 0.066667 0.389062 0.105556 0.559375 0.122222
37 4 0.325000 0.083333 0.346875 0.125000 0.498437 0.147222
30 4 0.276562 0.102778 0.306250 0.150000 0.429688 0.177778
25 4 0.410938 0.166667 0.450000 0.241667 0.635938 0.286111
24 4 0.443750 0.288889 0.490625 0.397222 0.689063 0.488889
23 4 0.318750 0.222222 0.362500 0.313889 0.500000 0.377778
22 4 0.273438 0.405556 0.335938 0.547222 0.440625 0.680556
5 4 0.221875 0.127778 0.259375 0.186111 0.351562 0.222222
