266 4 0.328125 0.138889 0.354687 0.183333 0.506250 0.230556
264 4 0.371875 0.094444 0.398438 0.138889 0.571875 0.166667
261 4 0.285938 0.063889 0.312500 0.116667 0.442188 0.122222
260 4 0.354687 0.069444 0.379688 0.108333 0.545312 0.125000
253 4 0.410938 0.197222 0.450000 0.272222 0.635938 0.333333
252 4 0.387500 0.138889 0.417187 0.186111 0.596875 0.230556
248 4 0.328125 0.177778 0.364063 0.241667 0.510938 0.300000
235 5 0.439063 0.288889 0.501563 0.383333 0.690625 0.480556
234 4 0.320312 0.233333 0.364063 0.330556 0.503125 0.400000
222 4 0.275000 0.147222 0.309375 0.219444 0.429688 0.258333
214 4 0.440625 0.286111 0.501563 0.383333 0.692187 0.477778
212 4 0.304688 0.380556 0.365625 0.527778 0.489063 0.644444
206 4 0.254688 0.225000 0.290625 0.300000 0.400000 0.375000
189 4 0.206250 0.319444 0.267188 0.452778 0.340625 0.547222
178 4 0.121875 0.491667 0.225000 0.694444 0.234375 0.838889
144 4 0.453125 0.522222 0.515625 0.713889 0.710938 0.880556
128 4 0.456250 0.372222 0.515625 0.533333 0.714063 0.638889
125 4 0.220312 0.122222 0.254688 0.191667 0.348438 0.219444
