313 4 0.273438 0.122222 0.304688 0.180556 0.426563 0.211111
310 4 0.204687 0.330556 0.268750 0.472222 0.340625 0.566667
299 5 0.309375 0.041667 0.353125 0.155556 0.487500 0.119444
285 4 0.303125 0.372222 0.362500 0.513889 0.484375 0.630556
283 4 0.326562 0.169444 0.359375 0.241667 0.506250 0.291667
281 4 0.321875 0.255556 0.364063 0.344444 0.504687 0.427778
280 4 0.440625 0.297222 0.515625 0.458333 0.698438 0.527778
266 4 0.190625 0.650000 0.310937 0.941667 0.346875 1.119444
222 4 0.129688 0.500000 0.231250 0.705556 0.245312 0.852778
144 4 0.434375 0.844444 0.518750 1.002778 0.693750 1.344444
128 4 0.459375 0.452778 0.535937 0.688889 0.726562 0.797222
125 4 0.221875 0.125000 0.257812 0.197222 0.351562 0.222222
