301 4 0.367188 0.088889 0.393750 0.119444 0.564063 0.150000
299 5 0.310937 0.019444 0.345313 0.130556 0.484375 0.086111
291 4 0.375000 0.113889 0.396875 0.155556 0.573438 0.191667
285 4 0.321875 0.261111 0.371875 0.361111 0.507812 0.441667
283 4 0.315625 0.133333 0.353125 0.197222 0.492188 0.230556
281 4 0.326562 0.194444 0.357812 0.266667 0.506250 0.330556
280 4 0.431250 0.300000 0.507812 0.413889 0.685937 0.508333
266 4 0.285938 0.388889 0.359375 0.563889 0.467187 0.672222
264 4 0.389062 0.141667 0.412500 0.191667 0.595313 0.238889
261 4 0.220312 0.300000 0.273438 0.427778 0.357812 0.513889
252 4 0.398438 0.177778 0.432812 0.225000 0.615625 0.291667
222 4 0.175000 0.427778 0.253125 0.594444 0.301563 0.725000
206 4 0.000000 0.700000 0.142187 0.963889 0.070312 1.183333
144 4 0.443750 0.588889 0.520312 0.813889 0.704688 0.994444
128 4 0.456250 0.383333 0.521875 0.569444 0.717187 0.669444
125 4 0.220312 0.119444 0.256250 0.202778 0.348438 0.222222
