367 4 0.359375 0.069444 0.385937 0.108333 0.553125 0.122222
366 4 0.257812 0.150000 0.310937 0.258333 0.414062 0.280556
364 4 0.371875 0.097222 0.400000 0.144444 0.571875 0.169444
363 4 0.276562 0.052778 0.306250 0.119444 0.429688 0.113889
361 4 0.318750 0.150000 0.364063 0.247222 0.501563 0.275000
356 5 0.256250 0.141667 0.312500 0.258333 0.412500 0.272222
352 5 0.273438 0.038889 0.307812 0.125000 0.428125 0.102778
347 4 0.312500 0.050000 0.337500 0.094444 0.481250 0.097222
344 4 0.315625 0.086111 0.343750 0.147222 0.487500 0.161111
340 4 0.448437 0.338889 0.510938 0.477778 0.703125 0.580556
330 4 0.415625 0.216667 0.460938 0.308333 0.646875 0.372222
323 4 0.384375 0.138889 0.415625 0.194444 0.592187 0.236111
310 4 0.075000 0.552778 0.198437 0.802778 0.175000 0.955556
125 4 0.221875 0.119444 0.254688 0.188889 0.350000 0.213889
