171 4 0.325000 0.188889 0.364063 0.261111 0.507812 0.319444
170 4 0.273438 0.075000 0.303125 0.122222 0.425000 0.136111
169 4 0.287500 0.347222 0.353125 0.508333 0.465625 0.602778
168 5 0.318750 0.058333 0.345313 0.141667 0.492188 0.127778
164 4 0.173437 0.513889 0.321875 0.961111 0.334375 0.994444
162 4 0.268750 0.119444 0.307812 0.183333 0.423438 0.211111
157 4 0.318750 0.258333 0.364063 0.347222 0.501563 0.433333
150 4 0.245312 0.230556 0.290625 0.313889 0.390625 0.388889
147 4 0.401562 0.155556 0.457813 0.272222 0.631250 0.294444
144 4 0.456250 0.388889 0.509375 0.536111 0.710938 0.658333
138 4 0.145313 0.402778 0.239063 0.594444 0.265625 0.702778
128 4 0.434375 0.272222 0.489063 0.400000 0.678125 0.472222
125 4 0.221875 0.119444 0.254688 0.191667 0.350000 0.216667
103 4 0.465625 0.575000 0.545312 0.850000 0.739062 1.000000
