352 4 0.278125 0.019444 0.301563 0.061111 0.429688 0.050000
351 4 0.306250 0.000000 0.325000 0.030556 0.468750 0.016667
347 4 0.310937 0.027778 0.334375 0.069444 0.478125 0.063889
344 4 0.314063 0.063889 0.337500 0.108333 0.484375 0.119444
341 4 0.270313 0.088889 0.309375 0.169444 0.425000 0.175000
333 5 0.268750 0.091667 0.309375 0.172222 0.423438 0.177778
330 4 0.395313 0.155556 0.437500 0.261111 0.614062 0.286111
327 4 0.459375 0.458333 0.526563 0.633333 0.721875 0.775000
323 4 0.373437 0.105556 0.401562 0.163889 0.575000 0.188889
313 4 0.190625 0.363889 0.257812 0.494444 0.320312 0.611111
310 4 0.078125 0.527778 0.206250 0.777778 0.181250 0.919444
299 4 0.300000 0.147222 0.365625 0.363889 0.482812 0.330556
283 4 0.210938 0.605556 0.314063 0.847222 0.368750 1.027778
125 4 0.220312 0.116667 0.254688 0.191667 0.348438 0.213889
