259 5 0.318750 0.150000 0.362500 0.280556 0.500000 0.291667
257 4 0.323437 0.100000 0.350000 0.150000 0.498437 0.177778
255 4 0.000000 0.769444 0.106250 0.997222 0.053125 1.266667
253 4 0.398438 0.175000 0.442188 0.261111 0.620313 0.305556
252 4 0.378125 0.113889 0.406250 0.152778 0.581250 0.191667
249 4 0.362500 0.075000 0.385937 0.116667 0.554688 0.133333
248 4 0.325000 0.147222 0.357812 0.197222 0.504687 0.247222
240 4 0.318750 0.069444 0.340625 0.105556 0.489063 0.125000
238 4 0.151562 0.575000 0.304688 1.005556 0.304688 1.077778
235 5 0.435937 0.286111 0.501563 0.383333 0.687500 0.477778
234 4 0.318750 0.172222 0.362500 0.272222 0.500000 0.308333
222 4 0.281250 0.105556 0.310937 0.166667 0.437500 0.191667
214 4 0.439063 0.283333 0.501563 0.386111 0.690625 0.477778
212 4 0.325000 0.275000 0.373437 0.388889 0.512500 0.469444
206 4 0.262500 0.150000 0.295312 0.227778 0.410938 0.263889
189 4 0.245312 0.241667 0.289062 0.344444 0.390625 0.413889
178 4 0.198437 0.352778 0.267188 0.500000 0.332813 0.605556
144 4 0.451562 0.522222 0.517188 0.713889 0.710938 0.880556
128 4 0.454688 0.372222 0.512500 0.530556 0.710938 0.638889
125 4 0.221875 0.119444 0.254688 0.186111 0.350000 0.213889
