341 4 0.276562 0.030556 0.304688 0.088889 0.428125 0.075000
340 4 0.396875 0.188889 0.440625 0.272222 0.617188 0.325000
333 5 0.275000 0.027778 0.306250 0.088889 0.428125 0.072222
330 4 0.387500 0.144444 0.418750 0.197222 0.596875 0.244444
327 4 0.440625 0.288889 0.492188 0.388889 0.687500 0.483333
323 4 0.370312 0.108333 0.398438 0.152778 0.570312 0.186111
313 4 0.250000 0.255556 0.290625 0.333333 0.395313 0.422222
310 4 0.159375 0.422222 0.248438 0.611111 0.284375 0.727778
299 5 0.310937 0.072222 0.365625 0.216667 0.493750 0.180556
283 4 0.315625 0.277778 0.359375 0.375000 0.495312 0.466667
281 4 0.254688 0.491667 0.339062 0.688889 0.425000 0.836111
222 4 0.001563 0.716667 0.143750 0.997222 0.075000 1.216667
125 4 0.221875 0.116667 0.256250 0.191667 0.350000 0.213889
