336 4 0.337500 0.005556 0.362500 0.052778 0.518750 0.033333
334 4 0.453125 0.372222 0.501563 0.450000 0.704688 0.600000
333 4 0.276562 0.025000 0.306250 0.075000 0.429688 0.061111
331 4 0.400000 0.180556 0.435937 0.236111 0.618750 0.300000
330 4 0.385937 0.144444 0.414062 0.194444 0.593750 0.241667
327 4 0.434375 0.263889 0.485938 0.375000 0.676562 0.452778
323 4 0.371875 0.105556 0.400000 0.155556 0.571875 0.183333
313 4 0.254688 0.225000 0.296875 0.302778 0.403125 0.375000
310 4 0.173437 0.402778 0.251563 0.575000 0.300000 0.688889
299 5 0.310937 0.058333 0.362500 0.208333 0.492188 0.163889
285 4 0.159375 0.733333 0.298438 1.005556 0.307812 1.238889
283 4 0.318750 0.252778 0.360938 0.336111 0.500000 0.422222
281 4 0.285938 0.413889 0.346875 0.569444 0.460938 0.697222
222 4 0.000000 0.663889 0.167187 0.963889 0.081250 1.147222
125 4 0.221875 0.116667 0.254688 0.200000 0.350000 0.216667
