392 4 0.315625 0.038889 0.335938 0.075000 0.484375 0.077778
391 4 0.367188 0.083333 0.392188 0.122222 0.564063 0.144444
390 4 0.260937 0.133333 0.303125 0.238889 0.414062 0.252778
389 4 0.275000 0.066667 0.304688 0.122222 0.428125 0.127778
388 4 0.314063 0.111111 0.348438 0.172222 0.489063 0.197222
383 4 0.139063 0.427778 0.237500 0.613889 0.259375 0.736111
367 4 0.375000 0.122222 0.407813 0.177778 0.578125 0.211111
366 5 0.221875 0.272222 0.292187 0.402778 0.368750 0.472222
364 4 0.400000 0.169444 0.442188 0.258333 0.621875 0.300000
361 4 0.296875 0.386111 0.357812 0.541667 0.475000 0.658333
344 4 0.315625 0.197222 0.354687 0.280556 0.493750 0.338889
323 4 0.429688 0.252778 0.476562 0.350000 0.668750 0.427778
125 4 0.220312 0.116667 0.253125 0.191667 0.348438 0.213889
