306 4 0.310937 0.086111 0.345313 0.125000 0.484375 0.150000
301 4 0.367188 0.088889 0.390625 0.119444 0.562500 0.150000
300 4 0.696875 0.875000 0.792188 1.002778 1.093750 1.377778
299 5 0.309375 0.011111 0.346875 0.125000 0.482812 0.075000
291 4 0.373437 0.116667 0.396875 0.155556 0.573438 0.194444
285 4 0.329688 0.252778 0.371875 0.338889 0.515625 0.425000
283 4 0.315625 0.130556 0.353125 0.191667 0.492188 0.227778
281 4 0.328125 0.188889 0.357812 0.252778 0.507812 0.316667
280 5 0.437500 0.294444 0.506250 0.400000 0.690625 0.494444
266 4 0.298438 0.375000 0.357812 0.516667 0.478125 0.636111
264 4 0.389062 0.141667 0.412500 0.191667 0.595313 0.238889
261 4 0.223438 0.297222 0.276562 0.419444 0.360938 0.508333
252 4 0.398438 0.177778 0.432812 0.225000 0.615625 0.291667
248 4 0.157812 0.700000 0.290625 1.008333 0.303125 1.202778
222 4 0.178125 0.411111 0.257812 0.580556 0.307812 0.702778
206 4 0.004687 0.669444 0.154688 0.919444 0.081250 1.130556
144 4 0.443750 0.563889 0.518750 0.777778 0.703125 0.952778
128 4 0.450000 0.372222 0.521875 0.569444 0.710938 0.658333
125 4 0.221875 0.119444 0.254688 0.200000 0.350000 0.219444
