292 4 0.353125 0.044444 0.375000 0.080556 0.540625 0.086111
291 4 0.370312 0.111111 0.395313 0.155556 0.568750 0.188889
289 4 0.726562 0.638889 0.856250 0.902778 1.156250 1.091667
285 4 0.329688 0.175000 0.365625 0.236111 0.514062 0.294444
283 4 0.320312 0.088889 0.346875 0.136111 0.493750 0.158333
281 4 0.323437 0.133333 0.354687 0.180556 0.501563 0.225000
266 4 0.329688 0.219444 0.368750 0.316667 0.514062 0.377778
264 4 0.385937 0.141667 0.412500 0.188889 0.592187 0.238889
261 4 0.246875 0.250000 0.287500 0.338889 0.390625 0.422222
252 4 0.398438 0.175000 0.432812 0.225000 0.615625 0.288889
248 4 0.307812 0.319444 0.368750 0.477778 0.492188 0.561111
235 4 0.440625 0.283333 0.501563 0.383333 0.692187 0.477778
234 4 0.184375 0.597222 0.298438 0.869444 0.332813 1.033333
222 4 0.221875 0.322222 0.281250 0.452778 0.362500 0.550000
206 4 0.153125 0.452778 0.232813 0.605556 0.270313 0.755556
189 4 0.000000 0.733333 0.110937 0.997222 0.054688 1.230556
144 4 0.448437 0.519444 0.515625 0.713889 0.707812 0.877778
128 4 0.456250 0.372222 0.514062 0.530556 0.714063 0.638889
125 4 0.221875 0.116667 0.254688 0.191667 0.350000 0.213889
