281 4 0.323437 0.108333 0.348438 0.147222 0.496875 0.180556
280 4 0.442188 0.286111 0.501563 0.383333 0.693750 0.477778
278 4 0.001563 0.758333 0.129688 1.000000 0.067187 1.258333
275 4 0.742188 0.663889 0.859375 0.930556 1.171875 1.130556
266 4 0.331250 0.163889 0.359375 0.227778 0.512500 0.277778
264 4 0.379688 0.125000 0.404687 0.172222 0.582812 0.211111
261 4 0.273438 0.136111 0.307812 0.202778 0.428125 0.238889
260 4 0.364063 0.088889 0.385937 0.138889 0.557813 0.158333
248 4 0.329688 0.225000 0.367188 0.325000 0.514062 0.388889
235 5 0.440625 0.288889 0.500000 0.383333 0.690625 0.480556
234 4 0.304688 0.319444 0.353125 0.447222 0.482812 0.544444
222 4 0.257812 0.236111 0.301563 0.327778 0.409375 0.400000
212 4 0.220312 0.636111 0.328125 0.905556 0.384375 1.088889
206 4 0.220312 0.322222 0.271875 0.425000 0.356250 0.536111
189 4 0.117188 0.458333 0.217188 0.663889 0.226562 0.791667
144 4 0.450000 0.522222 0.518750 0.713889 0.709375 0.880556
128 4 0.454688 0.369444 0.515625 0.533333 0.714063 0.636111
125 4 0.221875 0.116667 0.256250 0.191667 0.351562 0.213889
