380 4 0.275000 0.030556 0.303125 0.077778 0.426563 0.069444
378 4 0.009375 0.450000 0.334375 0.997222 0.176563 0.950000
376 4 0.312500 0.016667 0.334375 0.058333 0.479687 0.047222
367 4 0.365625 0.091667 0.393750 0.136111 0.562500 0.161111
366 5 0.239063 0.230556 0.300000 0.352778 0.389062 0.408333
364 4 0.381250 0.127778 0.417187 0.188889 0.590625 0.222222
361 4 0.320312 0.263889 0.367188 0.361111 0.504687 0.444444
352 5 0.267188 0.091667 0.304688 0.183333 0.420312 0.183333
347 4 0.315625 0.080556 0.340625 0.127778 0.485938 0.144444
344 4 0.314063 0.133333 0.348438 0.200000 0.487500 0.233333
340 4 0.450000 0.738889 0.532813 1.000000 0.717187 1.241667
330 4 0.443750 0.300000 0.501563 0.416667 0.693750 0.508333
323 4 0.396875 0.183333 0.445312 0.275000 0.620313 0.322222
125 4 0.218750 0.119444 0.256250 0.188889 0.346875 0.213889
