259 5 0.320312 0.161111 0.362500 0.280556 0.501563 0.300000
257 4 0.323437 0.100000 0.350000 0.150000 0.498437 0.177778
255 4 0.000000 0.763889 0.112500 0.997222 0.056250 1.263889
253 4 0.400000 0.169444 0.440625 0.247222 0.620313 0.294444
249 4 0.362500 0.075000 0.385937 0.116667 0.554688 0.133333
248 4 0.325000 0.147222 0.357812 0.194444 0.504687 0.244444
240 4 0.317188 0.066667 0.337500 0.102778 0.485938 0.119444
238 4 0.154688 0.572222 0.306250 1.005556 0.309375 1.075000
235 5 0.435937 0.286111 0.501563 0.386111 0.687500 0.477778
234 4 0.321875 0.188889 0.360938 0.275000 0.503125 0.327778
222 4 0.279687 0.102778 0.310937 0.166667 0.435937 0.186111
214 4 0.437500 0.283333 0.503125 0.386111 0.689063 0.477778
212 4 0.326562 0.275000 0.371875 0.386111 0.512500 0.469444
206 4 0.264062 0.155556 0.295312 0.227778 0.412500 0.269444
189 4 0.245312 0.238889 0.287500 0.341667 0.389062 0.411111
178 4 0.198437 0.350000 0.268750 0.497222 0.332813 0.600000
144 4 0.451562 0.522222 0.517188 0.713889 0.710938 0.880556
128 4 0.453125 0.372222 0.512500 0.530556 0.709375 0.638889
125 4 0.221875 0.119444 0.254688 0.186111 0.350000 0.213889
