380 4 0.276562 0.022222 0.304688 0.069444 0.429688 0.058333
378 4 0.017188 0.394444 0.354687 1.008333 0.195312 0.900000
367 4 0.364063 0.088889 0.389062 0.127778 0.559375 0.152778
366 5 0.245312 0.202778 0.304688 0.330556 0.396875 0.366667
364 4 0.379688 0.122222 0.410938 0.180556 0.585938 0.213889
361 4 0.325000 0.238889 0.365625 0.325000 0.507812 0.402778
352 5 0.267188 0.077778 0.306250 0.175000 0.420312 0.166667
347 4 0.314063 0.075000 0.339062 0.119444 0.484375 0.136111
344 4 0.315625 0.125000 0.348438 0.186111 0.490625 0.219444
330 4 0.431250 0.277778 0.487500 0.386111 0.675000 0.472222
323 4 0.395313 0.180556 0.435937 0.247222 0.614062 0.302778
125 4 0.217188 0.122222 0.259375 0.197222 0.346875 0.222222
