392 4 0.315625 0.041667 0.337500 0.075000 0.484375 0.077778
391 4 0.367188 0.083333 0.392188 0.122222 0.564063 0.144444
390 4 0.260937 0.136111 0.303125 0.241667 0.412500 0.258333
389 4 0.276562 0.066667 0.304688 0.122222 0.429688 0.127778
388 4 0.315625 0.113889 0.346875 0.172222 0.489063 0.200000
383 4 0.134375 0.427778 0.237500 0.613889 0.253125 0.736111
367 4 0.375000 0.125000 0.407813 0.177778 0.579688 0.213889
366 5 0.221875 0.275000 0.290625 0.402778 0.367188 0.475000
364 4 0.400000 0.172222 0.443750 0.266667 0.623437 0.305556
361 4 0.296875 0.397222 0.356250 0.552778 0.475000 0.675000
344 4 0.315625 0.197222 0.354687 0.283333 0.493750 0.338889
330 4 0.470313 0.447222 0.535937 0.625000 0.739062 0.761111
323 4 0.429688 0.252778 0.478125 0.350000 0.668750 0.430556
125 4 0.221875 0.116667 0.253125 0.191667 0.348438 0.213889
