170 4 0.270313 0.052778 0.307812 0.113889 0.425000 0.111111
169 4 0.295312 0.327778 0.357812 0.483333 0.475000 0.569444
168 4 0.318750 0.052778 0.345313 0.133333 0.490625 0.119444
167 4 0.720313 0.711111 0.850000 1.005556 1.146875 1.213889
164 4 0.192188 0.483333 0.329688 0.897222 0.357812 0.933333
162 4 0.273438 0.108333 0.309375 0.169444 0.428125 0.194444
157 4 0.318750 0.255556 0.364063 0.336111 0.500000 0.425000
150 4 0.250000 0.216667 0.295312 0.300000 0.398438 0.366667
147 4 0.396875 0.150000 0.457813 0.272222 0.626563 0.286111
144 4 0.456250 0.386111 0.507812 0.525000 0.710938 0.650000
138 4 0.160938 0.383333 0.246875 0.555556 0.284375 0.661111
128 4 0.429688 0.261111 0.489063 0.397222 0.675000 0.461111
125 4 0.221875 0.119444 0.254688 0.191667 0.350000 0.213889
103 4 0.465625 0.558333 0.546875 0.827778 0.739062 0.972222
