300 4 0.775000 0.497222 0.903125 0.683333 1.226562 0.838889
299 5 0.309375 0.011111 0.340625 0.105556 0.479687 0.063889
285 4 0.331250 0.202778 0.370312 0.272222 0.517188 0.338889
283 4 0.317188 0.105556 0.345313 0.155556 0.490625 0.183333
281 4 0.325000 0.155556 0.356250 0.208333 0.503125 0.258333
280 5 0.439063 0.286111 0.501563 0.383333 0.690625 0.477778
266 4 0.323437 0.266667 0.373437 0.380556 0.510938 0.458333
264 4 0.387500 0.144444 0.410938 0.191667 0.593750 0.241667
261 4 0.235937 0.261111 0.285938 0.377778 0.378125 0.450000
252 4 0.396875 0.161111 0.431250 0.225000 0.612500 0.275000
248 4 0.275000 0.413889 0.353125 0.627778 0.451562 0.727778
235 4 0.442188 0.286111 0.501563 0.380556 0.693750 0.477778
222 4 0.204687 0.355556 0.271875 0.502778 0.340625 0.608333
206 4 0.107813 0.525000 0.204687 0.713889 0.210938 0.880556
144 4 0.448437 0.522222 0.517188 0.716667 0.707812 0.883333
128 4 0.457813 0.369444 0.514062 0.533333 0.714063 0.636111
125 4 0.223438 0.119444 0.253125 0.194444 0.350000 0.216667
