165 4 0.273438 0.030556 0.304688 0.075000 0.426563 0.066667
164 4 0.239063 0.405556 0.342187 0.727778 0.410938 0.769444
163 4 0.000000 0.861111 0.085938 1.000000 0.043750 1.361111
162 4 0.276562 0.072222 0.306250 0.119444 0.429688 0.133333
157 4 0.320312 0.233333 0.360938 0.308333 0.500000 0.388889
156 5 0.396875 0.141667 0.451562 0.272222 0.623437 0.277778
153 4 0.314063 0.027778 0.340625 0.100000 0.484375 0.077778
152 4 0.328125 0.158333 0.364063 0.233333 0.510938 0.275000
150 4 0.260937 0.155556 0.300000 0.238889 0.410938 0.275000
147 4 0.398438 0.141667 0.450000 0.266667 0.623437 0.275000
144 4 0.454688 0.352778 0.509375 0.500000 0.709375 0.602778
138 4 0.209375 0.294444 0.275000 0.438889 0.348438 0.513889
128 4 0.428125 0.250000 0.481250 0.375000 0.668750 0.436111
126 4 0.301563 0.286111 0.360938 0.422222 0.482812 0.497222
125 4 0.221875 0.119444 0.254688 0.188889 0.350000 0.213889
103 4 0.467187 0.550000 0.546875 0.819444 0.740625 0.961111
