242 4 0.326562 0.130556 0.354687 0.175000 0.504687 0.216667
240 4 0.315625 0.052778 0.337500 0.091667 0.484375 0.100000
238 4 0.253125 0.386111 0.346875 0.658333 0.428125 0.716667
236 4 0.321875 0.083333 0.343750 0.122222 0.493750 0.144444
235 5 0.440625 0.286111 0.500000 0.383333 0.690625 0.477778
234 4 0.326562 0.163889 0.359375 0.244444 0.507812 0.288889
222 4 0.282813 0.080556 0.309375 0.133333 0.437500 0.150000
214 4 0.439063 0.283333 0.503125 0.380556 0.690625 0.472222
212 4 0.329688 0.230556 0.368750 0.322222 0.514062 0.391667
206 4 0.270313 0.127778 0.298438 0.183333 0.420312 0.219444
189 4 0.259375 0.186111 0.295312 0.269444 0.407813 0.322222
178 4 0.231250 0.280556 0.285938 0.391667 0.375000 0.475000
170 4 0.070312 0.558333 0.198437 0.788889 0.168750 0.952778
144 4 0.450000 0.519444 0.517188 0.716667 0.709375 0.877778
128 4 0.456250 0.372222 0.517188 0.530556 0.715625 0.636111
125 4 0.223438 0.119444 0.254688 0.191667 0.351562 0.216667
