51 4 0.312500 0.016667 0.331250 0.052778 0.478125 0.044444
50 4 0.342187 0.011111 0.362500 0.041667 0.523438 0.033333
47 4 0.320312 0.058333 0.342187 0.097222 0.492188 0.108333
45 4 0.278125 0.066667 0.304688 0.102778 0.431250 0.119444
43 4 0.245312 0.222222 0.296875 0.336111 0.393750 0.391667
38 4 0.368750 0.072222 0.393750 0.113889 0.565625 0.130556
37 4 0.325000 0.094444 0.350000 0.138889 0.500000 0.163889
30 4 0.278125 0.111111 0.307812 0.163889 0.432812 0.194444
25 4 0.414062 0.172222 0.459375 0.277778 0.643750 0.311111
24 4 0.446875 0.297222 0.500000 0.427778 0.696875 0.511111
23 4 0.314063 0.258333 0.359375 0.352778 0.493750 0.433333
22 4 0.245312 0.472222 0.320312 0.638889 0.406250 0.791667
5 4 0.223438 0.125000 0.257812 0.186111 0.353125 0.219444
