129 4 0.335938 0.002778 0.359375 0.033333 0.515625 0.019444
128 4 0.354687 0.044444 0.376563 0.080556 0.543750 0.086111
126 4 0.315625 0.050000 0.337500 0.080556 0.484375 0.088889
125 4 0.221875 0.119444 0.254688 0.191667 0.350000 0.216667
123 4 0.279687 0.258333 0.326562 0.352778 0.442188 0.436111
119 5 0.001563 0.283333 0.279687 0.997222 0.140625 0.783333
118 4 0.275000 0.108333 0.307812 0.175000 0.429688 0.197222
117 4 0.270313 0.450000 0.340625 0.625000 0.440625 0.763889
114 5 0.325000 0.119444 0.359375 0.222222 0.504687 0.230556
103 4 0.443750 0.275000 0.495312 0.402778 0.692187 0.475000
