358 4 0.348438 0.033333 0.373437 0.083333 0.535937 0.075000
356 4 0.262500 0.119444 0.312500 0.202778 0.420312 0.219444
353 4 0.307812 0.000000 0.325000 0.033333 0.470313 0.016667
352 4 0.275000 0.027778 0.301563 0.083333 0.426563 0.069444
347 4 0.309375 0.030556 0.339062 0.077778 0.479687 0.069444
333 5 0.260937 0.102778 0.310937 0.213889 0.417187 0.211111
330 4 0.396875 0.172222 0.450000 0.277778 0.621875 0.311111
327 4 0.462500 0.600000 0.546875 0.833333 0.735938 1.016667
323 4 0.373437 0.116667 0.406250 0.172222 0.576562 0.202778
313 4 0.173437 0.386111 0.248438 0.530556 0.298438 0.652778
310 4 0.076563 0.544444 0.206250 0.786111 0.181250 0.938889
283 4 0.145313 0.800000 0.267188 1.002778 0.279687 1.302778
125 4 0.223438 0.113889 0.253125 0.186111 0.350000 0.208333
