307 4 0.350000 0.050000 0.375000 0.083333 0.539062 0.091667
306 4 0.310937 0.086111 0.345313 0.125000 0.484375 0.150000
304 4 0.275000 0.030556 0.301563 0.091667 0.425000 0.077778
301 4 0.364063 0.083333 0.392188 0.119444 0.560937 0.144444
300 4 0.693750 0.797222 0.801562 1.005556 1.095312 1.300000
299 5 0.307812 0.011111 0.346875 0.122222 0.481250 0.072222
291 4 0.373437 0.116667 0.396875 0.155556 0.571875 0.194444
285 4 0.328125 0.238889 0.373437 0.333333 0.515625 0.405556
283 4 0.318750 0.125000 0.351562 0.186111 0.495312 0.219444
281 4 0.328125 0.183333 0.359375 0.247222 0.507812 0.308333
280 4 0.435937 0.294444 0.503125 0.397222 0.687500 0.494444
266 4 0.304688 0.344444 0.364063 0.491667 0.487500 0.591667
264 4 0.389062 0.144444 0.414062 0.188889 0.595313 0.238889
261 4 0.226562 0.297222 0.278125 0.416667 0.365625 0.508333
252 4 0.398438 0.175000 0.431250 0.227778 0.614062 0.288889
248 4 0.179688 0.652778 0.304688 1.000000 0.331250 1.152778
235 5 0.437500 0.294444 0.503125 0.394444 0.690625 0.494444
222 4 0.182812 0.400000 0.260937 0.572222 0.314063 0.686111
206 4 0.029687 0.647222 0.157812 0.883333 0.109375 1.088889
144 4 0.446875 0.547222 0.517188 0.758333 0.706250 0.927778
128 4 0.456250 0.377778 0.520312 0.555556 0.717187 0.655556
125 4 0.220312 0.119444 0.256250 0.205556 0.348438 0.222222
