264 4 0.370312 0.097222 0.398438 0.138889 0.570312 0.166667
261 4 0.287500 0.063889 0.312500 0.113889 0.443750 0.122222
260 4 0.356250 0.072222 0.381250 0.105556 0.546875 0.125000
253 4 0.409375 0.191667 0.450000 0.269444 0.635938 0.327778
252 4 0.387500 0.138889 0.417187 0.183333 0.596875 0.230556
248 4 0.326562 0.177778 0.362500 0.238889 0.509375 0.297222
235 5 0.440625 0.288889 0.500000 0.383333 0.690625 0.480556
234 4 0.320312 0.230556 0.364063 0.325000 0.503125 0.394444
222 4 0.275000 0.147222 0.309375 0.216667 0.429688 0.255556
212 4 0.307812 0.388889 0.362500 0.519444 0.489063 0.650000
206 4 0.254688 0.219444 0.292187 0.294444 0.401562 0.366667
189 4 0.210938 0.316667 0.268750 0.447222 0.345313 0.541667
178 4 0.126562 0.477778 0.228125 0.677778 0.240625 0.816667
144 4 0.453125 0.519444 0.515625 0.713889 0.710938 0.877778
128 4 0.456250 0.372222 0.514062 0.533333 0.714063 0.638889
125 4 0.221875 0.122222 0.254688 0.191667 0.350000 0.219444
