306 4 0.310937 0.086111 0.345313 0.127778 0.484375 0.150000
301 4 0.367188 0.088889 0.392188 0.122222 0.564063 0.150000
299 5 0.309375 0.011111 0.346875 0.127778 0.482812 0.075000
291 4 0.373437 0.116667 0.396875 0.155556 0.573438 0.194444
285 4 0.329688 0.255556 0.371875 0.341667 0.515625 0.427778
283 4 0.318750 0.130556 0.354687 0.194444 0.496875 0.227778
281 4 0.328125 0.191667 0.357812 0.255556 0.507812 0.319444
266 4 0.296875 0.380556 0.357812 0.525000 0.476562 0.641667
264 4 0.387500 0.141667 0.412500 0.191667 0.595313 0.238889
261 4 0.221875 0.300000 0.275000 0.425000 0.360938 0.513889
252 4 0.400000 0.177778 0.432812 0.225000 0.615625 0.291667
248 4 0.151562 0.722222 0.287500 1.008333 0.295312 1.227778
222 4 0.176563 0.419444 0.257812 0.583333 0.306250 0.711111
206 4 0.003125 0.680556 0.151562 0.927778 0.079687 1.144444
144 4 0.445312 0.566667 0.520312 0.783333 0.706250 0.958333
128 4 0.442188 0.372222 0.520312 0.575000 0.701562 0.661111
125 4 0.220312 0.119444 0.256250 0.200000 0.348438 0.219444
