206 4 0.282813 0.038889 0.301563 0.077778 0.434375 0.077778
201 4 0.432812 0.233333 0.498437 0.386111 0.681250 0.427778
200 5 0.318750 0.177778 0.364063 0.311111 0.501563 0.336111
189 4 0.270313 0.077778 0.300000 0.133333 0.420312 0.144444
178 4 0.271875 0.136111 0.301563 0.197222 0.421875 0.233333
171 4 0.287500 0.441667 0.353125 0.608333 0.464062 0.747222
170 4 0.246875 0.255556 0.293750 0.350000 0.395313 0.430556
162 4 0.182812 0.408333 0.260937 0.550000 0.314063 0.683333
153 4 0.320312 0.177778 0.364063 0.311111 0.503125 0.333333
150 4 0.000000 0.861111 0.057813 0.997222 0.029687 1.361111
144 4 0.450000 0.519444 0.517188 0.716667 0.709375 0.877778
128 4 0.453125 0.363889 0.517188 0.530556 0.712500 0.630556
125 4 0.221875 0.122222 0.254688 0.191667 0.348438 0.219444
