144 4 0.418750 0.200000 0.457813 0.275000 0.648438 0.338889
141 4 0.767188 0.625000 0.890625 0.863889 1.212500 1.058333
140 4 0.260937 0.250000 0.304688 0.347222 0.414062 0.425000
139 4 0.303125 0.258333 0.362500 0.450000 0.484375 0.483333
138 4 0.278125 0.058333 0.306250 0.111111 0.432812 0.113889
128 4 0.376563 0.088889 0.410938 0.150000 0.582812 0.163889
126 4 0.312500 0.102778 0.354687 0.175000 0.490625 0.188889
125 4 0.221875 0.116667 0.253125 0.188889 0.348438 0.211111
123 4 0.243750 0.486111 0.321875 0.694444 0.404687 0.833333
119 5 0.000000 0.477778 0.234375 0.994444 0.117188 0.977778
103 4 0.464062 0.419444 0.525000 0.616667 0.726562 0.727778
