248 4 0.328125 0.133333 0.354687 0.175000 0.506250 0.222222
240 4 0.318750 0.058333 0.339062 0.097222 0.489063 0.108333
238 4 0.240625 0.413889 0.345313 0.713889 0.414062 0.769444
236 4 0.321875 0.086111 0.343750 0.125000 0.493750 0.150000
235 5 0.437500 0.283333 0.501563 0.386111 0.689063 0.477778
234 4 0.328125 0.169444 0.359375 0.244444 0.507812 0.291667
229 4 0.400000 0.161111 0.435937 0.216667 0.617188 0.269444
222 4 0.279687 0.083333 0.309375 0.138889 0.435937 0.152778
214 4 0.439063 0.280556 0.501563 0.383333 0.690625 0.472222
212 4 0.331250 0.255556 0.368750 0.330556 0.515625 0.422222
206 4 0.268750 0.133333 0.296875 0.191667 0.417187 0.230556
189 4 0.254688 0.197222 0.295312 0.291667 0.403125 0.344444
178 4 0.226562 0.297222 0.281250 0.413889 0.367188 0.502778
144 4 0.450000 0.519444 0.517188 0.716667 0.707812 0.877778
128 4 0.456250 0.372222 0.517188 0.530556 0.715625 0.638889
125 4 0.223438 0.122222 0.254688 0.191667 0.351562 0.219444
