144 4 0.420312 0.202778 0.459375 0.277778 0.650000 0.341667
142 4 0.301563 0.261111 0.364063 0.461111 0.484375 0.491667
141 4 0.756250 0.647222 0.882812 0.897222 1.198438 1.097222
140 4 0.259375 0.255556 0.303125 0.352778 0.410938 0.433333
138 4 0.278125 0.058333 0.307812 0.113889 0.432812 0.116667
128 4 0.378125 0.086111 0.412500 0.152778 0.584375 0.163889
126 4 0.312500 0.105556 0.356250 0.180556 0.492188 0.197222
125 4 0.221875 0.119444 0.254688 0.188889 0.350000 0.213889
123 4 0.240625 0.494444 0.318750 0.702778 0.400000 0.844444
119 5 0.000000 0.480556 0.232813 0.997222 0.115625 0.977778
103 4 0.464062 0.416667 0.526563 0.619444 0.728125 0.727778
