306 4 0.309375 0.083333 0.343750 0.122222 0.482812 0.147222
304 4 0.275000 0.030556 0.301563 0.088889 0.425000 0.077778
303 5 0.309375 0.069444 0.345313 0.116667 0.482812 0.130556
301 4 0.364063 0.077778 0.392188 0.119444 0.560937 0.138889
300 4 0.695312 0.747222 0.807813 1.005556 1.100000 1.252778
299 5 0.307812 0.011111 0.346875 0.122222 0.481250 0.072222
291 4 0.373437 0.113889 0.396875 0.155556 0.571875 0.191667
285 4 0.331250 0.233333 0.371875 0.327778 0.517188 0.397222
283 4 0.318750 0.125000 0.351562 0.186111 0.495312 0.219444
281 4 0.328125 0.180556 0.359375 0.241667 0.507812 0.302778
280 5 0.437500 0.291667 0.501563 0.391667 0.689063 0.488889
266 4 0.307812 0.333333 0.364063 0.475000 0.489063 0.572222
264 4 0.389062 0.141667 0.414062 0.188889 0.596875 0.236111
261 4 0.225000 0.277778 0.279687 0.411111 0.365625 0.483333
252 4 0.398438 0.175000 0.431250 0.227778 0.614062 0.288889
248 4 0.196875 0.619444 0.312500 0.938889 0.353125 1.091667
235 4 0.435937 0.291667 0.503125 0.391667 0.687500 0.488889
222 4 0.187500 0.402778 0.260937 0.561111 0.318750 0.683333
206 4 0.045312 0.633333 0.168750 0.861111 0.129688 1.063889
144 4 0.448437 0.541667 0.520312 0.750000 0.707812 0.919444
128 4 0.454688 0.375000 0.515625 0.547222 0.712500 0.650000
125 4 0.220312 0.119444 0.256250 0.200000 0.348438 0.219444
