200 4 0.323437 0.133333 0.362500 0.261111 0.504687 0.263889
196 4 0.321875 0.083333 0.346875 0.127778 0.495312 0.147222
194 4 0.725000 0.608333 0.850000 0.875000 1.151563 1.044444
189 4 0.278125 0.050000 0.298438 0.094444 0.428125 0.097222
187 5 0.423438 0.194444 0.487500 0.347222 0.667188 0.369444
186 4 0.317188 0.058333 0.340625 0.097222 0.487500 0.108333
178 4 0.273438 0.097222 0.304688 0.144444 0.426563 0.169444
171 4 0.317188 0.319444 0.367188 0.444444 0.501563 0.541667
170 4 0.259375 0.188889 0.301563 0.280556 0.410938 0.330556
162 4 0.231250 0.286111 0.290625 0.419444 0.378125 0.497222
157 4 0.245312 0.588889 0.346875 0.833333 0.418750 1.005556
153 5 0.321875 0.130556 0.362500 0.261111 0.504687 0.261111
150 4 0.025000 0.602778 0.168750 0.847222 0.109375 1.027778
144 4 0.451562 0.522222 0.517188 0.713889 0.710938 0.880556
128 4 0.453125 0.372222 0.515625 0.533333 0.712500 0.638889
125 4 0.220312 0.119444 0.256250 0.191667 0.348438 0.216667
