225 4 0.325000 0.136111 0.354687 0.194444 0.503125 0.236111
222 4 0.284375 0.041667 0.307812 0.083333 0.439063 0.083333
219 4 0.309375 0.255556 0.360938 0.419444 0.490625 0.466667
214 4 0.442188 0.283333 0.501563 0.380556 0.693750 0.475000
212 4 0.328125 0.172222 0.364063 0.247222 0.510938 0.297222
206 4 0.273438 0.080556 0.301563 0.127778 0.425000 0.144444
189 4 0.267188 0.125000 0.300000 0.191667 0.417187 0.222222
178 4 0.259375 0.194444 0.306250 0.269444 0.412500 0.330556
171 4 0.173437 0.727778 0.300000 1.008333 0.325000 1.233333
170 4 0.193750 0.344444 0.265625 0.500000 0.326562 0.597222
144 4 0.453125 0.522222 0.515625 0.713889 0.710938 0.880556
128 4 0.454688 0.369444 0.512500 0.533333 0.710938 0.636111
125 4 0.223438 0.116667 0.253125 0.186111 0.350000 0.208333
