413 4 0.309375 0.022222 0.334375 0.066667 0.476562 0.055556
412 4 0.373437 0.080556 0.407813 0.161111 0.578125 0.163889
406 4 0.271875 0.125000 0.307812 0.175000 0.426563 0.213889
404 4 0.318750 0.061111 0.342187 0.108333 0.489063 0.116667
403 4 0.237500 0.208333 0.293750 0.355556 0.385937 0.386111
401 4 0.401562 0.175000 0.443750 0.266667 0.623437 0.308333
395 5 0.373437 0.077778 0.407813 0.166667 0.578125 0.161111
389 4 0.264062 0.155556 0.300000 0.236111 0.414062 0.275000
388 4 0.309375 0.308333 0.364063 0.430556 0.492188 0.525000
367 4 0.432812 0.297222 0.489063 0.411111 0.678125 0.502778
364 4 0.475000 0.547222 0.551562 0.752778 0.751563 0.925000
344 4 0.201563 0.605556 0.307812 0.861111 0.356250 1.036111
125 4 0.221875 0.119444 0.253125 0.188889 0.348438 0.213889
