177 5 0.401562 0.155556 0.464062 0.283333 0.634375 0.297222
170 4 0.270313 0.094444 0.303125 0.155556 0.421875 0.172222
169 4 0.254688 0.408333 0.348438 0.633333 0.429688 0.725000
164 4 0.004687 0.666667 0.298438 1.008333 0.153125 1.172222
162 4 0.273438 0.161111 0.306250 0.227778 0.426563 0.275000
157 4 0.314063 0.280556 0.364063 0.380556 0.495312 0.472222
153 5 0.312500 0.075000 0.351562 0.175000 0.489063 0.163889
150 4 0.225000 0.291667 0.278125 0.386111 0.365625 0.486111
144 4 0.454688 0.425000 0.514062 0.586111 0.712500 0.716667
138 4 0.075000 0.502778 0.207813 0.752778 0.178125 0.880556
128 4 0.435937 0.277778 0.496875 0.427778 0.684375 0.491667
125 4 0.223438 0.119444 0.253125 0.191667 0.350000 0.216667
103 4 0.465625 0.694444 0.565625 1.002778 0.748437 1.197222
