323 4 0.371875 0.111111 0.395313 0.152778 0.570312 0.188889
321 4 0.385937 0.144444 0.409375 0.194444 0.592187 0.241667
313 4 0.268750 0.144444 0.304688 0.205556 0.421875 0.247222
310 4 0.203125 0.344444 0.267188 0.480556 0.335938 0.586111
299 5 0.309375 0.044444 0.354687 0.163889 0.487500 0.127778
285 4 0.284375 0.430556 0.353125 0.591667 0.462500 0.725000
283 4 0.326562 0.186111 0.357812 0.261111 0.506250 0.316667
281 4 0.318750 0.277778 0.362500 0.377778 0.501563 0.469444
280 4 0.443750 0.302778 0.517188 0.466667 0.703125 0.536111
266 4 0.154688 0.761111 0.293750 1.008333 0.301563 1.266667
222 4 0.106250 0.516667 0.220312 0.750000 0.215625 0.891667
128 4 0.459375 0.511111 0.535937 0.755556 0.728125 0.888889
125 4 0.218750 0.119444 0.260937 0.205556 0.350000 0.225000
