57 4 -0.004687 0.702778 0.120313 1.000000 0.053125 1.202778
56 4 0.370312 0.075000 0.395313 0.116667 0.567187 0.136111
51 4 0.315625 0.072222 0.342187 0.122222 0.487500 0.133333
47 4 0.321875 0.147222 0.359375 0.219444 0.501563 0.258333
45 4 0.270313 0.141667 0.307812 0.208333 0.425000 0.247222
37 4 0.318750 0.247222 0.359375 0.330556 0.498437 0.413889
30 4 0.248438 0.261111 0.290625 0.344444 0.393750 0.433333
25 4 0.456250 0.336111 0.510938 0.472222 0.712500 0.572222
24 4 0.446875 0.719444 0.539062 1.011111 0.717187 1.225000
5 4 0.223438 0.116667 0.260937 0.191667 0.354687 0.213889
