323 4 0.373437 0.108333 0.396875 0.152778 0.571875 0.183333
321 4 0.385937 0.141667 0.409375 0.191667 0.590625 0.238889
313 4 0.265625 0.138889 0.304688 0.216667 0.418750 0.247222
310 4 0.198437 0.347222 0.268750 0.491667 0.332813 0.591667
299 5 0.309375 0.044444 0.356250 0.166667 0.487500 0.130556
285 4 0.273438 0.450000 0.350000 0.633333 0.448437 0.766667
283 4 0.320312 0.188889 0.359375 0.269444 0.500000 0.325000
281 4 0.317188 0.283333 0.360938 0.386111 0.496875 0.477778
280 4 0.445312 0.305556 0.517188 0.494444 0.704688 0.552778
222 4 0.096875 0.538889 0.214062 0.772222 0.204687 0.925000
128 4 0.454688 0.525000 0.537500 0.800000 0.723437 0.925000
125 4 0.217188 0.119444 0.256250 0.197222 0.346875 0.219444
