189 4 0.278125 0.033333 0.300000 0.072222 0.428125 0.069444
185 5 0.317188 0.119444 0.360938 0.255556 0.496875 0.247222
178 4 0.278125 0.075000 0.306250 0.119444 0.432812 0.136111
171 4 0.326562 0.269444 0.368750 0.369444 0.510938 0.452778
170 4 0.267188 0.161111 0.306250 0.244444 0.421875 0.283333
162 4 0.248438 0.258333 0.300000 0.358333 0.398438 0.438889
157 4 0.279687 0.441667 0.351562 0.638889 0.456250 0.763889
153 4 0.321875 0.127778 0.360938 0.238889 0.503125 0.247222
150 4 0.107813 0.494444 0.214062 0.680556 0.214062 0.836111
147 4 0.418750 0.188889 0.476562 0.313889 0.657813 0.347222
144 4 0.450000 0.519444 0.518750 0.713889 0.710938 0.877778
128 4 0.451562 0.347222 0.515625 0.533333 0.709375 0.613889
125 4 0.221875 0.119444 0.253125 0.186111 0.348438 0.213889
