288 4 0.370312 0.108333 0.396875 0.150000 0.568750 0.186111
285 4 0.329688 0.155556 0.360938 0.208333 0.510938 0.261111
281 4 0.325000 0.122222 0.351562 0.163889 0.501563 0.205556
280 5 0.435937 0.286111 0.501563 0.386111 0.687500 0.480556
266 4 0.332813 0.197222 0.365625 0.280556 0.515625 0.338889
264 4 0.384375 0.136111 0.412500 0.183333 0.590625 0.230556
261 4 0.256250 0.225000 0.293750 0.308333 0.403125 0.380556
252 4 0.400000 0.169444 0.429688 0.222222 0.615625 0.280556
248 4 0.320312 0.280556 0.365625 0.411111 0.503125 0.486111
235 4 0.437500 0.286111 0.503125 0.383333 0.689063 0.477778
234 4 0.251563 0.450000 0.337500 0.652778 0.421875 0.777778
222 4 0.237500 0.302778 0.287500 0.408333 0.381250 0.508333
206 4 0.181250 0.400000 0.246875 0.530556 0.306250 0.666667
189 4 0.000000 0.613889 0.159375 0.905556 0.079687 1.069444
144 4 0.450000 0.522222 0.517188 0.711111 0.709375 0.877778
128 4 0.457813 0.366667 0.515625 0.533333 0.715625 0.633333
125 4 0.221875 0.119444 0.256250 0.191667 0.350000 0.216667
