51 4 0.312500 0.016667 0.331250 0.052778 0.478125 0.044444
50 4 0.340625 0.011111 0.362500 0.041667 0.521875 0.033333
48 4 0.246875 0.216667 0.298438 0.325000 0.396875 0.380556
47 4 0.320312 0.058333 0.342187 0.094444 0.492188 0.105556
45 4 0.278125 0.066667 0.303125 0.102778 0.429688 0.116667
43 5 0.246875 0.213889 0.298438 0.325000 0.396875 0.377778
38 4 0.367188 0.072222 0.392188 0.111111 0.564063 0.127778
37 4 0.325000 0.091667 0.348438 0.136111 0.500000 0.161111
30 4 0.275000 0.105556 0.306250 0.158333 0.429688 0.186111
24 4 0.446875 0.297222 0.498437 0.416667 0.696875 0.505556
23 4 0.317188 0.244444 0.362500 0.338889 0.498437 0.413889
22 4 0.251563 0.452778 0.323437 0.605556 0.414062 0.755556
5 4 0.221875 0.125000 0.257812 0.186111 0.351562 0.219444
