299 5 0.309375 0.030556 0.346875 0.136111 0.482812 0.100000
291 4 0.371875 0.111111 0.395313 0.152778 0.570312 0.188889
285 4 0.323437 0.280556 0.373437 0.386111 0.509375 0.475000
283 4 0.320312 0.136111 0.356250 0.205556 0.500000 0.241667
281 4 0.325000 0.197222 0.362500 0.280556 0.507812 0.338889
280 4 0.442188 0.300000 0.510938 0.402778 0.696875 0.502778
266 4 0.273438 0.436111 0.350000 0.622222 0.448437 0.750000
264 4 0.387500 0.144444 0.410938 0.191667 0.593750 0.241667
261 4 0.218750 0.300000 0.268750 0.438889 0.353125 0.519444
252 4 0.398438 0.175000 0.432812 0.227778 0.615625 0.288889
222 4 0.164062 0.438889 0.248438 0.616667 0.289062 0.747222
206 4 0.000000 0.738889 0.126562 1.000000 0.064062 1.241667
144 4 0.432812 0.611111 0.521875 0.872222 0.693750 1.047222
128 4 0.454688 0.386111 0.525000 0.583333 0.717187 0.677778
125 4 0.221875 0.125000 0.254688 0.200000 0.350000 0.225000
