334 4 0.451562 0.352778 0.503125 0.427778 0.703125 0.566667
333 4 0.278125 0.025000 0.304688 0.069444 0.431250 0.061111
331 4 0.398438 0.177778 0.435937 0.236111 0.617188 0.297222
330 4 0.385937 0.144444 0.414062 0.194444 0.593750 0.241667
327 4 0.434375 0.261111 0.481250 0.352778 0.675000 0.436111
313 4 0.257812 0.211111 0.295312 0.280556 0.404687 0.352778
310 4 0.181250 0.386111 0.254688 0.555556 0.307812 0.663889
299 5 0.310937 0.058333 0.360938 0.197222 0.492188 0.155556
285 4 0.195312 0.658333 0.320312 0.952778 0.354687 1.133333
283 4 0.317188 0.230556 0.360938 0.325000 0.496875 0.394444
281 4 0.292187 0.377778 0.353125 0.522222 0.468750 0.638889
222 4 0.031250 0.636111 0.179688 0.913889 0.121875 1.094444
125 4 0.218750 0.127778 0.257812 0.222222 0.348438 0.238889
