364 4 0.370312 0.091667 0.398438 0.133333 0.570312 0.158333
363 4 0.276562 0.030556 0.306250 0.100000 0.429688 0.080556
362 2 0.273438 0.205556 0.365625 0.516667 0.456250 0.463889
361 4 0.323437 0.144444 0.356250 0.208333 0.501563 0.250000
360 4 0.275000 0.202778 0.364063 0.505556 0.456250 0.458333
356 5 0.260937 0.130556 0.310937 0.227778 0.417187 0.247222
352 5 0.276562 0.027778 0.307812 0.100000 0.431250 0.080556
347 4 0.314063 0.041667 0.335938 0.080556 0.481250 0.083333
344 4 0.317188 0.083333 0.340625 0.130556 0.487500 0.147222
340 4 0.443750 0.297222 0.498437 0.413889 0.693750 0.505556
333 4 0.262500 0.130556 0.309375 0.225000 0.417187 0.244444
330 4 0.410938 0.208333 0.450000 0.280556 0.635938 0.350000
327 4 0.467187 0.747222 0.571875 1.011111 0.753125 1.252778
323 4 0.376563 0.130556 0.409375 0.177778 0.582812 0.219444
310 4 0.079687 0.550000 0.201563 0.791667 0.179688 0.947222
125 4 0.220312 0.122222 0.254688 0.200000 0.348438 0.222222
