371 4 0.034375 0.277778 0.431250 0.997222 0.250000 0.777778
367 4 0.364063 0.083333 0.385937 0.125000 0.557813 0.147222
366 5 0.251563 0.200000 0.307812 0.308333 0.406250 0.355556
364 4 0.375000 0.116667 0.407813 0.166667 0.579688 0.202778
361 4 0.320312 0.205556 0.365625 0.294444 0.503125 0.352778
352 5 0.270313 0.075000 0.307812 0.161111 0.425000 0.155556
347 4 0.314063 0.063889 0.339062 0.108333 0.484375 0.119444
330 4 0.431250 0.266667 0.482812 0.358333 0.673438 0.447222
323 4 0.392188 0.166667 0.428125 0.222222 0.606250 0.277778
125 4 0.220312 0.116667 0.262500 0.200000 0.351562 0.219444
