369 4 0.309375 0.008333 0.332813 0.052778 0.476562 0.036111
367 4 0.360938 0.072222 0.384375 0.116667 0.553125 0.133333
366 5 0.253125 0.163889 0.312500 0.286111 0.410938 0.308333
364 4 0.373437 0.108333 0.403125 0.155556 0.575000 0.186111
363 5 0.268750 0.058333 0.307812 0.141667 0.423438 0.130556
361 4 0.317188 0.180556 0.362500 0.272222 0.498437 0.316667
356 4 0.254688 0.186111 0.312500 0.286111 0.410938 0.327778
347 4 0.312500 0.055556 0.337500 0.100000 0.481250 0.108333
344 4 0.312500 0.100000 0.345313 0.161111 0.485938 0.180556
323 4 0.385937 0.152778 0.423438 0.208333 0.598437 0.258333
125 4 0.221875 0.119444 0.259375 0.194444 0.351562 0.216667
