389 4 0.278125 0.050000 0.303125 0.100000 0.429688 0.100000
388 4 0.317188 0.088889 0.343750 0.150000 0.489063 0.166667
386 4 0.250000 0.233333 0.290625 0.272222 0.395313 0.369444
378 4 0.007812 0.655556 0.281250 1.005556 0.150000 1.158333
367 4 0.370312 0.105556 0.398438 0.152778 0.570312 0.183333
366 5 0.223438 0.241667 0.296875 0.380556 0.371875 0.433333
364 4 0.392188 0.150000 0.429688 0.213889 0.607812 0.255556
361 4 0.309375 0.311111 0.365625 0.441667 0.493750 0.533333
352 4 0.264062 0.116667 0.304688 0.216667 0.415625 0.225000
344 4 0.315625 0.158333 0.357812 0.238889 0.495312 0.277778
330 4 0.459375 0.363889 0.515625 0.497222 0.717187 0.613889
323 4 0.415625 0.213889 0.460938 0.297222 0.646875 0.363889
125 4 0.221875 0.116667 0.254688 0.191667 0.350000 0.213889
