478 4 0.359375 0.066667 0.385937 0.108333 0.553125 0.119444
477 4 0.282813 0.016667 0.304688 0.047222 0.435937 0.041667
475 4 0.321875 0.119444 0.351562 0.183333 0.498437 0.211111
470 4 0.093750 0.513889 0.210938 0.719444 0.198437 0.875000
468 4 0.431250 0.272222 0.482812 0.383333 0.673438 0.463889
467 4 0.468750 0.438889 0.537500 0.622222 0.737500 0.750000
452 4 0.317188 0.266667 0.359375 0.358333 0.496875 0.447222
450 4 0.225000 0.302778 0.281250 0.425000 0.365625 0.516667
448 4 0.154688 0.877778 0.268750 1.005556 0.289062 1.383333
125 4 0.220312 0.116667 0.254688 0.191667 0.348438 0.213889
