144 4 0.409375 0.183333 0.453125 0.275000 0.635938 0.322222
142 5 0.309375 0.236111 0.362500 0.416667 0.490625 0.444444
141 4 0.795312 0.547222 0.915625 0.763889 1.253125 0.930556
140 4 0.264062 0.225000 0.303125 0.316667 0.415625 0.383333
139 4 0.309375 0.236111 0.362500 0.416667 0.490625 0.444444
138 4 0.279687 0.050000 0.304688 0.102778 0.432812 0.102778
128 4 0.373437 0.080556 0.404687 0.138889 0.576562 0.152778
126 4 0.312500 0.091667 0.351562 0.161111 0.489063 0.175000
125 4 0.221875 0.116667 0.253125 0.188889 0.348438 0.211111
123 4 0.248438 0.469444 0.323437 0.652778 0.410938 0.797222
119 5 -0.007812 0.463889 0.251563 0.994444 0.115625 0.961111
103 4 0.464062 0.408333 0.521875 0.583333 0.725000 0.702778
