241 4 0.353125 0.055556 0.376563 0.091667 0.542188 0.102778
240 4 0.315625 0.052778 0.339062 0.088889 0.485938 0.097222
238 4 0.265625 0.366667 0.348438 0.613889 0.440625 0.675000
236 4 0.320312 0.075000 0.343750 0.116667 0.492188 0.133333
235 5 0.439063 0.283333 0.501563 0.386111 0.690625 0.477778
234 4 0.326562 0.141667 0.360938 0.230556 0.507812 0.258333
229 4 0.393750 0.152778 0.428125 0.202778 0.607812 0.255556
225 5 0.325000 0.127778 0.360938 0.238889 0.506250 0.247222
222 4 0.284375 0.075000 0.309375 0.125000 0.439063 0.138889
214 4 0.439063 0.280556 0.503125 0.383333 0.690625 0.472222
212 4 0.328125 0.213889 0.375000 0.325000 0.515625 0.377778
206 4 0.271875 0.119444 0.300000 0.175000 0.421875 0.208333
189 4 0.257812 0.175000 0.298438 0.266667 0.407813 0.308333
178 4 0.237500 0.272222 0.289062 0.375000 0.382812 0.461111
170 4 0.085938 0.527778 0.207813 0.752778 0.190625 0.905556
144 4 0.448437 0.519444 0.518750 0.716667 0.707812 0.877778
128 4 0.457813 0.375000 0.517188 0.530556 0.717187 0.641667
125 4 0.221875 0.119444 0.254688 0.191667 0.350000 0.216667
