412 4 0.371875 0.080556 0.406250 0.158333 0.575000 0.158333
406 4 0.275000 0.116667 0.309375 0.166667 0.429688 0.200000
404 4 0.318750 0.061111 0.340625 0.105556 0.489063 0.113889
403 4 0.239063 0.202778 0.293750 0.338889 0.385937 0.375000
395 5 0.370312 0.075000 0.406250 0.158333 0.573438 0.155556
389 4 0.262500 0.147222 0.303125 0.236111 0.414062 0.263889
388 4 0.310937 0.294444 0.362500 0.400000 0.492188 0.494444
367 4 0.429688 0.283333 0.484375 0.388889 0.671875 0.480556
364 4 0.473438 0.483333 0.540625 0.661111 0.745313 0.813889
344 4 0.223438 0.552778 0.318750 0.777778 0.382812 0.944444
125 4 0.221875 0.116667 0.253125 0.194444 0.348438 0.213889
