333 4 0.276562 0.022222 0.306250 0.072222 0.429688 0.058333
331 4 0.398438 0.180556 0.434375 0.236111 0.615625 0.300000
330 4 0.385937 0.144444 0.414062 0.194444 0.593750 0.241667
327 4 0.435937 0.261111 0.482812 0.355556 0.676562 0.441667
323 4 0.371875 0.108333 0.396875 0.152778 0.570312 0.186111
313 4 0.256250 0.211111 0.296875 0.286111 0.404687 0.352778
310 4 0.176563 0.388889 0.251563 0.561111 0.303125 0.669444
299 5 0.312500 0.052778 0.360938 0.197222 0.492188 0.152778
285 4 0.182812 0.672222 0.318750 0.991667 0.343750 1.166667
283 4 0.317188 0.236111 0.360938 0.325000 0.498437 0.400000
281 4 0.293750 0.383333 0.353125 0.527778 0.470313 0.647222
222 4 0.025000 0.644444 0.178125 0.925000 0.114062 1.108333
125 4 0.217188 0.119444 0.260937 0.233333 0.348438 0.236111
