178 4 0.276562 0.022222 0.300000 0.061111 0.426563 0.052778
171 4 0.318750 0.197222 0.368750 0.291667 0.503125 0.344444
170 4 0.270313 0.113889 0.303125 0.177778 0.421875 0.202778
169 4 0.242188 0.452778 0.340625 0.680556 0.412500 0.794444
164 4 0.004687 0.769444 0.265625 1.002778 0.139063 1.272222
162 4 0.270313 0.177778 0.306250 0.250000 0.423438 0.305556
157 4 0.312500 0.294444 0.362500 0.408333 0.493750 0.500000
153 5 0.320312 0.077778 0.357812 0.188889 0.498437 0.172222
150 4 0.212500 0.308333 0.268750 0.427778 0.346875 0.522222
147 4 0.404687 0.163889 0.464062 0.277778 0.637500 0.302778
144 4 0.454688 0.452778 0.515625 0.622222 0.714063 0.766667
138 4 0.046875 0.558333 0.187500 0.833333 0.140625 0.975000
128 4 0.440625 0.288889 0.498437 0.447222 0.689063 0.513889
125 4 0.221875 0.119444 0.254688 0.188889 0.350000 0.213889
