288 4 0.370312 0.113889 0.396875 0.152778 0.568750 0.191667
285 4 0.329688 0.155556 0.360938 0.208333 0.510938 0.261111
283 4 0.326562 0.080556 0.353125 0.127778 0.503125 0.147222
281 4 0.325000 0.127778 0.353125 0.163889 0.501563 0.211111
280 4 0.435937 0.286111 0.501563 0.386111 0.687500 0.480556
266 4 0.332813 0.202778 0.365625 0.283333 0.515625 0.344444
264 4 0.384375 0.138889 0.412500 0.183333 0.590625 0.230556
261 4 0.254688 0.230556 0.293750 0.316667 0.401562 0.388889
252 4 0.398438 0.169444 0.431250 0.227778 0.614062 0.283333
248 4 0.318750 0.283333 0.365625 0.419444 0.501563 0.494444
235 5 0.437500 0.286111 0.501563 0.386111 0.689063 0.480556
234 4 0.245312 0.463889 0.332813 0.675000 0.412500 0.802778
222 4 0.232813 0.300000 0.285938 0.416667 0.376563 0.511111
206 4 0.179688 0.405556 0.246875 0.536111 0.303125 0.675000
189 4 0.000000 0.641667 0.150000 0.927778 0.075000 1.105556
144 4 0.450000 0.522222 0.517188 0.711111 0.709375 0.877778
128 4 0.456250 0.366667 0.517188 0.533333 0.715625 0.633333
125 4 0.220312 0.116667 0.254688 0.191667 0.348438 0.213889
