44 4 0.278125 0.036111 0.303125 0.069444 0.429688 0.069444
37 4 0.320312 0.047222 0.337500 0.080556 0.489063 0.088889
31 5 0.265625 0.097222 0.315625 0.202778 0.423438 0.200000
30 4 0.281250 0.066667 0.304688 0.102778 0.432812 0.119444
25 4 0.387500 0.119444 0.415625 0.166667 0.595313 0.202778
24 4 0.418750 0.191667 0.457813 0.275000 0.646875 0.330556
23 4 0.323437 0.122222 0.356250 0.188889 0.501563 0.216667
22 4 0.315625 0.222222 0.357812 0.305556 0.495312 0.375000
19 4 0.243750 0.433333 0.320312 0.600000 0.404687 0.736111
5 4 0.221875 0.125000 0.259375 0.186111 0.351562 0.219444
