169 4 0.296875 0.322222 0.357812 0.480556 0.476562 0.563889
168 4 0.317188 0.050000 0.345313 0.133333 0.490625 0.116667
167 4 0.721875 0.702778 0.854688 1.005556 1.150000 1.208333
164 4 0.192188 0.480556 0.331250 0.891667 0.357812 0.925000
162 4 0.271875 0.105556 0.307812 0.166667 0.426563 0.191667
157 4 0.317188 0.255556 0.362500 0.333333 0.498437 0.422222
150 4 0.250000 0.213889 0.295312 0.297222 0.398438 0.363889
147 4 0.396875 0.150000 0.457813 0.272222 0.626563 0.286111
144 4 0.456250 0.383333 0.509375 0.525000 0.710938 0.647222
138 4 0.162500 0.380556 0.246875 0.550000 0.285938 0.655556
128 4 0.429688 0.261111 0.489063 0.397222 0.675000 0.461111
125 4 0.221875 0.116667 0.254688 0.188889 0.350000 0.213889
103 4 0.465625 0.555556 0.546875 0.825000 0.739062 0.969444
