364 4 0.370312 0.091667 0.398438 0.136111 0.570312 0.161111
361 4 0.323437 0.144444 0.357812 0.213889 0.503125 0.252778
356 4 0.259375 0.136111 0.309375 0.236111 0.414062 0.252778
352 5 0.276562 0.030556 0.307812 0.100000 0.431250 0.083333
347 4 0.312500 0.044444 0.335938 0.086111 0.481250 0.088889
344 4 0.315625 0.083333 0.342187 0.133333 0.487500 0.150000
340 4 0.443750 0.300000 0.500000 0.425000 0.693750 0.513889
333 5 0.260937 0.136111 0.309375 0.230556 0.415625 0.250000
330 4 0.409375 0.211111 0.451562 0.280556 0.635938 0.352778
327 4 0.464062 0.766667 0.567187 1.008333 0.748437 1.272222
323 4 0.378125 0.130556 0.410938 0.180556 0.584375 0.222222
310 4 0.079687 0.550000 0.201563 0.791667 0.179688 0.947222
125 4 0.221875 0.122222 0.254688 0.213889 0.350000 0.230556
