323 4 0.371875 0.108333 0.396875 0.152778 0.570312 0.183333
313 4 0.264062 0.141667 0.304688 0.230556 0.417187 0.258333
310 4 0.195312 0.355556 0.262500 0.500000 0.326562 0.605556
299 5 0.310937 0.050000 0.356250 0.172222 0.489063 0.136111
285 4 0.259375 0.469444 0.343750 0.680556 0.431250 0.811111
281 4 0.314063 0.294444 0.360938 0.402778 0.495312 0.497222
280 5 0.440625 0.305556 0.518750 0.513889 0.701562 0.561111
222 4 0.087500 0.544444 0.207813 0.797222 0.192188 0.944444
128 4 0.454688 0.558333 0.537500 0.852778 0.723437 0.986111
125 4 0.214062 0.113889 0.256250 0.200000 0.343750 0.213889
