255 4 0.000000 0.686111 0.153125 0.991667 0.076563 1.183333
252 4 0.375000 0.105556 0.403125 0.144444 0.578125 0.177778
251 4 0.335938 0.013889 0.356250 0.044444 0.514062 0.036111
249 4 0.357812 0.069444 0.384375 0.105556 0.550000 0.122222
240 4 0.317188 0.063889 0.339062 0.100000 0.487500 0.113889
238 4 0.203125 0.486111 0.318750 0.836111 0.362500 0.905556
236 4 0.323437 0.091667 0.346875 0.133333 0.496875 0.158333
235 5 0.435937 0.286111 0.500000 0.386111 0.685937 0.480556
234 4 0.326562 0.177778 0.360938 0.258333 0.507812 0.308333
222 4 0.281250 0.094444 0.310937 0.152778 0.437500 0.172222
214 4 0.439063 0.286111 0.501563 0.386111 0.690625 0.477778
212 4 0.328125 0.263889 0.371875 0.380556 0.514062 0.455556
206 4 0.264062 0.136111 0.296875 0.208333 0.412500 0.241667
189 4 0.253125 0.219444 0.290625 0.316667 0.398438 0.380556
178 4 0.215625 0.325000 0.273438 0.455556 0.353125 0.552778
144 4 0.450000 0.519444 0.517188 0.716667 0.709375 0.877778
128 4 0.453125 0.372222 0.512500 0.530556 0.709375 0.638889
125 4 0.221875 0.119444 0.254688 0.188889 0.350000 0.213889
