147 4 0.375000 0.080556 0.418750 0.161111 0.584375 0.161111
144 4 0.440625 0.269444 0.485938 0.369444 0.684375 0.455556
142 4 0.275000 0.350000 0.353125 0.608333 0.451562 0.655556
140 4 0.179688 0.394444 0.260937 0.563889 0.310937 0.675000
138 4 0.278125 0.108333 0.309375 0.180556 0.432812 0.200000
129 5 0.375000 0.077778 0.418750 0.158333 0.585938 0.155556
128 4 0.398438 0.147222 0.440625 0.241667 0.618750 0.269444
126 4 0.317188 0.197222 0.360938 0.300000 0.498437 0.347222
125 4 0.221875 0.119444 0.256250 0.191667 0.350000 0.216667
123 4 0.210938 0.608333 0.307812 0.836111 0.365625 1.027778
119 5 0.000000 0.600000 0.164062 0.997222 0.082812 1.100000
103 4 0.467187 0.500000 0.539062 0.744444 0.737500 0.872222
