423 4 0.314063 0.044444 0.339062 0.083333 0.484375 0.086111
421 4 0.217188 0.255556 0.284375 0.425000 0.359375 0.469444
420 4 0.329688 0.152778 0.364063 0.241667 0.512500 0.272222
418 4 0.323437 0.091667 0.348438 0.150000 0.498437 0.166667
417 5 0.217188 0.252778 0.282813 0.430556 0.359375 0.469444
406 4 0.264062 0.138889 0.304688 0.213889 0.417187 0.247222
401 4 0.437500 0.269444 0.484375 0.369444 0.681250 0.452778
395 4 0.392188 0.150000 0.434375 0.241667 0.609375 0.272222
389 4 0.257812 0.200000 0.300000 0.291667 0.407813 0.347222
388 4 0.239063 0.541667 0.329688 0.763889 0.404687 0.925000
367 4 0.432812 0.541667 0.510938 0.763889 0.689063 0.925000
125 4 0.221875 0.116667 0.254688 0.191667 0.350000 0.211111
