27 5 0.275000 0.027778 0.304688 0.072222 0.428125 0.063889
25 4 0.339062 0.011111 0.360938 0.047222 0.520312 0.036111
24 4 0.356250 0.044444 0.379688 0.080556 0.545312 0.086111
23 4 0.309375 0.011111 0.329688 0.041667 0.475000 0.033333
22 4 0.318750 0.047222 0.339062 0.083333 0.489063 0.088889
21 4 0.275000 0.025000 0.303125 0.075000 0.426563 0.063889
19 4 0.314063 0.083333 0.340625 0.130556 0.484375 0.150000
16 4 0.321875 0.122222 0.348438 0.177778 0.496875 0.213889
15 4 0.293750 0.308333 0.345313 0.427778 0.467187 0.522222
5 4 0.221875 0.119444 0.259375 0.194444 0.351562 0.216667
2 4 0.454688 0.494444 0.520312 0.700000 0.715625 0.847222
