331 4 0.400000 0.180556 0.434375 0.233333 0.617188 0.297222
330 4 0.385937 0.147222 0.414062 0.191667 0.593750 0.244444
327 4 0.434375 0.263889 0.482812 0.363889 0.675000 0.447222
313 4 0.254688 0.219444 0.296875 0.294444 0.404687 0.366667
310 4 0.175000 0.397222 0.251563 0.566667 0.301563 0.680556
299 5 0.309375 0.055556 0.362500 0.205556 0.490625 0.161111
285 4 0.165625 0.705556 0.306250 1.008333 0.318750 1.208333
283 4 0.317188 0.244444 0.360938 0.333333 0.498437 0.413889
222 4 0.001563 0.655556 0.168750 0.944444 0.085938 1.130556
125 4 0.220312 0.113889 0.256250 0.197222 0.348438 0.213889
