398 4 0.003125 0.633333 0.164062 0.947222 0.085938 1.105556
395 4 0.356250 0.052778 0.379688 0.097222 0.545312 0.100000
392 4 0.317188 0.044444 0.339062 0.077778 0.487500 0.083333
391 4 0.370312 0.086111 0.396875 0.130556 0.568750 0.152778
390 4 0.257812 0.144444 0.304688 0.261111 0.410938 0.275000
389 4 0.270313 0.077778 0.303125 0.141667 0.421875 0.150000
388 4 0.312500 0.125000 0.350000 0.191667 0.487500 0.222222
383 4 0.134375 0.433333 0.234375 0.619444 0.251563 0.744444
367 4 0.378125 0.130556 0.414062 0.197222 0.584375 0.230556
366 5 0.210938 0.283333 0.287500 0.416667 0.354687 0.491667
364 4 0.410938 0.191667 0.453125 0.272222 0.637500 0.327778
361 4 0.273438 0.475000 0.346875 0.650000 0.446875 0.800000
344 4 0.317188 0.219444 0.359375 0.313889 0.496875 0.377778
330 4 0.476562 0.519444 0.551562 0.730556 0.753125 0.886111
323 4 0.442188 0.291667 0.492188 0.388889 0.689063 0.488889
125 4 0.220312 0.116667 0.253125 0.188889 0.346875 0.211111
