25 4 0.345313 0.027778 0.365625 0.061111 0.528125 0.058333
24 4 0.362500 0.063889 0.389062 0.102778 0.556250 0.113889
23 4 0.312500 0.025000 0.332813 0.061111 0.479687 0.055556
22 4 0.321875 0.058333 0.343750 0.102778 0.493750 0.111111
21 5 0.275000 0.025000 0.304688 0.088889 0.426563 0.069444
19 4 0.312500 0.105556 0.345313 0.161111 0.485938 0.188889
16 4 0.318750 0.155556 0.351562 0.230556 0.495312 0.272222
15 4 0.251563 0.436111 0.321875 0.594444 0.412500 0.736111
5 4 0.223438 0.116667 0.257812 0.194444 0.353125 0.213889
2 4 0.451562 0.580556 0.528125 0.825000 0.715625 0.991667
