129 4 0.339062 0.005556 0.362500 0.047222 0.520312 0.030556
128 4 0.354687 0.050000 0.382812 0.088889 0.546875 0.094444
126 4 0.315625 0.058333 0.340625 0.094444 0.485938 0.105556
125 4 0.220312 0.119444 0.254688 0.188889 0.346875 0.216667
123 4 0.276562 0.294444 0.329688 0.408333 0.442188 0.500000
119 5 0.004687 0.288889 0.281250 1.000000 0.146875 0.788889
118 4 0.271875 0.133333 0.306250 0.197222 0.426563 0.230556
117 4 0.240625 0.533333 0.328125 0.752778 0.404687 0.911111
114 5 0.318750 0.130556 0.364063 0.255556 0.501563 0.258333
103 4 0.446875 0.294444 0.503125 0.438889 0.698438 0.513889
