138 4 0.279687 0.030556 0.304688 0.077778 0.431250 0.069444
129 4 0.342187 0.013889 0.370312 0.058333 0.528125 0.044444
128 4 0.364063 0.063889 0.393750 0.108333 0.560937 0.119444
126 4 0.315625 0.066667 0.346875 0.119444 0.489063 0.127778
125 4 0.220312 0.116667 0.254688 0.186111 0.348438 0.211111
123 4 0.270313 0.386111 0.326562 0.525000 0.434375 0.650000
119 5 0.000000 0.358333 0.260937 0.986111 0.129688 0.852778
118 4 0.268750 0.172222 0.307812 0.255556 0.423438 0.302778
117 4 0.171875 0.747222 0.290625 1.005556 0.318750 1.250000
103 4 0.453125 0.341667 0.515625 0.511111 0.710938 0.597222
