341 5 0.270313 0.044444 0.307812 0.130556 0.425000 0.108333
340 4 0.404687 0.211111 0.453125 0.277778 0.632812 0.350000
330 4 0.390625 0.152778 0.426563 0.211111 0.604688 0.258333
327 4 0.445312 0.336111 0.509375 0.469444 0.700000 0.572222
323 4 0.371875 0.100000 0.401562 0.163889 0.573438 0.183333
313 4 0.220312 0.300000 0.275000 0.419444 0.357812 0.511111
310 4 0.118750 0.494444 0.221875 0.716667 0.229687 0.855556
299 5 0.310937 0.097222 0.370312 0.277778 0.496875 0.236111
283 4 0.290625 0.377778 0.351562 0.525000 0.467187 0.641667
281 4 0.137500 0.836111 0.265625 1.008333 0.270313 1.338889
222 4 0.000000 0.844444 0.087500 0.997222 0.042188 1.344444
125 4 0.220312 0.119444 0.256250 0.222222 0.348438 0.230556
