303 4 0.312500 0.077778 0.343750 0.113889 0.484375 0.136111
302 4 0.343750 0.038889 0.367188 0.075000 0.528125 0.077778
301 4 0.360938 0.069444 0.389062 0.111111 0.556250 0.125000
300 4 0.723437 0.591667 0.850000 0.827778 1.150000 1.005556
299 5 0.307812 0.011111 0.342187 0.108333 0.479687 0.066667
291 4 0.373437 0.113889 0.396875 0.158333 0.571875 0.194444
285 4 0.332813 0.211111 0.370312 0.291667 0.518750 0.355556
283 4 0.310937 0.111111 0.348438 0.169444 0.485938 0.197222
281 4 0.325000 0.163889 0.357812 0.222222 0.504687 0.277778
280 5 0.440625 0.286111 0.501563 0.388889 0.692187 0.480556
266 4 0.315625 0.294444 0.367188 0.413889 0.500000 0.502778
264 4 0.385937 0.147222 0.412500 0.186111 0.593750 0.241667
261 4 0.229687 0.277778 0.282813 0.391667 0.371875 0.472222
252 4 0.398438 0.169444 0.432812 0.227778 0.615625 0.283333
248 4 0.246875 0.494444 0.339062 0.736111 0.415625 0.863889
235 4 0.440625 0.286111 0.503125 0.383333 0.692187 0.477778
222 4 0.196875 0.372222 0.267188 0.522222 0.331250 0.633333
206 4 0.076563 0.572222 0.193750 0.777778 0.173437 0.961111
144 4 0.445312 0.527778 0.517188 0.725000 0.704688 0.891667
128 4 0.457813 0.369444 0.515625 0.536111 0.715625 0.638889
125 4 0.221875 0.119444 0.254688 0.194444 0.350000 0.216667
