282 5 0.304688 0.000000 0.329688 0.047222 0.470313 0.025000
281 4 0.323437 0.108333 0.348438 0.147222 0.498437 0.183333
280 4 0.442188 0.286111 0.501563 0.383333 0.693750 0.477778
278 4 0.000000 0.763889 0.121875 0.997222 0.060937 1.261111
275 4 0.740625 0.672222 0.857812 0.944444 1.170313 1.144444
266 4 0.331250 0.163889 0.359375 0.227778 0.510938 0.277778
261 4 0.273438 0.138889 0.307812 0.205556 0.428125 0.241667
260 4 0.365625 0.088889 0.385937 0.138889 0.557813 0.158333
253 4 0.415625 0.213889 0.451562 0.283333 0.642188 0.355556
248 4 0.329688 0.225000 0.367188 0.325000 0.514062 0.388889
235 5 0.440625 0.288889 0.500000 0.383333 0.690625 0.480556
234 4 0.306250 0.322222 0.354687 0.450000 0.484375 0.550000
222 4 0.257812 0.241667 0.300000 0.330556 0.407813 0.405556
212 4 0.217188 0.641667 0.326562 0.913889 0.381250 1.100000
206 4 0.218750 0.325000 0.271875 0.427778 0.354687 0.538889
189 4 0.117188 0.452778 0.217188 0.666667 0.225000 0.788889
144 4 0.450000 0.522222 0.518750 0.713889 0.709375 0.880556
128 4 0.454688 0.372222 0.515625 0.530556 0.714063 0.638889
125 4 0.221875 0.116667 0.256250 0.191667 0.350000 0.213889
