201 4 0.425000 0.219444 0.493750 0.375000 0.671875 0.408333
200 5 0.321875 0.141667 0.364063 0.283333 0.504687 0.283333
189 4 0.273438 0.061111 0.298438 0.116667 0.421875 0.119444
186 4 0.318750 0.069444 0.340625 0.102778 0.489063 0.119444
178 4 0.275000 0.113889 0.303125 0.169444 0.426563 0.200000
171 4 0.306250 0.363889 0.367188 0.516667 0.490625 0.622222
170 4 0.257812 0.216667 0.301563 0.308333 0.407813 0.372222
162 4 0.214062 0.350000 0.278125 0.472222 0.353125 0.586111
157 4 0.200000 0.719444 0.317188 1.008333 0.359375 1.222222
153 4 0.321875 0.147222 0.364063 0.277778 0.504687 0.286111
150 4 -0.001563 0.716667 0.121875 0.997222 0.059375 1.213889
144 4 0.450000 0.519444 0.518750 0.716667 0.709375 0.880556
128 4 0.454688 0.369444 0.515625 0.536111 0.712500 0.638889
125 4 0.221875 0.116667 0.254688 0.194444 0.350000 0.216667
