303 4 0.310937 0.080556 0.345313 0.116667 0.484375 0.141667
302 4 0.348438 0.047222 0.371875 0.077778 0.534375 0.086111
301 4 0.364063 0.072222 0.390625 0.113889 0.559375 0.130556
300 4 0.695312 0.691667 0.820312 1.002778 1.106250 1.191667
299 5 0.309375 0.013889 0.343750 0.105556 0.481250 0.066667
291 4 0.373437 0.113889 0.396875 0.158333 0.571875 0.194444
285 4 0.332813 0.230556 0.368750 0.313889 0.517188 0.386111
283 4 0.321875 0.122222 0.351562 0.175000 0.498437 0.211111
281 4 0.326562 0.172222 0.357812 0.233333 0.506250 0.288889
280 4 0.440625 0.288889 0.503125 0.386111 0.692187 0.483333
266 4 0.312500 0.325000 0.364063 0.450000 0.495312 0.550000
264 4 0.387500 0.141667 0.414062 0.188889 0.595313 0.238889
261 4 0.226562 0.277778 0.281250 0.405556 0.367188 0.480556
252 4 0.400000 0.175000 0.431250 0.227778 0.615625 0.288889
248 4 0.212500 0.575000 0.320312 0.858333 0.373437 1.005556
235 5 0.437500 0.291667 0.501563 0.391667 0.689063 0.486111
222 4 0.193750 0.394444 0.260937 0.541667 0.323437 0.663889
206 4 0.059375 0.608333 0.176563 0.830556 0.148438 1.025000
144 4 0.445312 0.530556 0.518750 0.741667 0.704688 0.902778
128 4 0.456250 0.372222 0.517188 0.538889 0.715625 0.641667
125 4 0.220312 0.119444 0.256250 0.197222 0.348438 0.219444
