147 5 0.375000 0.083333 0.418750 0.163889 0.585938 0.166667
144 4 0.440625 0.272222 0.487500 0.375000 0.684375 0.461111
142 4 0.273438 0.347222 0.353125 0.608333 0.451562 0.652778
140 4 0.176563 0.405556 0.256250 0.575000 0.304688 0.694444
138 4 0.276562 0.111111 0.310937 0.183333 0.432812 0.205556
129 4 0.376563 0.086111 0.418750 0.163889 0.585938 0.169444
128 4 0.398438 0.152778 0.440625 0.244444 0.618750 0.275000
126 4 0.317188 0.205556 0.360938 0.308333 0.498437 0.361111
125 4 0.221875 0.122222 0.256250 0.191667 0.350000 0.216667
123 4 0.209375 0.611111 0.306250 0.844444 0.364063 1.033333
103 4 0.465625 0.502778 0.540625 0.752778 0.737500 0.880556
