282 5 0.304688 0.000000 0.328125 0.050000 0.468750 0.022222
281 4 0.321875 0.108333 0.350000 0.150000 0.498437 0.183333
280 4 0.442188 0.286111 0.501563 0.383333 0.693750 0.477778
278 4 0.000000 0.769444 0.117188 0.994444 0.059375 1.269444
275 4 0.739062 0.683333 0.856250 0.958333 1.168750 1.163889
266 4 0.331250 0.163889 0.359375 0.230556 0.510938 0.277778
261 4 0.271875 0.138889 0.306250 0.208333 0.426563 0.244444
260 4 0.365625 0.086111 0.385937 0.138889 0.559375 0.155556
248 4 0.329688 0.225000 0.367188 0.327778 0.514062 0.388889
235 5 0.439063 0.288889 0.501563 0.383333 0.690625 0.480556
234 4 0.306250 0.325000 0.353125 0.452778 0.482812 0.552778
222 4 0.257812 0.244444 0.298438 0.330556 0.407813 0.411111
212 4 0.214062 0.650000 0.326562 0.927778 0.376563 1.113889
206 4 0.218750 0.327778 0.271875 0.427778 0.354687 0.541667
189 4 0.114062 0.452778 0.215625 0.672222 0.221875 0.788889
144 4 0.450000 0.522222 0.517188 0.713889 0.709375 0.880556
128 4 0.454688 0.369444 0.514062 0.533333 0.712500 0.636111
125 4 0.221875 0.116667 0.256250 0.191667 0.350000 0.213889
