282 5 0.303125 0.000000 0.329688 0.055556 0.468750 0.027778
281 4 0.325000 0.111111 0.346875 0.147222 0.498437 0.186111
280 5 0.435937 0.283333 0.501563 0.386111 0.687500 0.477778
278 4 0.001563 0.877778 0.073438 0.997222 0.039062 1.375000
275 4 0.728125 0.855556 0.839063 1.005556 1.146875 1.358333
266 4 0.331250 0.175000 0.362500 0.247222 0.512500 0.300000
264 4 0.379688 0.127778 0.409375 0.175000 0.584375 0.216667
261 4 0.265625 0.158333 0.304688 0.241667 0.417187 0.277778
252 4 0.398438 0.163889 0.431250 0.216667 0.614062 0.272222
248 4 0.326562 0.250000 0.367188 0.363889 0.510938 0.433333
235 4 0.434375 0.286111 0.501563 0.386111 0.685937 0.480556
234 4 0.292187 0.361111 0.348438 0.505556 0.465625 0.613889
222 4 0.250000 0.263889 0.296875 0.358333 0.398438 0.444444
212 4 0.179688 0.752778 0.312500 1.005556 0.335938 1.255556
206 4 0.204687 0.350000 0.262500 0.463889 0.337500 0.583333
189 4 0.089063 0.519444 0.196875 0.741667 0.187500 0.891667
144 4 0.448437 0.519444 0.518750 0.713889 0.707812 0.877778
128 4 0.457813 0.369444 0.515625 0.530556 0.715625 0.636111
125 4 0.221875 0.119444 0.254688 0.194444 0.350000 0.216667
