200 4 0.323437 0.147222 0.364063 0.266667 0.506250 0.280556
194 4 0.676562 0.700000 0.814063 1.011111 1.084375 1.205556
189 4 0.276562 0.058333 0.298438 0.105556 0.426563 0.111111
187 5 0.425000 0.211111 0.489063 0.355556 0.670312 0.388889
178 4 0.275000 0.105556 0.304688 0.158333 0.428125 0.186111
171 4 0.310937 0.330556 0.368750 0.475000 0.495312 0.569444
170 4 0.260937 0.213889 0.301563 0.291667 0.412500 0.361111
162 4 0.225000 0.305556 0.285938 0.444444 0.367188 0.530556
157 4 0.221875 0.638889 0.331250 0.927778 0.387500 1.102778
153 5 0.321875 0.141667 0.364063 0.266667 0.504687 0.275000
150 4 0.000000 0.663889 0.154688 0.925000 0.076563 1.127778
144 4 0.450000 0.519444 0.518750 0.716667 0.709375 0.877778
128 4 0.454688 0.372222 0.515625 0.536111 0.712500 0.641667
125 4 0.221875 0.119444 0.254688 0.191667 0.350000 0.216667
