267 1 0.267188 0.400000 0.293750 0.508333 0.414062 0.655556
266 4 0.325000 0.130556 0.354687 0.180556 0.503125 0.222222
264 4 0.370312 0.091667 0.396875 0.136111 0.568750 0.161111
261 4 0.290625 0.058333 0.312500 0.102778 0.446875 0.111111
260 4 0.353125 0.072222 0.378125 0.102778 0.543750 0.125000
253 4 0.409375 0.194444 0.448437 0.272222 0.634375 0.330556
252 4 0.385937 0.133333 0.415625 0.180556 0.593750 0.222222
248 4 0.328125 0.175000 0.362500 0.230556 0.509375 0.291667
235 5 0.440625 0.288889 0.500000 0.383333 0.690625 0.480556
234 4 0.317188 0.219444 0.364063 0.325000 0.498437 0.383333
222 4 0.275000 0.144444 0.310937 0.211111 0.431250 0.250000
214 4 0.440625 0.286111 0.501563 0.383333 0.692187 0.477778
212 4 0.312500 0.377778 0.364063 0.497222 0.495312 0.625000
206 4 0.256250 0.211111 0.292187 0.280556 0.403125 0.352778
189 4 0.217188 0.288889 0.275000 0.425000 0.356250 0.502778
178 4 0.140625 0.461111 0.234375 0.644444 0.259375 0.783333
144 4 0.453125 0.519444 0.515625 0.713889 0.710938 0.877778
128 4 0.454688 0.372222 0.515625 0.533333 0.712500 0.638889
125 4 0.221875 0.122222 0.254688 0.191667 0.350000 0.216667
