313 4 0.275000 0.102778 0.306250 0.155556 0.428125 0.183333
312 4 0.373437 0.111111 0.396875 0.147222 0.571875 0.183333
311 4 0.418750 0.225000 0.460938 0.294444 0.650000 0.375000
310 4 0.214062 0.322222 0.271875 0.458333 0.350000 0.552778
301 4 0.367188 0.086111 0.390625 0.116667 0.564063 0.144444
299 5 0.309375 0.033333 0.350000 0.150000 0.484375 0.108333
285 4 0.314063 0.330556 0.365625 0.455556 0.496875 0.558333
283 4 0.325000 0.155556 0.359375 0.227778 0.504687 0.269444
281 4 0.323437 0.227778 0.365625 0.319444 0.506250 0.388889
280 4 0.443750 0.305556 0.512500 0.425000 0.700000 0.516667
266 4 0.225000 0.558333 0.325000 0.788889 0.387500 0.952778
264 4 0.387500 0.144444 0.409375 0.191667 0.592187 0.241667
252 4 0.400000 0.175000 0.431250 0.227778 0.615625 0.288889
222 4 0.146875 0.469444 0.240625 0.661111 0.267188 0.800000
206 4 0.000000 0.827778 0.084375 0.997222 0.042188 1.325000
144 4 0.435937 0.727778 0.521875 1.005556 0.696875 1.230556
128 4 0.453125 0.422222 0.528125 0.627778 0.717187 0.736111
125 4 0.220312 0.125000 0.257812 0.200000 0.350000 0.225000
