206 4 0.284375 0.036111 0.301563 0.075000 0.435937 0.075000
201 4 0.428125 0.233333 0.495312 0.386111 0.676562 0.425000
200 5 0.318750 0.163889 0.367188 0.311111 0.503125 0.319444
189 4 0.270313 0.072222 0.300000 0.130556 0.420312 0.138889
187 5 0.426563 0.227778 0.495312 0.388889 0.675000 0.425000
178 4 0.273438 0.130556 0.303125 0.188889 0.425000 0.225000
171 4 0.295312 0.411111 0.357812 0.577778 0.475000 0.702778
170 4 0.250000 0.238889 0.296875 0.338889 0.398438 0.411111
162 4 0.195312 0.386111 0.267188 0.525000 0.329688 0.650000
153 4 0.318750 0.166667 0.365625 0.308333 0.501563 0.322222
150 4 0.000000 0.827778 0.073438 0.997222 0.037500 1.325000
144 4 0.448437 0.519444 0.517188 0.716667 0.707812 0.877778
128 4 0.453125 0.372222 0.515625 0.530556 0.712500 0.638889
125 4 0.221875 0.116667 0.256250 0.197222 0.350000 0.216667
