57 5 0.067187 0.491667 0.206250 0.772222 0.170313 0.877778
51 4 0.315625 0.055556 0.340625 0.105556 0.485938 0.108333
48 4 0.068750 0.502778 0.204687 0.772222 0.171875 0.888889
47 4 0.323437 0.119444 0.353125 0.186111 0.500000 0.213889
45 4 0.278125 0.113889 0.307812 0.172222 0.431250 0.202778
37 4 0.317188 0.188889 0.360938 0.280556 0.498437 0.327778
30 4 0.259375 0.213889 0.303125 0.286111 0.412500 0.358333
25 4 0.448437 0.297222 0.500000 0.411111 0.698438 0.502778
24 4 0.457813 0.580556 0.534375 0.830556 0.725000 0.997222
5 4 0.221875 0.119444 0.259375 0.197222 0.351562 0.219444
