51 4 0.314063 0.016667 0.332813 0.055556 0.481250 0.044444
50 4 0.342187 0.011111 0.362500 0.047222 0.523438 0.036111
47 4 0.320312 0.058333 0.342187 0.100000 0.492188 0.108333
45 4 0.276562 0.063889 0.307812 0.108333 0.431250 0.119444
43 5 0.242188 0.230556 0.293750 0.344444 0.389062 0.402778
38 4 0.367188 0.075000 0.395313 0.119444 0.564063 0.136111
37 4 0.325000 0.097222 0.350000 0.138889 0.500000 0.169444
30 4 0.276562 0.113889 0.307812 0.163889 0.429688 0.197222
24 4 0.446875 0.297222 0.500000 0.438889 0.696875 0.519444
23 4 0.312500 0.261111 0.360938 0.361111 0.493750 0.441667
5 4 0.221875 0.125000 0.257812 0.188889 0.351562 0.219444
