171 4 0.317188 0.191667 0.367188 0.286111 0.501563 0.336111
170 4 0.270313 0.097222 0.303125 0.155556 0.421875 0.175000
169 4 0.256250 0.400000 0.348438 0.622222 0.431250 0.711111
164 4 0.003125 0.650000 0.295312 1.011111 0.150000 1.155556
162 4 0.271875 0.161111 0.304688 0.225000 0.425000 0.272222
157 4 0.314063 0.280556 0.362500 0.375000 0.495312 0.469444
153 5 0.310937 0.077778 0.351562 0.172222 0.487500 0.163889
150 4 0.228125 0.288889 0.279687 0.383333 0.368750 0.480556
147 4 0.403125 0.161111 0.462500 0.275000 0.634375 0.300000
144 4 0.454688 0.419444 0.514062 0.580556 0.712500 0.711111
138 4 0.082812 0.497222 0.214062 0.741667 0.189062 0.869444
128 4 0.434375 0.277778 0.496875 0.425000 0.682813 0.491667
125 4 0.221875 0.119444 0.254688 0.191667 0.350000 0.216667
103 4 0.464062 0.677778 0.559375 1.000000 0.743750 1.180556
