378 4 0.012500 0.436111 0.346875 1.002778 0.185938 0.938889
367 4 0.365625 0.091667 0.393750 0.136111 0.562500 0.161111
366 5 0.239063 0.213889 0.303125 0.344444 0.390625 0.386111
364 4 0.381250 0.127778 0.415625 0.186111 0.589063 0.222222
361 4 0.321875 0.258333 0.370312 0.350000 0.507812 0.433333
352 5 0.265625 0.088889 0.303125 0.183333 0.418750 0.183333
347 4 0.314063 0.077778 0.340625 0.125000 0.484375 0.141667
344 4 0.312500 0.130556 0.348438 0.197222 0.487500 0.230556
330 4 0.440625 0.297222 0.500000 0.405556 0.692187 0.500000
323 4 0.396875 0.183333 0.442188 0.277778 0.618750 0.322222
125 4 0.218750 0.122222 0.256250 0.188889 0.346875 0.219444
