417 4 0.231250 0.227778 0.292187 0.375000 0.378125 0.413889
414 4 0.000000 0.772222 0.103125 0.997222 0.051562 1.272222
406 4 0.262500 0.130556 0.307812 0.194444 0.417187 0.227778
401 4 0.418750 0.211111 0.459375 0.286111 0.648438 0.355556
395 4 0.379688 0.119444 0.417187 0.194444 0.589063 0.216667
389 4 0.257812 0.169444 0.301563 0.255556 0.409375 0.300000
388 4 0.292187 0.386111 0.353125 0.527778 0.468750 0.650000
367 4 0.440625 0.355556 0.496875 0.500000 0.689063 0.608333
364 4 0.467187 0.844444 0.550000 1.011111 0.742188 1.350000
125 4 0.221875 0.116667 0.254688 0.191667 0.350000 0.211111
