347 4 0.309375 0.019444 0.332813 0.061111 0.476562 0.050000
344 4 0.314063 0.055556 0.335938 0.097222 0.482812 0.105556
341 4 0.271875 0.072222 0.309375 0.136111 0.426563 0.138889
340 4 0.412500 0.211111 0.456250 0.288889 0.642188 0.355556
333 5 0.271875 0.072222 0.309375 0.136111 0.426563 0.138889
330 4 0.390625 0.158333 0.426563 0.213889 0.604688 0.263889
327 4 0.445312 0.338889 0.512500 0.497222 0.701562 0.588889
323 4 0.373437 0.105556 0.400000 0.161111 0.573438 0.186111
313 4 0.212500 0.319444 0.270313 0.438889 0.348438 0.538889
310 4 0.098437 0.488889 0.221875 0.744444 0.210938 0.861111
299 5 0.310937 0.108333 0.368750 0.294444 0.495312 0.258333
283 4 0.278125 0.427778 0.345313 0.588889 0.451562 0.722222
222 4 0.000000 0.877778 0.076563 1.000000 0.037500 1.377778
125 4 0.221875 0.119444 0.254688 0.191667 0.350000 0.216667
