352 4 0.278125 0.019444 0.300000 0.061111 0.429688 0.050000
351 4 0.306250 0.000000 0.325000 0.030556 0.468750 0.016667
347 4 0.310937 0.027778 0.332813 0.069444 0.478125 0.063889
344 4 0.314063 0.063889 0.337500 0.108333 0.484375 0.119444
341 5 0.270313 0.088889 0.309375 0.172222 0.425000 0.177778
330 4 0.395313 0.155556 0.435937 0.255556 0.614062 0.283333
327 4 0.457813 0.452778 0.526563 0.627778 0.720313 0.766667
323 4 0.373437 0.105556 0.401562 0.163889 0.575000 0.188889
313 4 0.192188 0.361111 0.259375 0.494444 0.321875 0.608333
310 4 0.078125 0.527778 0.206250 0.777778 0.182812 0.916667
299 4 0.300000 0.144444 0.365625 0.361111 0.482812 0.327778
283 4 0.214062 0.597222 0.314063 0.833333 0.371875 1.013889
125 4 0.221875 0.119444 0.254688 0.188889 0.350000 0.213889
