275 4 0.798438 0.516667 0.912500 0.711111 1.254687 0.872222
266 4 0.331250 0.155556 0.357812 0.208333 0.510938 0.258333
264 4 0.375000 0.111111 0.401562 0.161111 0.576562 0.191667
261 4 0.278125 0.102778 0.309375 0.163889 0.432812 0.183333
260 4 0.362500 0.083333 0.389062 0.127778 0.557813 0.147222
253 4 0.414062 0.208333 0.453125 0.280556 0.642188 0.347222
252 4 0.393750 0.155556 0.426563 0.205556 0.607812 0.258333
248 4 0.332813 0.205556 0.365625 0.286111 0.515625 0.347222
235 5 0.437500 0.286111 0.501563 0.386111 0.689063 0.477778
234 4 0.310937 0.269444 0.359375 0.397222 0.490625 0.466667
222 4 0.270313 0.205556 0.304688 0.283333 0.423438 0.347222
212 4 0.264062 0.516667 0.346875 0.713889 0.439063 0.872222
206 4 0.232813 0.280556 0.279687 0.375000 0.373437 0.469444
189 4 0.154688 0.400000 0.240625 0.577778 0.276562 0.688889
144 4 0.446875 0.522222 0.518750 0.713889 0.706250 0.880556
128 4 0.453125 0.369444 0.514062 0.533333 0.710938 0.636111
125 4 0.223438 0.119444 0.253125 0.191667 0.350000 0.213889
