412 4 0.368750 0.077778 0.404687 0.152778 0.571875 0.155556
411 5 0.150000 0.386111 0.250000 0.544444 0.275000 0.658333
406 4 0.273438 0.113889 0.306250 0.166667 0.426563 0.197222
404 4 0.317188 0.058333 0.340625 0.102778 0.487500 0.111111
403 4 0.240625 0.202778 0.295312 0.336111 0.389062 0.372222
401 4 0.400000 0.152778 0.435937 0.222222 0.618750 0.263889
389 4 0.264062 0.138889 0.303125 0.230556 0.415625 0.255556
388 4 0.312500 0.288889 0.364063 0.388889 0.493750 0.483333
367 4 0.428125 0.275000 0.481250 0.377778 0.668750 0.466667
364 4 0.471875 0.461111 0.535937 0.638889 0.740625 0.780556
344 4 0.232813 0.530556 0.325000 0.744444 0.395313 0.902778
125 4 0.220312 0.119444 0.254688 0.211111 0.348438 0.227778
