266 4 0.326562 0.138889 0.356250 0.183333 0.504687 0.230556
264 4 0.371875 0.091667 0.400000 0.138889 0.571875 0.163889
261 4 0.285938 0.063889 0.312500 0.116667 0.442188 0.125000
260 4 0.354687 0.069444 0.381250 0.108333 0.545312 0.122222
253 4 0.410938 0.197222 0.448437 0.272222 0.635938 0.333333
252 4 0.387500 0.138889 0.417187 0.186111 0.596875 0.230556
248 4 0.328125 0.177778 0.362500 0.241667 0.509375 0.300000
235 5 0.439063 0.288889 0.501563 0.383333 0.690625 0.480556
234 4 0.320312 0.236111 0.364063 0.330556 0.503125 0.400000
222 4 0.275000 0.144444 0.309375 0.219444 0.429688 0.255556
212 4 0.304688 0.383333 0.367188 0.533333 0.489063 0.650000
206 4 0.253125 0.227778 0.290625 0.300000 0.398438 0.377778
189 4 0.206250 0.319444 0.268750 0.455556 0.342187 0.547222
178 4 0.115625 0.491667 0.223438 0.702778 0.228125 0.844444
144 4 0.453125 0.522222 0.515625 0.713889 0.710938 0.880556
128 4 0.456250 0.372222 0.514062 0.533333 0.714063 0.638889
125 4 0.221875 0.119444 0.254688 0.191667 0.348438 0.216667
