369 4 0.309375 0.011111 0.331250 0.050000 0.475000 0.036111
367 4 0.359375 0.069444 0.385937 0.113889 0.553125 0.127778
366 5 0.254688 0.158333 0.314063 0.280556 0.412500 0.297222
364 4 0.371875 0.100000 0.401562 0.152778 0.573438 0.177778
363 5 0.268750 0.052778 0.307812 0.133333 0.423438 0.119444
361 4 0.320312 0.169444 0.360938 0.261111 0.501563 0.300000
356 4 0.254688 0.169444 0.312500 0.280556 0.412500 0.311111
352 4 0.271875 0.055556 0.306250 0.133333 0.425000 0.125000
347 4 0.312500 0.055556 0.337500 0.097222 0.481250 0.105556
344 4 0.315625 0.094444 0.345313 0.155556 0.489063 0.175000
340 4 0.456250 0.397222 0.514062 0.536111 0.714063 0.666667
323 4 0.384375 0.147222 0.418750 0.202778 0.593750 0.247222
313 4 0.148438 0.408333 0.226562 0.580556 0.262500 0.700000
310 4 0.075000 0.555556 0.193750 0.802778 0.171875 0.958333
125 4 0.220312 0.119444 0.254688 0.191667 0.348438 0.216667
