27 5 0.275000 0.027778 0.304688 0.072222 0.428125 0.063889
25 4 0.339062 0.011111 0.360938 0.044444 0.520312 0.033333
24 4 0.354687 0.041667 0.378125 0.077778 0.543750 0.080556
23 4 0.310937 0.011111 0.329688 0.038889 0.476562 0.030556
22 4 0.318750 0.044444 0.339062 0.080556 0.487500 0.086111
21 4 0.275000 0.027778 0.303125 0.072222 0.426563 0.063889
19 4 0.314063 0.083333 0.340625 0.127778 0.484375 0.147222
16 4 0.321875 0.119444 0.346875 0.172222 0.495312 0.208333
15 4 0.295312 0.294444 0.346875 0.411111 0.470313 0.500000
5 4 0.221875 0.119444 0.257812 0.194444 0.351562 0.216667
2 4 0.456250 0.488889 0.520312 0.683333 0.717187 0.830556
