261 4 0.298438 0.033333 0.320312 0.077778 0.459375 0.072222
257 4 0.323437 0.105556 0.350000 0.152778 0.498437 0.183333
255 4 0.001563 0.811111 0.092188 0.997222 0.046875 1.311111
253 4 0.395313 0.166667 0.445312 0.277778 0.618750 0.308333
252 4 0.379688 0.116667 0.407813 0.158333 0.582812 0.197222
240 4 0.318750 0.069444 0.340625 0.108333 0.489063 0.125000
238 4 0.132812 0.613889 0.295312 1.008333 0.281250 1.119444
235 5 0.437500 0.286111 0.501563 0.383333 0.689063 0.477778
234 4 0.323437 0.177778 0.365625 0.288889 0.506250 0.325000
222 4 0.281250 0.116667 0.310937 0.172222 0.437500 0.202778
214 4 0.439063 0.286111 0.503125 0.383333 0.690625 0.477778
212 4 0.325000 0.297222 0.370312 0.416667 0.510938 0.508333
206 4 0.262500 0.150000 0.296875 0.236111 0.410938 0.269444
189 4 0.242188 0.250000 0.287500 0.358333 0.385937 0.427778
178 4 0.187500 0.366667 0.262500 0.522222 0.318750 0.630556
144 4 0.451562 0.522222 0.517188 0.713889 0.710938 0.880556
128 4 0.454688 0.372222 0.514062 0.533333 0.712500 0.638889
125 4 0.221875 0.119444 0.254688 0.186111 0.350000 0.213889
