408 5 0.193750 0.052778 0.251563 0.122222 0.320312 0.113889
407 4 0.212500 0.288889 0.278125 0.366667 0.351562 0.475000
406 4 0.271875 0.077778 0.304688 0.125000 0.425000 0.141667
404 4 0.317188 0.044444 0.334375 0.077778 0.484375 0.083333
403 5 0.251563 0.177778 0.300000 0.297222 0.403125 0.327778
401 4 0.379688 0.119444 0.412500 0.172222 0.585938 0.205556
400 5 0.189062 0.338889 0.268750 0.472222 0.323437 0.575000
398 4 0.000000 0.777778 0.110937 1.000000 0.056250 1.277778
395 4 0.362500 0.069444 0.389062 0.122222 0.557813 0.133333
389 4 0.267188 0.122222 0.307812 0.191667 0.420312 0.216667
388 4 0.323437 0.200000 0.364063 0.280556 0.506250 0.341667
367 4 0.395313 0.191667 0.443750 0.275000 0.617188 0.330556
364 4 0.446875 0.286111 0.500000 0.400000 0.696875 0.488889
361 4 0.154688 0.894444 0.264062 1.002778 0.287500 1.397222
352 4 0.251563 0.177778 0.298438 0.297222 0.401562 0.327778
344 4 0.301563 0.336111 0.353125 0.469444 0.478125 0.569444
323 4 0.471875 0.475000 0.539062 0.658333 0.742188 0.805556
125 4 0.220312 0.116667 0.254688 0.191667 0.348438 0.213889
