151 4 0.321875 0.102778 0.350000 0.161111 0.496875 0.183333
147 4 0.378125 0.088889 0.420312 0.166667 0.589063 0.172222
144 4 0.442188 0.277778 0.489063 0.383333 0.687500 0.469444
142 4 0.273438 0.347222 0.354687 0.616667 0.450000 0.655556
140 4 0.170313 0.413889 0.253125 0.588889 0.296875 0.711111
138 4 0.276562 0.119444 0.309375 0.191667 0.431250 0.216667
129 5 0.378125 0.088889 0.420312 0.166667 0.589063 0.172222
128 4 0.398438 0.155556 0.443750 0.261111 0.620313 0.286111
126 4 0.317188 0.211111 0.359375 0.316667 0.498437 0.369444
125 4 0.221875 0.122222 0.256250 0.191667 0.350000 0.219444
123 4 0.209375 0.613889 0.304688 0.852778 0.362500 1.041667
103 4 0.465625 0.505556 0.540625 0.758333 0.735938 0.886111
