395 4 0.354687 0.050000 0.381250 0.091667 0.546875 0.097222
392 4 0.315625 0.041667 0.337500 0.077778 0.484375 0.080556
391 4 0.368750 0.086111 0.393750 0.125000 0.565625 0.150000
390 5 0.260937 0.136111 0.306250 0.250000 0.414062 0.263889
389 4 0.273438 0.072222 0.303125 0.127778 0.425000 0.136111
388 4 0.315625 0.116667 0.350000 0.177778 0.490625 0.208333
383 4 0.128125 0.425000 0.239063 0.616667 0.248438 0.733333
367 4 0.375000 0.127778 0.409375 0.186111 0.579688 0.219444
366 5 0.218750 0.288889 0.285938 0.408333 0.362500 0.491667
364 4 0.403125 0.175000 0.446875 0.272222 0.626563 0.311111
361 4 0.289062 0.422222 0.351562 0.580556 0.464062 0.713889
352 4 0.260937 0.138889 0.307812 0.250000 0.415625 0.263889
344 4 0.317188 0.205556 0.356250 0.291667 0.495312 0.352778
330 4 0.471875 0.475000 0.540625 0.647222 0.743750 0.797222
323 4 0.432812 0.258333 0.482812 0.361111 0.675000 0.438889
125 4 0.220312 0.116667 0.253125 0.188889 0.346875 0.213889
