364 4 0.370312 0.091667 0.400000 0.133333 0.570312 0.158333
363 5 0.275000 0.027778 0.307812 0.094444 0.429688 0.075000
362 2 0.276562 0.188889 0.365625 0.486111 0.459375 0.433333
361 4 0.326562 0.141667 0.356250 0.197222 0.504687 0.241667
360 4 0.276562 0.191667 0.362500 0.488889 0.457813 0.436111
352 4 0.275000 0.027778 0.306250 0.094444 0.428125 0.075000
347 4 0.312500 0.041667 0.335938 0.080556 0.481250 0.083333
344 4 0.315625 0.083333 0.340625 0.125000 0.485938 0.147222
340 4 0.440625 0.297222 0.495312 0.402778 0.689063 0.500000
333 5 0.262500 0.125000 0.310937 0.225000 0.418750 0.236111
330 4 0.401562 0.197222 0.448437 0.275000 0.626563 0.336111
327 4 0.467187 0.694444 0.565625 0.997222 0.750000 1.194444
323 4 0.376563 0.127778 0.409375 0.177778 0.581250 0.216667
310 4 0.081250 0.547222 0.201563 0.788889 0.182812 0.941667
125 4 0.221875 0.116667 0.253125 0.188889 0.348438 0.211111
