349 4 0.346875 0.030556 0.368750 0.069444 0.531250 0.066667
347 4 0.312500 0.019444 0.332813 0.061111 0.479687 0.052778
344 4 0.315625 0.061111 0.337500 0.102778 0.484375 0.113889
341 4 0.271875 0.075000 0.310937 0.150000 0.426563 0.152778
340 4 0.421875 0.236111 0.460938 0.313889 0.653125 0.394444
333 5 0.270313 0.077778 0.310937 0.150000 0.426563 0.152778
330 4 0.393750 0.163889 0.431250 0.236111 0.609375 0.280556
327 4 0.453125 0.408333 0.521875 0.558333 0.714063 0.688889
323 4 0.373437 0.102778 0.401562 0.163889 0.573438 0.186111
313 4 0.198437 0.336111 0.259375 0.475000 0.329688 0.575000
310 4 0.089063 0.519444 0.209375 0.761111 0.195312 0.900000
299 5 0.307812 0.130556 0.368750 0.333333 0.492188 0.297222
283 4 0.246875 0.508333 0.334375 0.708333 0.414062 0.863889
125 4 0.220312 0.113889 0.259375 0.205556 0.350000 0.219444
