189 4 0.276562 0.027778 0.298438 0.066667 0.426563 0.061111
187 5 0.418750 0.183333 0.476562 0.313889 0.656250 0.341667
185 5 0.323437 0.125000 0.360938 0.230556 0.504687 0.241667
178 4 0.279687 0.069444 0.306250 0.111111 0.432812 0.127778
171 4 0.328125 0.258333 0.370312 0.358333 0.512500 0.436111
170 4 0.264062 0.144444 0.306250 0.236111 0.417187 0.263889
162 4 0.254688 0.255556 0.300000 0.338889 0.404687 0.425000
157 4 0.295312 0.438889 0.351562 0.597222 0.471875 0.738889
153 4 0.323437 0.127778 0.360938 0.227778 0.504687 0.241667
150 4 0.123438 0.466667 0.220312 0.636111 0.234375 0.786111
147 4 0.417187 0.186111 0.476562 0.311111 0.656250 0.341667
144 4 0.450000 0.519444 0.520312 0.713889 0.710938 0.875000
128 4 0.453125 0.355556 0.517188 0.530556 0.712500 0.622222
125 4 0.221875 0.116667 0.253125 0.188889 0.348438 0.211111
