325 4 0.443750 0.305556 0.518750 0.502778 0.703125 0.555556
323 4 0.371875 0.105556 0.396875 0.152778 0.570312 0.183333
321 4 0.385937 0.141667 0.409375 0.191667 0.590625 0.236111
313 4 0.264062 0.141667 0.304688 0.225000 0.417187 0.252778
310 4 0.196875 0.350000 0.267188 0.497222 0.331250 0.600000
299 5 0.309375 0.047222 0.356250 0.172222 0.487500 0.136111
285 4 0.267188 0.461111 0.345313 0.652778 0.440625 0.788889
283 4 0.320312 0.191667 0.360938 0.275000 0.500000 0.330556
281 4 0.314063 0.291667 0.360938 0.394444 0.495312 0.488889
222 4 0.093750 0.536111 0.210938 0.777778 0.198437 0.927778
128 4 0.456250 0.541667 0.540625 0.827778 0.726562 0.958333
125 4 0.217188 0.119444 0.256250 0.200000 0.345313 0.219444
