56 4 0.353125 0.041667 0.376563 0.077778 0.542188 0.080556
54 4 0.385937 0.116667 0.418750 0.166667 0.595313 0.202778
48 4 0.170313 0.361111 0.248438 0.541667 0.295312 0.633333
47 4 0.323437 0.097222 0.350000 0.147222 0.498437 0.172222
45 4 0.275000 0.094444 0.309375 0.147222 0.431250 0.169444
37 4 0.329688 0.144444 0.357812 0.205556 0.509375 0.247222
30 4 0.270313 0.166667 0.303125 0.230556 0.421875 0.283333
25 4 0.442188 0.261111 0.489063 0.358333 0.685937 0.438889
24 4 0.460938 0.452778 0.523438 0.633333 0.723437 0.769444
23 4 0.237500 0.480556 0.329688 0.713889 0.401562 0.838889
5 4 0.221875 0.122222 0.259375 0.191667 0.351562 0.219444
