201 4 0.429688 0.227778 0.495312 0.380556 0.678125 0.419444
200 5 0.318750 0.152778 0.364063 0.297222 0.501563 0.302778
189 4 0.273438 0.072222 0.298438 0.122222 0.423438 0.133333
178 4 0.273438 0.122222 0.303125 0.183333 0.425000 0.213889
171 4 0.300000 0.405556 0.359375 0.555556 0.479687 0.683333
170 4 0.253125 0.236111 0.296875 0.327778 0.401562 0.400000
162 4 0.201563 0.369444 0.271875 0.508333 0.337500 0.625000
157 4 0.178125 0.813889 0.303125 1.005556 0.329688 1.319444
153 4 0.318750 0.158333 0.364063 0.294444 0.501563 0.305556
150 4 0.000000 0.786111 0.093750 1.000000 0.048438 1.288889
144 4 0.450000 0.519444 0.517188 0.716667 0.707812 0.877778
128 4 0.454688 0.369444 0.514062 0.533333 0.712500 0.636111
125 4 0.221875 0.116667 0.254688 0.194444 0.350000 0.213889
