266 4 0.325000 0.130556 0.354687 0.180556 0.503125 0.222222
264 4 0.370312 0.094444 0.398438 0.136111 0.568750 0.161111
261 4 0.289062 0.061111 0.312500 0.105556 0.445312 0.113889
260 4 0.353125 0.072222 0.378125 0.102778 0.542188 0.125000
253 4 0.409375 0.194444 0.448437 0.272222 0.634375 0.330556
252 4 0.385937 0.133333 0.415625 0.180556 0.593750 0.222222
248 4 0.328125 0.175000 0.360938 0.230556 0.509375 0.291667
235 5 0.440625 0.288889 0.500000 0.383333 0.690625 0.480556
234 4 0.317188 0.222222 0.365625 0.325000 0.500000 0.386111
222 4 0.275000 0.144444 0.310937 0.213889 0.431250 0.252778
214 4 0.440625 0.286111 0.501563 0.383333 0.692187 0.477778
212 4 0.310937 0.377778 0.365625 0.500000 0.493750 0.627778
206 4 0.256250 0.211111 0.290625 0.280556 0.401562 0.352778
189 4 0.217188 0.291667 0.273438 0.425000 0.354687 0.505556
178 4 0.139063 0.463889 0.234375 0.650000 0.256250 0.788889
144 4 0.453125 0.519444 0.515625 0.713889 0.710938 0.877778
128 4 0.454688 0.372222 0.515625 0.533333 0.712500 0.638889
125 4 0.221875 0.122222 0.254688 0.191667 0.350000 0.219444
