327 4 0.432812 0.250000 0.476562 0.336111 0.671875 0.419444
323 4 0.371875 0.108333 0.396875 0.152778 0.570312 0.186111
313 4 0.259375 0.144444 0.301563 0.258333 0.410938 0.275000
310 4 0.189062 0.369444 0.254688 0.522222 0.317188 0.630556
299 5 0.310937 0.050000 0.357812 0.177778 0.490625 0.138889
285 4 0.243750 0.541667 0.334375 0.766667 0.410938 0.925000
283 4 0.320312 0.208333 0.360938 0.294444 0.500000 0.355556
281 4 0.309375 0.322222 0.357812 0.444444 0.489063 0.544444
222 4 0.073438 0.575000 0.198437 0.833333 0.173437 0.994444
128 4 0.456250 0.605556 0.543750 0.938889 0.728125 1.075000
125 4 0.218750 0.119444 0.259375 0.200000 0.348438 0.219444
