178 4 0.278125 0.038889 0.301563 0.080556 0.429688 0.080556
171 4 0.326562 0.211111 0.370312 0.308333 0.512500 0.363889
170 4 0.265625 0.136111 0.304688 0.200000 0.417187 0.236111
169 4 0.192188 0.547222 0.320312 0.833333 0.353125 0.963889
162 4 0.262500 0.205556 0.310937 0.286111 0.418750 0.350000
157 4 0.307812 0.338889 0.360938 0.469444 0.489063 0.575000
153 5 0.314063 0.097222 0.356250 0.205556 0.492188 0.200000
150 4 0.179688 0.372222 0.253125 0.505556 0.306250 0.625000
147 4 0.407813 0.169444 0.470313 0.291667 0.643750 0.313889
144 4 0.453125 0.500000 0.517188 0.677778 0.712500 0.838889
138 4 0.000000 0.658333 0.142187 0.988889 0.070312 1.152778
128 4 0.443750 0.325000 0.512500 0.491667 0.700000 0.572222
125 4 0.220312 0.116667 0.254688 0.194444 0.346875 0.213889
