155 4 0.126562 0.469444 0.229687 0.686111 0.242188 0.813889
153 4 0.309375 0.002778 0.328125 0.033333 0.475000 0.019444
152 4 0.321875 0.069444 0.346875 0.116667 0.496875 0.127778
150 4 0.275000 0.066667 0.301563 0.111111 0.426563 0.122222
147 5 0.385937 0.108333 0.431250 0.191667 0.601562 0.205556
144 4 0.446875 0.297222 0.498437 0.416667 0.696875 0.505556
142 4 0.265625 0.363889 0.350000 0.636111 0.440625 0.680556
138 4 0.271875 0.144444 0.306250 0.225000 0.425000 0.255556
129 4 0.387500 0.108333 0.431250 0.191667 0.603125 0.205556
128 4 0.404687 0.183333 0.450000 0.277778 0.629687 0.322222
126 4 0.314063 0.238889 0.362500 0.366667 0.495312 0.425000
125 4 0.221875 0.122222 0.254688 0.191667 0.350000 0.216667
123 4 0.209375 0.630556 0.303125 0.888889 0.360938 1.075000
103 4 0.467187 0.530556 0.537500 0.772222 0.735938 0.916667
