238 4 0.260937 0.377778 0.348438 0.636111 0.434375 0.697222
235 5 0.439063 0.286111 0.501563 0.383333 0.690625 0.477778
234 4 0.326562 0.144444 0.360938 0.236111 0.507812 0.263889
222 4 0.282813 0.077778 0.309375 0.127778 0.437500 0.141667
214 4 0.439063 0.283333 0.503125 0.380556 0.690625 0.475000
212 4 0.329688 0.225000 0.370312 0.325000 0.515625 0.388889
206 4 0.271875 0.125000 0.298438 0.177778 0.421875 0.213889
189 4 0.257812 0.180556 0.295312 0.266667 0.406250 0.313889
178 4 0.235937 0.275000 0.287500 0.383333 0.379688 0.469444
170 4 0.075000 0.544444 0.203125 0.772222 0.176563 0.930556
144 4 0.448437 0.519444 0.518750 0.716667 0.707812 0.877778
128 4 0.457813 0.375000 0.515625 0.530556 0.715625 0.641667
125 4 0.221875 0.122222 0.254688 0.191667 0.350000 0.216667
