370 4 0.260937 0.158333 0.300000 0.216667 0.410938 0.266667
367 4 0.359375 0.072222 0.385937 0.116667 0.553125 0.130556
366 5 0.254688 0.166667 0.312500 0.286111 0.412500 0.311111
364 4 0.371875 0.102778 0.404687 0.155556 0.575000 0.180556
363 5 0.268750 0.058333 0.307812 0.138889 0.423438 0.127778
361 4 0.318750 0.175000 0.362500 0.269444 0.500000 0.311111
356 4 0.256250 0.183333 0.312500 0.286111 0.412500 0.325000
352 4 0.271875 0.063889 0.306250 0.138889 0.425000 0.133333
347 4 0.312500 0.055556 0.337500 0.100000 0.481250 0.105556
344 4 0.314063 0.097222 0.345313 0.158333 0.487500 0.177778
323 4 0.384375 0.147222 0.420312 0.205556 0.595313 0.250000
310 4 0.071875 0.558333 0.189062 0.808333 0.167187 0.963889
125 4 0.220312 0.119444 0.254688 0.191667 0.348438 0.216667
