421 4 0.217188 0.255556 0.282813 0.427778 0.357812 0.469444
420 4 0.328125 0.152778 0.365625 0.241667 0.510938 0.275000
418 4 0.323437 0.094444 0.350000 0.152778 0.498437 0.169444
406 4 0.262500 0.138889 0.304688 0.216667 0.415625 0.247222
401 4 0.435937 0.263889 0.484375 0.369444 0.678125 0.450000
395 4 0.392188 0.152778 0.434375 0.244444 0.610938 0.275000
389 4 0.257812 0.200000 0.300000 0.291667 0.407813 0.347222
388 4 0.237500 0.550000 0.328125 0.772222 0.403125 0.936111
367 4 0.435937 0.558333 0.512500 0.780556 0.692187 0.947222
125 4 0.221875 0.116667 0.254688 0.191667 0.350000 0.213889
