352 4 0.279687 0.016667 0.301563 0.058333 0.431250 0.047222
351 4 0.306250 0.000000 0.325000 0.027778 0.468750 0.013889
350 5 0.301563 0.141667 0.365625 0.355556 0.484375 0.319444
347 4 0.312500 0.027778 0.332813 0.066667 0.478125 0.061111
344 4 0.315625 0.066667 0.337500 0.108333 0.484375 0.119444
341 5 0.268750 0.088889 0.309375 0.166667 0.425000 0.172222
340 4 0.425000 0.233333 0.468750 0.333333 0.659375 0.400000
333 4 0.270313 0.088889 0.309375 0.163889 0.425000 0.172222
330 4 0.395313 0.161111 0.435937 0.255556 0.614062 0.288889
327 4 0.456250 0.444444 0.525000 0.616667 0.720313 0.752778
323 4 0.371875 0.105556 0.401562 0.163889 0.573438 0.188889
313 4 0.192188 0.352778 0.260937 0.488889 0.321875 0.597222
310 4 0.079687 0.527778 0.207813 0.780556 0.184375 0.919444
299 4 0.301563 0.141667 0.365625 0.352778 0.484375 0.319444
283 4 0.226562 0.577778 0.320312 0.794444 0.387500 0.975000
125 4 0.221875 0.116667 0.254688 0.188889 0.350000 0.213889
