191 4 0.003125 0.763889 0.275000 1.000000 0.140625 1.263889
189 4 0.276562 0.030556 0.298438 0.069444 0.426563 0.066667
178 4 0.275000 0.072222 0.304688 0.116667 0.428125 0.130556
171 4 0.328125 0.263889 0.370312 0.363889 0.512500 0.447222
170 4 0.265625 0.147222 0.304688 0.238889 0.418750 0.266667
162 4 0.251563 0.258333 0.300000 0.344444 0.401562 0.430556
157 4 0.282813 0.441667 0.350000 0.622222 0.459375 0.752778
153 4 0.323437 0.127778 0.360938 0.233333 0.504687 0.244444
150 4 0.117188 0.488889 0.217188 0.663889 0.226562 0.822222
147 4 0.415625 0.183333 0.476562 0.313889 0.654687 0.341667
144 4 0.451562 0.516667 0.518750 0.711111 0.710938 0.872222
128 4 0.450000 0.347222 0.515625 0.533333 0.707812 0.613889
125 4 0.221875 0.119444 0.253125 0.186111 0.348438 0.211111
