137 4 0.307812 0.013889 0.328125 0.058333 0.471875 0.044444
135 4 0.315625 0.158333 0.365625 0.308333 0.498437 0.313889
129 4 0.342187 0.013889 0.367188 0.055556 0.526563 0.044444
128 4 0.362500 0.066667 0.392188 0.111111 0.559375 0.122222
126 4 0.315625 0.066667 0.343750 0.111111 0.489063 0.122222
125 4 0.221875 0.119444 0.254688 0.186111 0.348438 0.213889
123 4 0.271875 0.369444 0.328125 0.502778 0.435937 0.619444
119 5 0.000000 0.369444 0.265625 1.002778 0.131250 0.872222
118 4 0.268750 0.166667 0.306250 0.238889 0.421875 0.286111
114 5 0.315625 0.155556 0.365625 0.311111 0.498437 0.311111
103 4 0.456250 0.341667 0.512500 0.494444 0.712500 0.588889
