306 4 0.310937 0.088889 0.345313 0.127778 0.484375 0.152778
301 4 0.367188 0.088889 0.392188 0.122222 0.564063 0.152778
299 5 0.310937 0.016667 0.345313 0.127778 0.484375 0.080556
291 4 0.375000 0.113889 0.396875 0.155556 0.573438 0.191667
285 4 0.328125 0.261111 0.371875 0.350000 0.514062 0.436111
283 4 0.321875 0.133333 0.354687 0.191667 0.498437 0.230556
266 4 0.293750 0.386111 0.357812 0.538889 0.473438 0.655556
264 4 0.389062 0.141667 0.412500 0.191667 0.595313 0.238889
261 4 0.220312 0.300000 0.273438 0.425000 0.357812 0.513889
252 4 0.400000 0.177778 0.431250 0.225000 0.615625 0.291667
248 4 0.142187 0.752778 0.292187 1.008333 0.289062 1.255556
235 4 0.431250 0.294444 0.509375 0.413889 0.685937 0.502778
222 4 0.175000 0.422222 0.256250 0.588889 0.303125 0.716667
206 4 0.000000 0.691667 0.145313 0.941667 0.073438 1.163889
144 4 0.445312 0.577778 0.518750 0.794444 0.704688 0.977778
128 4 0.451562 0.375000 0.525000 0.572222 0.715625 0.661111
125 4 0.220312 0.119444 0.254688 0.202778 0.348438 0.222222
