266 4 0.326562 0.127778 0.354687 0.180556 0.503125 0.219444
264 4 0.370312 0.094444 0.398438 0.136111 0.570312 0.163889
260 4 0.354687 0.072222 0.378125 0.105556 0.543750 0.125000
253 4 0.409375 0.191667 0.450000 0.269444 0.634375 0.327778
252 4 0.385937 0.133333 0.417187 0.180556 0.595313 0.225000
248 4 0.328125 0.175000 0.362500 0.230556 0.509375 0.291667
234 4 0.317188 0.225000 0.365625 0.325000 0.500000 0.388889
222 4 0.275000 0.147222 0.309375 0.213889 0.429688 0.255556
214 5 0.442188 0.286111 0.500000 0.383333 0.692187 0.477778
212 4 0.310937 0.377778 0.365625 0.505556 0.493750 0.630556
206 4 0.256250 0.211111 0.290625 0.283333 0.401562 0.355556
189 4 0.215625 0.297222 0.273438 0.433333 0.351562 0.513889
178 4 0.137500 0.463889 0.232813 0.652778 0.254688 0.791667
144 4 0.453125 0.522222 0.515625 0.713889 0.710938 0.880556
128 4 0.454688 0.372222 0.515625 0.533333 0.712500 0.638889
125 4 0.221875 0.122222 0.254688 0.191667 0.350000 0.219444
