188 4 0.250000 0.069444 0.270313 0.116667 0.385937 0.127778
185 5 0.321875 0.116667 0.359375 0.219444 0.501563 0.227778
184 4 0.318750 0.063889 0.340625 0.102778 0.489063 0.116667
178 4 0.279687 0.058333 0.303125 0.097222 0.431250 0.108333
171 4 0.331250 0.238889 0.368750 0.327778 0.515625 0.402778
170 4 0.262500 0.138889 0.303125 0.219444 0.414062 0.250000
169 4 0.153125 0.627778 0.307812 0.997222 0.307812 1.125000
162 4 0.259375 0.227778 0.304688 0.311111 0.410938 0.383333
157 4 0.300000 0.386111 0.356250 0.525000 0.478125 0.650000
153 4 0.321875 0.116667 0.359375 0.213889 0.501563 0.225000
150 4 0.151562 0.416667 0.239063 0.572222 0.271875 0.702778
147 5 0.410938 0.175000 0.475000 0.302778 0.648438 0.325000
144 4 0.451562 0.511111 0.517188 0.702778 0.710938 0.863889
138 4 0.000000 0.752778 0.106250 0.997222 0.054688 1.252778
128 4 0.445312 0.336111 0.515625 0.516667 0.703125 0.594444
125 4 0.221875 0.116667 0.254688 0.194444 0.350000 0.213889
