283 4 0.335938 0.055556 0.360938 0.097222 0.517188 0.102778
282 5 0.303125 0.000000 0.331250 0.052778 0.468750 0.025000
281 4 0.323437 0.105556 0.348438 0.150000 0.498437 0.183333
280 4 0.440625 0.283333 0.501563 0.383333 0.692187 0.475000
278 4 -0.001563 0.836111 0.090625 1.005556 0.042188 1.338889
275 4 0.721875 0.780556 0.846875 1.008333 1.145312 1.286111
266 4 0.331250 0.169444 0.364063 0.241667 0.514062 0.291667
264 4 0.381250 0.130556 0.407813 0.172222 0.585938 0.216667
261 4 0.265625 0.141667 0.301563 0.233333 0.417187 0.258333
252 4 0.396875 0.163889 0.428125 0.216667 0.610938 0.275000
248 4 0.326562 0.238889 0.367188 0.338889 0.510938 0.408333
235 5 0.439063 0.286111 0.501563 0.386111 0.690625 0.480556
234 4 0.296875 0.344444 0.351562 0.488889 0.473438 0.591667
222 4 0.248438 0.258333 0.298438 0.350000 0.398438 0.433333
212 4 0.187500 0.705556 0.318750 1.008333 0.346875 1.211111
206 4 0.209375 0.341667 0.265625 0.452778 0.342187 0.569444
189 4 0.098437 0.500000 0.204687 0.719444 0.201563 0.861111
144 4 0.450000 0.519444 0.517188 0.713889 0.709375 0.877778
128 4 0.454688 0.369444 0.514062 0.530556 0.710938 0.636111
125 4 0.221875 0.116667 0.254688 0.188889 0.350000 0.211111
