146 4 0.315625 0.050000 0.337500 0.094444 0.484375 0.100000
144 4 0.423438 0.213889 0.465625 0.297222 0.656250 0.363889
142 4 0.296875 0.269444 0.360938 0.491667 0.478125 0.516667
141 4 0.734375 0.736111 0.859375 1.008333 1.164062 1.241667
140 4 0.248438 0.266667 0.301563 0.383333 0.400000 0.458333
138 4 0.278125 0.066667 0.306250 0.122222 0.432812 0.127778
129 4 0.357812 0.050000 0.392188 0.102778 0.554688 0.100000
128 4 0.381250 0.102778 0.414062 0.175000 0.589063 0.191667
126 4 0.312500 0.122222 0.357812 0.200000 0.492188 0.222222
125 4 0.221875 0.119444 0.254688 0.188889 0.350000 0.213889
119 5 -0.003125 0.508333 0.198437 0.988889 0.095312 1.002778
103 4 0.464062 0.441667 0.526563 0.633333 0.728125 0.758333
