278 4 0.000000 0.702778 0.148438 0.997222 0.075000 1.202778
275 4 0.768750 0.594444 0.881250 0.811111 1.209375 1.000000
266 4 0.329688 0.158333 0.359375 0.219444 0.510938 0.269444
264 4 0.376563 0.119444 0.403125 0.166667 0.579688 0.202778
261 4 0.278125 0.122222 0.310937 0.183333 0.432812 0.213889
260 4 0.365625 0.088889 0.387500 0.133333 0.559375 0.155556
253 4 0.417187 0.213889 0.451562 0.277778 0.643750 0.352778
248 4 0.331250 0.211111 0.367188 0.302778 0.515625 0.363889
235 5 0.439063 0.288889 0.500000 0.386111 0.689063 0.480556
234 4 0.310937 0.302778 0.356250 0.425000 0.489063 0.516667
222 4 0.264062 0.225000 0.303125 0.305556 0.415625 0.377778
212 4 0.246875 0.569444 0.345313 0.800000 0.420312 0.969444
206 4 0.226562 0.302778 0.275000 0.402778 0.364063 0.505556
189 4 0.139063 0.433333 0.228125 0.619444 0.253125 0.744444
144 4 0.448437 0.522222 0.518750 0.713889 0.707812 0.880556
128 4 0.454688 0.372222 0.510938 0.533333 0.710938 0.638889
125 4 0.221875 0.122222 0.254688 0.191667 0.350000 0.219444
