27 4 0.276562 0.027778 0.303125 0.077778 0.428125 0.069444
25 4 0.342187 0.013889 0.364063 0.052778 0.525000 0.041667
24 4 0.357812 0.047222 0.382812 0.086111 0.550000 0.091667
22 4 0.317188 0.050000 0.342187 0.094444 0.489063 0.097222
21 5 0.275000 0.027778 0.303125 0.077778 0.426563 0.066667
19 4 0.312500 0.094444 0.342187 0.144444 0.484375 0.166667
16 4 0.320312 0.133333 0.348438 0.194444 0.495312 0.233333
15 4 0.282813 0.350000 0.337500 0.477778 0.451562 0.591667
5 4 0.221875 0.116667 0.259375 0.194444 0.351562 0.216667
2 4 0.456250 0.525000 0.523438 0.738889 0.718750 0.894444
