178 4 0.276562 0.027778 0.300000 0.063889 0.426563 0.058333
171 4 0.318750 0.197222 0.368750 0.291667 0.503125 0.344444
170 4 0.270313 0.116667 0.304688 0.177778 0.423438 0.205556
169 4 0.239063 0.455556 0.339062 0.686111 0.409375 0.800000
162 4 0.271875 0.180556 0.306250 0.250000 0.426563 0.305556
157 4 0.312500 0.294444 0.362500 0.408333 0.493750 0.497222
153 5 0.318750 0.077778 0.357812 0.191667 0.496875 0.175000
150 4 0.210938 0.311111 0.268750 0.430556 0.345313 0.527778
147 4 0.406250 0.163889 0.464062 0.280556 0.639062 0.305556
144 4 0.454688 0.455556 0.515625 0.625000 0.714063 0.769444
138 4 0.042188 0.558333 0.189062 0.841667 0.137500 0.977778
128 4 0.439063 0.294444 0.498437 0.452778 0.687500 0.519444
125 4 0.221875 0.119444 0.254688 0.188889 0.350000 0.213889
