159 4 0.251563 0.063889 0.271875 0.116667 0.387500 0.122222
157 4 0.323437 0.172222 0.362500 0.250000 0.506250 0.297222
156 5 0.393750 0.119444 0.445312 0.219444 0.615625 0.227778
153 4 0.309375 0.002778 0.331250 0.050000 0.475000 0.027778
152 4 0.323437 0.097222 0.353125 0.152778 0.500000 0.172222
150 4 0.275000 0.091667 0.301563 0.144444 0.425000 0.163889
144 4 0.450000 0.311111 0.504687 0.455556 0.703125 0.538889
142 4 0.259375 0.361111 0.350000 0.647222 0.434375 0.683333
138 4 0.259375 0.188889 0.304688 0.283333 0.412500 0.330556
128 4 0.417187 0.208333 0.462500 0.313889 0.648438 0.366667
126 4 0.312500 0.261111 0.360938 0.386111 0.493750 0.455556
125 4 0.221875 0.119444 0.254688 0.191667 0.350000 0.216667
123 4 0.196875 0.675000 0.298438 0.952778 0.346875 1.152778
103 4 0.467187 0.530556 0.545312 0.800000 0.740625 0.933333
