240 4 0.317188 0.047222 0.337500 0.080556 0.485938 0.088889
236 4 0.320312 0.066667 0.340625 0.108333 0.490625 0.122222
235 5 0.442188 0.286111 0.501563 0.383333 0.693750 0.477778
234 4 0.326562 0.138889 0.357812 0.225000 0.506250 0.252778
233 4 0.309375 0.000000 0.326562 0.036111 0.473438 0.019444
230 4 0.000000 0.861111 0.078125 1.000000 0.039062 1.361111
229 4 0.389062 0.130556 0.423438 0.191667 0.601562 0.227778
222 4 0.284375 0.066667 0.307812 0.116667 0.439063 0.125000
214 4 0.442188 0.283333 0.501563 0.383333 0.692187 0.475000
212 4 0.329688 0.211111 0.368750 0.286111 0.514062 0.355556
206 4 0.275000 0.111111 0.300000 0.161111 0.425000 0.191667
189 4 0.260937 0.161111 0.296875 0.244444 0.409375 0.283333
178 4 0.246875 0.255556 0.292187 0.341667 0.393750 0.427778
170 4 0.115625 0.444444 0.231250 0.669444 0.232813 0.777778
144 4 0.451562 0.522222 0.517188 0.713889 0.710938 0.880556
128 4 0.457813 0.372222 0.515625 0.533333 0.715625 0.638889
125 4 0.221875 0.125000 0.254688 0.191667 0.350000 0.222222
