303 4 0.310937 0.077778 0.343750 0.116667 0.482812 0.136111
302 4 0.346875 0.041667 0.370312 0.077778 0.532813 0.080556
301 4 0.362500 0.072222 0.389062 0.113889 0.557813 0.130556
300 4 0.718750 0.633333 0.837500 0.888889 1.137500 1.080556
299 5 0.309375 0.011111 0.343750 0.111111 0.481250 0.066667
291 4 0.371875 0.116667 0.396875 0.158333 0.571875 0.197222
285 4 0.332813 0.213889 0.370312 0.302778 0.518750 0.366667
283 4 0.318750 0.119444 0.351562 0.172222 0.493750 0.205556
281 4 0.323437 0.166667 0.356250 0.227778 0.503125 0.280556
280 4 0.440625 0.286111 0.503125 0.386111 0.692187 0.477778
266 4 0.312500 0.302778 0.365625 0.422222 0.495312 0.513889
264 4 0.385937 0.144444 0.412500 0.186111 0.593750 0.238889
261 4 0.226562 0.275000 0.282813 0.397222 0.368750 0.475000
252 4 0.400000 0.172222 0.431250 0.225000 0.615625 0.286111
248 4 0.234375 0.533333 0.331250 0.788889 0.400000 0.927778
235 5 0.439063 0.288889 0.500000 0.386111 0.690625 0.483333
222 4 0.193750 0.361111 0.265625 0.530556 0.326562 0.627778
206 4 0.070312 0.594444 0.185938 0.797222 0.164062 0.994444
144 4 0.445312 0.527778 0.517188 0.736111 0.704688 0.897222
128 4 0.456250 0.372222 0.517188 0.538889 0.715625 0.641667
125 4 0.221875 0.116667 0.254688 0.191667 0.350000 0.213889
