151 4 0.320312 0.100000 0.350000 0.155556 0.495312 0.177778
150 4 0.276562 0.038889 0.304688 0.088889 0.429688 0.083333
147 4 0.376563 0.086111 0.418750 0.163889 0.587500 0.169444
144 4 0.440625 0.277778 0.489063 0.380556 0.685937 0.466667
142 4 0.273438 0.347222 0.353125 0.611111 0.451562 0.652778
140 4 0.173437 0.413889 0.254688 0.583333 0.300000 0.708333
138 4 0.278125 0.116667 0.310937 0.188889 0.432812 0.211111
129 5 0.376563 0.086111 0.418750 0.166667 0.587500 0.169444
128 4 0.400000 0.158333 0.440625 0.247222 0.620313 0.283333
126 4 0.318750 0.208333 0.359375 0.311111 0.500000 0.363889
125 4 0.221875 0.122222 0.254688 0.191667 0.350000 0.219444
123 4 0.209375 0.613889 0.306250 0.847222 0.362500 1.038889
103 4 0.465625 0.502778 0.540625 0.758333 0.735938 0.883333
