171 4 0.321875 0.186111 0.365625 0.272222 0.504687 0.322222
170 4 0.270313 0.077778 0.304688 0.130556 0.421875 0.141667
169 4 0.279687 0.358333 0.351562 0.538889 0.456250 0.627778
168 5 0.314063 0.055556 0.346875 0.150000 0.487500 0.130556
164 4 0.154688 0.525000 0.317188 1.005556 0.314063 1.027778
162 4 0.268750 0.127778 0.307812 0.191667 0.423438 0.225000
157 4 0.317188 0.258333 0.364063 0.355556 0.500000 0.438889
150 4 0.239063 0.247222 0.285938 0.330556 0.382812 0.413889
147 4 0.398438 0.152778 0.460938 0.277778 0.629687 0.291667
144 4 0.454688 0.394444 0.510938 0.541667 0.710938 0.666667
138 4 0.134375 0.425000 0.232813 0.622222 0.250000 0.736111
128 4 0.434375 0.272222 0.490625 0.405556 0.679688 0.475000
125 4 0.220312 0.119444 0.254688 0.188889 0.348438 0.213889
103 4 0.468750 0.586111 0.551562 0.869444 0.745313 1.022222
