264 4 0.365625 0.086111 0.390625 0.125000 0.560937 0.147222
261 4 0.295312 0.041667 0.317188 0.083333 0.454688 0.083333
260 4 0.353125 0.055556 0.373437 0.091667 0.539062 0.102778
259 5 0.326562 0.158333 0.362500 0.255556 0.507812 0.286111
257 4 0.323437 0.105556 0.350000 0.158333 0.500000 0.183333
253 4 0.396875 0.180556 0.445312 0.277778 0.620313 0.319444
252 4 0.381250 0.122222 0.410938 0.163889 0.585938 0.205556
248 4 0.326562 0.152778 0.359375 0.205556 0.507812 0.255556
240 4 0.317188 0.075000 0.342187 0.111111 0.489063 0.130556
238 4 0.017188 0.683333 0.281250 1.016667 0.157812 1.191667
235 5 0.437500 0.288889 0.500000 0.386111 0.687500 0.480556
234 4 0.328125 0.200000 0.364063 0.286111 0.510938 0.344444
222 4 0.278125 0.122222 0.310937 0.183333 0.434375 0.213889
214 4 0.437500 0.286111 0.501563 0.383333 0.689063 0.477778
212 4 0.320312 0.322222 0.365625 0.433333 0.504687 0.538889
206 4 0.260937 0.172222 0.293750 0.250000 0.407813 0.297222
189 4 0.235937 0.258333 0.282813 0.375000 0.378125 0.444444
178 4 0.178125 0.394444 0.256250 0.555556 0.306250 0.672222
144 4 0.451562 0.522222 0.517188 0.716667 0.709375 0.880556
128 4 0.453125 0.369444 0.514062 0.533333 0.710938 0.638889
125 4 0.221875 0.119444 0.254688 0.191667 0.350000 0.213889
