153 4 0.309375 0.002778 0.329688 0.036111 0.475000 0.022222
151 4 0.323437 0.136111 0.359375 0.205556 0.503125 0.238889
150 4 0.275000 0.069444 0.303125 0.119444 0.426563 0.130556
147 4 0.387500 0.113889 0.435937 0.197222 0.606250 0.213889
144 4 0.448437 0.294444 0.498437 0.425000 0.698438 0.508333
142 4 0.260937 0.361111 0.350000 0.641667 0.437500 0.683333
138 4 0.267188 0.155556 0.307812 0.244444 0.421875 0.277778
128 4 0.404687 0.188889 0.456250 0.286111 0.634375 0.333333
126 4 0.314063 0.250000 0.362500 0.369444 0.495312 0.436111
125 4 0.220312 0.119444 0.254688 0.197222 0.348438 0.219444
123 4 0.204687 0.650000 0.303125 0.908333 0.357812 1.102778
103 4 0.465625 0.530556 0.540625 0.777778 0.735938 0.919444
