189 4 0.278125 0.025000 0.298438 0.063889 0.428125 0.058333
187 4 0.414062 0.180556 0.475000 0.305556 0.651563 0.333333
186 4 0.317188 0.038889 0.339062 0.083333 0.485938 0.083333
185 5 0.314063 0.108333 0.359375 0.230556 0.495312 0.225000
184 4 0.315625 0.061111 0.340625 0.108333 0.487500 0.116667
178 4 0.278125 0.063889 0.303125 0.102778 0.429688 0.116667
171 4 0.331250 0.252778 0.368750 0.341667 0.515625 0.422222
170 4 0.264062 0.138889 0.303125 0.222222 0.415625 0.252778
169 4 0.131250 0.680556 0.295312 1.002778 0.279687 1.183333
162 4 0.256250 0.241667 0.301563 0.327778 0.407813 0.405556
157 4 0.295312 0.413889 0.354687 0.563889 0.473438 0.697222
153 4 0.320312 0.113889 0.359375 0.225000 0.500000 0.227778
150 4 0.140625 0.433333 0.234375 0.605556 0.257812 0.738889
147 5 0.414062 0.180556 0.475000 0.305556 0.651563 0.333333
144 4 0.451562 0.516667 0.518750 0.708333 0.710938 0.872222
138 4 0.000000 0.830556 0.078125 1.000000 0.039062 1.330556
128 4 0.448437 0.344444 0.515625 0.530556 0.706250 0.611111
125 4 0.220312 0.119444 0.254688 0.188889 0.348438 0.213889
