51 4 0.314063 0.022222 0.332813 0.061111 0.479687 0.052778
48 5 0.235937 0.238889 0.290625 0.361111 0.381250 0.422222
47 4 0.321875 0.063889 0.342187 0.105556 0.493750 0.116667
45 4 0.273438 0.069444 0.306250 0.113889 0.426563 0.125000
38 4 0.370312 0.080556 0.396875 0.125000 0.568750 0.144444
37 4 0.326562 0.105556 0.350000 0.147222 0.503125 0.177778
30 4 0.275000 0.119444 0.306250 0.172222 0.428125 0.205556
25 4 0.423438 0.191667 0.464062 0.283333 0.656250 0.333333
24 4 0.450000 0.313889 0.504687 0.461111 0.703125 0.544444
23 4 0.309375 0.280556 0.359375 0.388889 0.490625 0.477778
5 4 0.223438 0.125000 0.259375 0.191667 0.353125 0.222222
