406 4 0.270313 0.088889 0.306250 0.144444 0.423438 0.161111
404 4 0.317188 0.052778 0.339062 0.091667 0.487500 0.100000
403 4 0.246875 0.194444 0.296875 0.319444 0.395313 0.352778
401 4 0.390625 0.133333 0.425000 0.197222 0.603125 0.233333
400 5 0.171875 0.366667 0.260937 0.513889 0.303125 0.622222
395 4 0.365625 0.075000 0.396875 0.138889 0.564063 0.144444
392 4 0.326562 0.086111 0.350000 0.127778 0.501563 0.150000
389 4 0.268750 0.141667 0.301563 0.208333 0.418750 0.247222
388 4 0.317188 0.247222 0.364063 0.336111 0.498437 0.416667
383 4 0.071875 0.550000 0.195312 0.769444 0.170313 0.933333
367 4 0.418750 0.241667 0.462500 0.330556 0.650000 0.405556
364 4 0.460938 0.361111 0.520312 0.511111 0.720313 0.616667
344 4 0.271875 0.433333 0.343750 0.611111 0.443750 0.738889
323 4 0.475000 0.716667 0.567187 1.005556 0.757812 1.219444
125 4 0.221875 0.116667 0.253125 0.188889 0.348438 0.213889
