337 4 0.310937 0.013889 0.332813 0.066667 0.478125 0.047222
334 4 0.451562 0.377778 0.503125 0.458333 0.704688 0.608333
333 4 0.276562 0.025000 0.304688 0.077778 0.429688 0.063889
331 4 0.400000 0.180556 0.435937 0.236111 0.618750 0.300000
330 4 0.385937 0.144444 0.414062 0.194444 0.593750 0.241667
327 4 0.434375 0.263889 0.485938 0.372222 0.678125 0.452778
323 4 0.371875 0.108333 0.400000 0.155556 0.571875 0.186111
313 4 0.254688 0.227778 0.295312 0.302778 0.403125 0.377778
310 4 0.173437 0.402778 0.250000 0.575000 0.298438 0.691667
299 5 0.310937 0.058333 0.364063 0.208333 0.492188 0.163889
285 4 0.157812 0.744444 0.295312 1.005556 0.306250 1.247222
283 4 0.318750 0.255556 0.362500 0.338889 0.500000 0.425000
281 4 0.284375 0.413889 0.348438 0.575000 0.459375 0.702778
125 4 0.221875 0.116667 0.254688 0.200000 0.350000 0.216667
