300 4 0.748437 0.530556 0.881250 0.736111 1.189062 0.900000
299 5 0.307812 0.008333 0.342187 0.108333 0.479687 0.063889
285 4 0.332813 0.205556 0.371875 0.280556 0.518750 0.347222
283 4 0.317188 0.105556 0.346875 0.163889 0.490625 0.188889
281 4 0.325000 0.161111 0.357812 0.213889 0.504687 0.266667
280 5 0.440625 0.286111 0.500000 0.386111 0.690625 0.477778
266 4 0.325000 0.280556 0.370312 0.380556 0.510938 0.472222
264 4 0.387500 0.144444 0.412500 0.188889 0.593750 0.238889
261 4 0.232813 0.261111 0.285938 0.383333 0.375000 0.452778
252 4 0.395313 0.161111 0.431250 0.227778 0.612500 0.275000
248 4 0.260937 0.441667 0.345313 0.672222 0.434375 0.777778
235 4 0.440625 0.286111 0.503125 0.383333 0.692187 0.477778
222 4 0.200000 0.366667 0.270313 0.513889 0.334375 0.625000
206 4 0.098437 0.550000 0.201563 0.741667 0.200000 0.922222
144 4 0.446875 0.522222 0.518750 0.719444 0.706250 0.883333
128 4 0.456250 0.372222 0.514062 0.530556 0.714063 0.638889
125 4 0.221875 0.113889 0.254688 0.194444 0.350000 0.211111
