323 4 0.373437 0.108333 0.396875 0.152778 0.571875 0.186111
321 4 0.385937 0.141667 0.409375 0.191667 0.590625 0.238889
313 4 0.265625 0.138889 0.304688 0.216667 0.418750 0.247222
310 4 0.198437 0.347222 0.267188 0.491667 0.332813 0.594444
299 5 0.309375 0.047222 0.356250 0.169444 0.487500 0.130556
285 4 0.273438 0.455556 0.350000 0.641667 0.448437 0.775000
283 4 0.320312 0.188889 0.359375 0.272222 0.500000 0.325000
281 4 0.315625 0.288889 0.360938 0.388889 0.496875 0.483333
280 4 0.443750 0.302778 0.517188 0.497222 0.703125 0.552778
222 4 0.095312 0.538889 0.212500 0.775000 0.201563 0.925000
128 4 0.456250 0.527778 0.539062 0.808333 0.726562 0.930556
125 4 0.218750 0.122222 0.256250 0.197222 0.346875 0.219444
