289 4 0.781250 0.525000 0.901563 0.719444 1.232813 0.886111
285 4 0.329688 0.161111 0.364063 0.222222 0.512500 0.275000
283 4 0.321875 0.083333 0.350000 0.127778 0.496875 0.147222
281 4 0.323437 0.127778 0.354687 0.172222 0.501563 0.213889
280 5 0.437500 0.288889 0.500000 0.383333 0.687500 0.480556
266 4 0.332813 0.211111 0.367188 0.291667 0.517188 0.358333
264 4 0.387500 0.141667 0.414062 0.186111 0.595313 0.233333
261 4 0.253125 0.236111 0.292187 0.325000 0.398438 0.397222
252 4 0.398438 0.172222 0.432812 0.225000 0.615625 0.286111
248 4 0.312500 0.297222 0.367188 0.447222 0.496875 0.519444
235 4 0.439063 0.288889 0.501563 0.383333 0.690625 0.480556
234 4 0.228125 0.491667 0.321875 0.733333 0.389062 0.858333
222 4 0.231250 0.308333 0.284375 0.427778 0.373437 0.522222
206 4 0.168750 0.422222 0.245312 0.563889 0.292187 0.702778
189 4 0.000000 0.677778 0.134375 0.986111 0.065625 1.172222
144 4 0.448437 0.519444 0.518750 0.716667 0.707812 0.877778
128 4 0.457813 0.372222 0.514062 0.530556 0.715625 0.638889
125 4 0.221875 0.119444 0.254688 0.191667 0.350000 0.216667
