341 4 0.275000 0.027778 0.307812 0.097222 0.429688 0.077778
340 4 0.395313 0.194444 0.443750 0.275000 0.618750 0.333333
333 5 0.275000 0.027778 0.307812 0.097222 0.429688 0.077778
330 4 0.387500 0.147222 0.420312 0.200000 0.596875 0.250000
327 4 0.443750 0.297222 0.498437 0.408333 0.693750 0.502778
323 4 0.370312 0.108333 0.400000 0.155556 0.571875 0.186111
313 4 0.237500 0.258333 0.287500 0.358333 0.381250 0.438889
299 5 0.310937 0.077778 0.365625 0.233333 0.493750 0.194444
283 4 0.310937 0.297222 0.359375 0.413889 0.490625 0.505556
281 4 0.225000 0.586111 0.320312 0.808333 0.384375 0.988889
222 4 0.003125 0.763889 0.131250 1.000000 0.068750 1.263889
125 4 0.220312 0.119444 0.256250 0.219444 0.348438 0.227778
