201 4 0.426563 0.230556 0.495312 0.383333 0.675000 0.422222
200 5 0.321875 0.147222 0.364063 0.291667 0.504687 0.294444
189 4 0.273438 0.063889 0.300000 0.116667 0.425000 0.125000
187 5 0.426563 0.227778 0.495312 0.383333 0.673438 0.419444
186 4 0.317188 0.069444 0.342187 0.105556 0.489063 0.122222
178 4 0.271875 0.116667 0.303125 0.175000 0.423438 0.205556
171 4 0.303125 0.366667 0.368750 0.527778 0.487500 0.630556
170 4 0.256250 0.219444 0.300000 0.316667 0.406250 0.380556
157 4 0.192188 0.755556 0.315625 1.005556 0.350000 1.258333
153 4 0.323437 0.152778 0.364063 0.286111 0.504687 0.294444
150 4 0.001563 0.747222 0.114062 1.000000 0.057813 1.247222
144 4 0.451562 0.522222 0.517188 0.716667 0.710938 0.880556
128 4 0.453125 0.366667 0.517188 0.533333 0.712500 0.636111
125 4 0.223438 0.116667 0.253125 0.191667 0.350000 0.213889
