294 4 0.309375 0.066667 0.337500 0.094444 0.479687 0.113889
292 4 0.353125 0.050000 0.375000 0.083333 0.540625 0.091667
291 4 0.370312 0.111111 0.393750 0.158333 0.568750 0.191667
289 4 0.717187 0.686111 0.850000 0.983333 1.142187 1.180556
285 4 0.331250 0.177778 0.365625 0.241667 0.514062 0.300000
283 4 0.320312 0.091667 0.345313 0.138889 0.493750 0.161111
281 4 0.323437 0.136111 0.354687 0.186111 0.501563 0.227778
280 5 0.440625 0.286111 0.501563 0.383333 0.692187 0.477778
266 4 0.331250 0.230556 0.368750 0.322222 0.517188 0.391667
264 4 0.385937 0.144444 0.410938 0.188889 0.592187 0.238889
261 4 0.245312 0.250000 0.287500 0.347222 0.389062 0.425000
252 4 0.398438 0.169444 0.431250 0.225000 0.614062 0.283333
248 4 0.304688 0.325000 0.370312 0.494444 0.489063 0.572222
235 4 0.440625 0.286111 0.503125 0.383333 0.692187 0.477778
234 4 0.171875 0.622222 0.295312 0.913889 0.318750 1.080556
222 4 0.218750 0.313889 0.281250 0.458333 0.359375 0.541667
206 4 0.148438 0.458333 0.226562 0.616667 0.262500 0.766667
189 4 0.000000 0.752778 0.095312 0.994444 0.046875 1.250000
144 4 0.448437 0.519444 0.517188 0.711111 0.707812 0.875000
128 4 0.457813 0.372222 0.514062 0.530556 0.715625 0.638889
125 4 0.220312 0.119444 0.256250 0.191667 0.348438 0.216667
