323 4 0.373437 0.105556 0.395313 0.152778 0.570312 0.183333
313 4 0.262500 0.141667 0.303125 0.236111 0.414062 0.261111
310 4 0.193750 0.361111 0.260937 0.508333 0.325000 0.613889
299 5 0.310937 0.050000 0.354687 0.172222 0.489063 0.136111
285 4 0.257812 0.469444 0.345313 0.697222 0.431250 0.816667
283 4 0.320312 0.197222 0.360938 0.280556 0.501563 0.336111
281 4 0.310937 0.297222 0.360938 0.411111 0.492188 0.502778
280 4 0.440625 0.308333 0.520312 0.522222 0.701562 0.569444
222 4 0.078125 0.558333 0.201563 0.811111 0.179688 0.966667
128 4 0.457813 0.572222 0.539062 0.872222 0.728125 1.008333
125 4 0.215625 0.113889 0.256250 0.191667 0.343750 0.211111
