51 4 0.317188 0.050000 0.340625 0.097222 0.487500 0.100000
48 4 0.118750 0.436111 0.228125 0.658333 0.232813 0.766667
47 4 0.323437 0.108333 0.353125 0.169444 0.500000 0.191667
45 4 0.273438 0.097222 0.309375 0.161111 0.428125 0.177778
37 4 0.328125 0.169444 0.359375 0.238889 0.509375 0.288889
30 4 0.259375 0.188889 0.301563 0.263889 0.410938 0.322222
25 4 0.445312 0.272222 0.496875 0.388889 0.693750 0.466667
24 4 0.459375 0.525000 0.529687 0.736111 0.725000 0.891667
23 4 0.160938 0.677778 0.290625 0.994444 0.306250 1.177778
5 4 0.223438 0.119444 0.257812 0.191667 0.353125 0.216667
