200 5 0.318750 0.150000 0.364063 0.297222 0.501563 0.300000
189 4 0.275000 0.069444 0.300000 0.119444 0.425000 0.127778
187 4 0.426563 0.222222 0.495312 0.380556 0.675000 0.411111
186 4 0.318750 0.072222 0.342187 0.108333 0.490625 0.127778
178 4 0.271875 0.119444 0.304688 0.177778 0.425000 0.208333
171 4 0.301563 0.383333 0.364063 0.536111 0.482812 0.652778
170 4 0.254688 0.222222 0.300000 0.319444 0.404687 0.380556
157 4 0.187500 0.772222 0.318750 1.005556 0.348438 1.277778
153 4 0.318750 0.155556 0.362500 0.291667 0.500000 0.302778
150 4 0.001563 0.750000 0.110937 0.997222 0.056250 1.250000
144 4 0.450000 0.519444 0.518750 0.716667 0.709375 0.880556
128 4 0.453125 0.369444 0.515625 0.533333 0.710938 0.636111
125 4 0.223438 0.119444 0.253125 0.191667 0.350000 0.216667
