135 4 0.318750 0.147222 0.365625 0.272222 0.501563 0.283333
129 4 0.337500 0.005556 0.364063 0.050000 0.520312 0.030556
126 4 0.314063 0.050000 0.342187 0.097222 0.485938 0.100000
125 4 0.221875 0.119444 0.254688 0.188889 0.350000 0.213889
123 4 0.276562 0.316667 0.331250 0.444444 0.442188 0.541667
119 5 0.003125 0.316667 0.282813 1.002778 0.145313 0.816667
118 4 0.270313 0.138889 0.307812 0.211111 0.423438 0.247222
117 4 0.214062 0.591667 0.318750 0.847222 0.375000 1.016667
114 5 0.317188 0.141667 0.364063 0.277778 0.500000 0.280556
103 4 0.446875 0.297222 0.507812 0.458333 0.701562 0.527778
