417 4 0.229687 0.227778 0.290625 0.377778 0.375000 0.416667
414 4 0.000000 0.800000 0.093750 1.000000 0.046875 1.300000
406 4 0.262500 0.136111 0.309375 0.197222 0.417187 0.236111
401 4 0.418750 0.211111 0.460938 0.288889 0.650000 0.358333
395 4 0.381250 0.119444 0.417187 0.194444 0.589063 0.216667
389 4 0.259375 0.175000 0.301563 0.261111 0.410938 0.308333
388 4 0.287500 0.391667 0.353125 0.538889 0.464062 0.661111
367 4 0.442188 0.377778 0.496875 0.513889 0.690625 0.633333
364 4 0.471875 0.900000 0.548438 1.008333 0.746875 1.405556
125 4 0.221875 0.113889 0.254688 0.191667 0.350000 0.211111
