400 5 0.206250 0.300000 0.281250 0.427778 0.348438 0.513889
399 4 0.223438 0.266667 0.282813 0.319444 0.365625 0.427778
398 4 -0.001563 0.625000 0.164062 1.002778 0.079687 1.127778
392 4 0.318750 0.047222 0.339062 0.083333 0.489063 0.088889
389 4 0.271875 0.083333 0.304688 0.150000 0.423438 0.158333
388 4 0.314063 0.130556 0.356250 0.208333 0.492188 0.236111
383 4 0.132812 0.447222 0.231250 0.627778 0.250000 0.761111
367 4 0.384375 0.144444 0.418750 0.208333 0.593750 0.250000
364 4 0.418750 0.208333 0.464062 0.291667 0.651563 0.355556
361 4 0.251563 0.538889 0.339062 0.750000 0.421875 0.916667
352 4 0.259375 0.155556 0.301563 0.269444 0.410938 0.291667
344 4 0.317188 0.247222 0.359375 0.338889 0.496875 0.416667
330 4 0.479687 0.611111 0.564063 0.858333 0.762500 1.041667
323 4 0.445312 0.300000 0.503125 0.430556 0.696875 0.513889
125 4 0.217188 0.122222 0.254688 0.213889 0.345313 0.230556
