152 4 0.318750 0.050000 0.340625 0.097222 0.489063 0.100000
151 4 0.321875 0.105556 0.351562 0.163889 0.498437 0.188889
147 4 0.379688 0.094444 0.421875 0.169444 0.590625 0.177778
144 4 0.443750 0.280556 0.492188 0.388889 0.690625 0.475000
142 4 0.271875 0.347222 0.353125 0.616667 0.448437 0.658333
140 4 0.162500 0.433333 0.248438 0.611111 0.287500 0.738889
138 4 0.275000 0.122222 0.307812 0.197222 0.429688 0.222222
129 5 0.379688 0.091667 0.423438 0.172222 0.590625 0.177778
128 4 0.395313 0.158333 0.443750 0.275000 0.618750 0.297222
126 4 0.314063 0.213889 0.359375 0.327778 0.493750 0.377778
125 4 0.220312 0.119444 0.256250 0.188889 0.348438 0.213889
123 4 0.210938 0.616667 0.303125 0.855556 0.362500 1.044444
103 4 0.467187 0.508333 0.539062 0.758333 0.737500 0.888889
