251 4 0.332813 0.005556 0.357812 0.044444 0.512500 0.027778
248 4 0.326562 0.138889 0.356250 0.186111 0.506250 0.233333
240 4 0.317188 0.061111 0.340625 0.097222 0.487500 0.108333
238 4 0.220312 0.458333 0.328125 0.786111 0.384375 0.852778
236 4 0.321875 0.088889 0.346875 0.136111 0.496875 0.158333
235 5 0.437500 0.283333 0.500000 0.386111 0.687500 0.477778
234 4 0.326562 0.177778 0.360938 0.258333 0.507812 0.305556
222 4 0.279687 0.088889 0.310937 0.147222 0.435937 0.163889
214 4 0.439063 0.283333 0.503125 0.380556 0.690625 0.475000
212 4 0.326562 0.261111 0.371875 0.375000 0.512500 0.450000
206 4 0.265625 0.138889 0.298438 0.202778 0.415625 0.241667
189 4 0.254688 0.211111 0.293750 0.305556 0.401562 0.363889
178 4 0.218750 0.300000 0.281250 0.438889 0.360938 0.519444
144 4 0.448437 0.519444 0.518750 0.716667 0.707812 0.877778
128 4 0.453125 0.369444 0.515625 0.536111 0.712500 0.638889
125 4 0.221875 0.122222 0.256250 0.191667 0.350000 0.219444
