200 4 0.320312 0.136111 0.360938 0.261111 0.501563 0.266667
196 4 0.321875 0.086111 0.346875 0.130556 0.495312 0.152778
194 4 0.718750 0.627778 0.845313 0.902778 1.142187 1.080556
189 4 0.278125 0.052778 0.300000 0.094444 0.428125 0.100000
187 5 0.423438 0.200000 0.489063 0.350000 0.668750 0.375000
186 4 0.318750 0.058333 0.339062 0.097222 0.489063 0.108333
178 4 0.275000 0.100000 0.303125 0.147222 0.426563 0.172222
171 4 0.314063 0.322222 0.368750 0.450000 0.498437 0.547222
170 4 0.259375 0.191667 0.303125 0.283333 0.410938 0.336111
162 4 0.229687 0.291667 0.287500 0.425000 0.375000 0.505556
157 4 0.240625 0.597222 0.343750 0.847222 0.412500 1.022222
153 5 0.317188 0.130556 0.360938 0.263889 0.498437 0.263889
144 4 0.451562 0.522222 0.517188 0.713889 0.710938 0.880556
128 4 0.454688 0.372222 0.514062 0.536111 0.712500 0.641667
125 4 0.221875 0.119444 0.254688 0.188889 0.350000 0.213889
