312 4 0.373437 0.108333 0.395313 0.147222 0.571875 0.183333
310 4 0.215625 0.319444 0.271875 0.452778 0.351562 0.547222
301 4 0.368750 0.086111 0.390625 0.119444 0.564063 0.147222
299 5 0.309375 0.030556 0.350000 0.147222 0.485938 0.105556
285 4 0.317188 0.322222 0.368750 0.444444 0.501563 0.544444
283 4 0.323437 0.150000 0.359375 0.227778 0.503125 0.266667
281 4 0.320312 0.225000 0.364063 0.316667 0.503125 0.386111
280 4 0.443750 0.302778 0.510938 0.422222 0.700000 0.516667
266 4 0.235937 0.541667 0.331250 0.761111 0.401562 0.922222
264 4 0.387500 0.144444 0.409375 0.194444 0.592187 0.241667
252 4 0.400000 0.175000 0.431250 0.230556 0.615625 0.291667
222 4 0.148438 0.466667 0.242188 0.655556 0.270313 0.794444
206 4 0.000000 0.819444 0.090625 1.000000 0.046875 1.319444
144 4 0.431250 0.702778 0.520312 1.000000 0.692187 1.202778
128 4 0.445312 0.411111 0.525000 0.622222 0.709375 0.725000
125 4 0.220312 0.122222 0.257812 0.200000 0.350000 0.222222
