144 4 0.417187 0.200000 0.456250 0.275000 0.645312 0.336111
141 4 0.773438 0.611111 0.896875 0.844444 1.221875 1.033333
140 4 0.260937 0.247222 0.304688 0.344444 0.414062 0.419444
139 4 0.304688 0.255556 0.360938 0.444444 0.485938 0.480556
138 4 0.278125 0.055556 0.306250 0.111111 0.431250 0.111111
128 4 0.376563 0.097222 0.409375 0.152778 0.582812 0.175000
126 4 0.312500 0.100000 0.354687 0.172222 0.490625 0.186111
125 4 0.220312 0.116667 0.254688 0.186111 0.348438 0.211111
123 4 0.242188 0.480556 0.320312 0.686111 0.403125 0.825000
119 5 0.000000 0.480556 0.235937 0.994444 0.117188 0.977778
103 4 0.464062 0.425000 0.525000 0.611111 0.726562 0.730556
