281 4 0.323437 0.105556 0.346875 0.147222 0.496875 0.180556
280 4 0.442188 0.286111 0.501563 0.383333 0.693750 0.477778
278 4 0.003125 0.730556 0.139063 0.997222 0.071875 1.230556
275 4 0.753125 0.638889 0.867188 0.880556 1.187500 1.080556
264 4 0.379688 0.125000 0.404687 0.169444 0.582812 0.211111
261 4 0.275000 0.130556 0.307812 0.197222 0.429688 0.230556
260 4 0.364063 0.088889 0.385937 0.136111 0.557813 0.158333
253 4 0.415625 0.211111 0.453125 0.283333 0.642188 0.352778
248 4 0.329688 0.216667 0.365625 0.311111 0.514062 0.375000
235 5 0.440625 0.286111 0.501563 0.383333 0.692187 0.480556
234 4 0.309375 0.316667 0.354687 0.441667 0.487500 0.538889
222 4 0.259375 0.230556 0.303125 0.316667 0.410938 0.388889
212 4 0.234375 0.613889 0.334375 0.861111 0.401562 1.044444
206 4 0.220312 0.311111 0.271875 0.419444 0.357812 0.522222
189 4 0.126562 0.452778 0.218750 0.644444 0.237500 0.775000
144 4 0.448437 0.522222 0.518750 0.713889 0.707812 0.880556
128 4 0.454688 0.369444 0.515625 0.533333 0.712500 0.636111
125 4 0.221875 0.119444 0.256250 0.191667 0.351562 0.216667
