283 4 0.335938 0.055556 0.360938 0.097222 0.517188 0.105556
282 5 0.303125 0.000000 0.331250 0.050000 0.468750 0.025000
281 4 0.321875 0.105556 0.350000 0.152778 0.496875 0.183333
280 4 0.440625 0.283333 0.501563 0.383333 0.692187 0.475000
278 4 0.000000 0.800000 0.109375 1.000000 0.056250 1.300000
275 4 0.725000 0.761111 0.845313 1.008333 1.148438 1.263889
266 4 0.329688 0.169444 0.364063 0.238889 0.512500 0.288889
261 4 0.267188 0.141667 0.303125 0.227778 0.418750 0.255556
252 4 0.396875 0.166667 0.428125 0.216667 0.610938 0.275000
248 4 0.326562 0.233333 0.367188 0.333333 0.510938 0.402778
235 5 0.439063 0.288889 0.501563 0.383333 0.690625 0.480556
234 4 0.298438 0.341667 0.351562 0.483333 0.473438 0.583333
222 4 0.251563 0.255556 0.300000 0.347222 0.401562 0.430556
212 4 0.192188 0.686111 0.321875 1.005556 0.353125 1.191667
206 4 0.210938 0.338889 0.267188 0.450000 0.343750 0.563889
189 4 0.103125 0.491667 0.206250 0.705556 0.206250 0.844444
144 4 0.450000 0.519444 0.517188 0.713889 0.709375 0.877778
128 4 0.451562 0.366667 0.514062 0.533333 0.709375 0.633333
125 4 0.221875 0.116667 0.254688 0.188889 0.350000 0.211111
