301 4 0.360938 0.069444 0.389062 0.111111 0.556250 0.125000
300 4 0.721875 0.586111 0.853125 0.816667 1.148438 0.994444
299 5 0.307812 0.011111 0.342187 0.111111 0.479687 0.066667
291 4 0.373437 0.113889 0.396875 0.155556 0.571875 0.191667
285 4 0.332813 0.208333 0.370312 0.288889 0.518750 0.352778
283 4 0.312500 0.111111 0.348438 0.169444 0.487500 0.197222
281 4 0.325000 0.166667 0.357812 0.219444 0.504687 0.277778
280 5 0.440625 0.286111 0.501563 0.388889 0.692187 0.480556
266 4 0.317188 0.294444 0.367188 0.411111 0.501563 0.500000
264 4 0.385937 0.147222 0.414062 0.186111 0.593750 0.241667
261 4 0.231250 0.277778 0.284375 0.391667 0.375000 0.472222
252 4 0.398438 0.166667 0.431250 0.227778 0.614062 0.283333
248 4 0.248438 0.488889 0.340625 0.727778 0.418750 0.852778
235 4 0.440625 0.286111 0.503125 0.383333 0.692187 0.477778
222 4 0.198437 0.372222 0.267188 0.522222 0.332813 0.636111
206 4 0.079687 0.566667 0.198437 0.772222 0.179688 0.952778
144 4 0.446875 0.525000 0.517188 0.725000 0.704688 0.888889
128 4 0.457813 0.369444 0.515625 0.536111 0.715625 0.638889
125 4 0.221875 0.116667 0.254688 0.194444 0.350000 0.213889
