240 4 0.318750 0.050000 0.339062 0.083333 0.487500 0.091667
239 4 0.360938 0.072222 0.387500 0.113889 0.556250 0.127778
236 4 0.320312 0.077778 0.342187 0.122222 0.492188 0.141667
235 5 0.443750 0.286111 0.500000 0.380556 0.693750 0.477778
234 4 0.326562 0.136111 0.357812 0.222222 0.506250 0.247222
233 4 0.309375 0.000000 0.325000 0.033333 0.471875 0.016667
230 4 0.000000 0.791667 0.107813 0.997222 0.054688 1.288889
225 5 0.325000 0.133333 0.357812 0.219444 0.504687 0.244444
222 4 0.284375 0.063889 0.307812 0.108333 0.439063 0.119444
214 4 0.440625 0.286111 0.501563 0.380556 0.692187 0.477778
212 4 0.329688 0.205556 0.370312 0.283333 0.515625 0.347222
208 4 0.326562 0.119444 0.351562 0.161111 0.501563 0.200000
206 4 0.275000 0.105556 0.300000 0.155556 0.425000 0.183333
189 4 0.262500 0.155556 0.296875 0.233333 0.410938 0.272222
178 4 0.251563 0.250000 0.293750 0.330556 0.398438 0.413889
170 4 0.134375 0.452778 0.235937 0.641667 0.253125 0.775000
144 4 0.451562 0.519444 0.517188 0.716667 0.710938 0.880556
128 4 0.459375 0.375000 0.515625 0.530556 0.717187 0.641667
125 4 0.221875 0.122222 0.256250 0.194444 0.350000 0.222222
