333 4 0.276562 0.022222 0.306250 0.072222 0.429688 0.061111
331 4 0.400000 0.180556 0.435937 0.236111 0.618750 0.300000
330 4 0.385937 0.144444 0.414062 0.194444 0.593750 0.241667
327 4 0.432812 0.263889 0.484375 0.369444 0.675000 0.447222
323 4 0.371875 0.105556 0.400000 0.155556 0.573438 0.183333
313 4 0.254688 0.225000 0.296875 0.300000 0.403125 0.375000
310 4 0.173437 0.400000 0.251563 0.572222 0.300000 0.688889
299 5 0.310937 0.058333 0.362500 0.208333 0.492188 0.163889
285 4 0.156250 0.725000 0.301563 1.008333 0.307812 1.230556
283 4 0.318750 0.250000 0.360938 0.336111 0.500000 0.419444
281 4 0.285938 0.411111 0.346875 0.563889 0.460938 0.694444
222 4 0.000000 0.663889 0.165625 0.958333 0.082812 1.144444
125 4 0.221875 0.116667 0.254688 0.200000 0.350000 0.216667
