358 4 0.348438 0.030556 0.373437 0.083333 0.535937 0.072222
355 4 0.267188 0.086111 0.306250 0.130556 0.420312 0.152778
353 4 0.306250 0.000000 0.325000 0.033333 0.468750 0.016667
352 4 0.278125 0.027778 0.303125 0.080556 0.429688 0.069444
347 4 0.309375 0.030556 0.339062 0.075000 0.479687 0.069444
333 5 0.262500 0.091667 0.310937 0.194444 0.418750 0.188889
330 4 0.395313 0.172222 0.448437 0.277778 0.620313 0.311111
327 4 0.460938 0.580556 0.545312 0.805556 0.734375 0.983333
323 4 0.373437 0.113889 0.404687 0.169444 0.576562 0.200000
313 4 0.175000 0.386111 0.251563 0.530556 0.301563 0.652778
310 4 0.078125 0.550000 0.206250 0.786111 0.182812 0.941667
283 4 0.148438 0.775000 0.276562 1.005556 0.285938 1.280556
125 4 0.221875 0.116667 0.254688 0.188889 0.350000 0.211111
