185 4 0.323437 0.111111 0.357812 0.211111 0.503125 0.216667
184 4 0.315625 0.058333 0.340625 0.100000 0.485938 0.111111
178 4 0.278125 0.044444 0.303125 0.088889 0.431250 0.088889
171 4 0.325000 0.205556 0.371875 0.319444 0.512500 0.366667
170 4 0.264062 0.138889 0.304688 0.205556 0.417187 0.241667
169 4 0.171875 0.575000 0.314063 0.888889 0.329688 1.019444
162 4 0.259375 0.216667 0.307812 0.294444 0.414062 0.363889
157 4 0.303125 0.352778 0.357812 0.488889 0.482812 0.600000
153 5 0.323437 0.105556 0.359375 0.208333 0.503125 0.211111
150 4 0.171875 0.388889 0.246875 0.525000 0.296875 0.652778
147 4 0.410938 0.172222 0.471875 0.297222 0.646875 0.322222
144 4 0.451562 0.502778 0.517188 0.688889 0.710938 0.847222
138 4 0.000000 0.677778 0.131250 1.000000 0.065625 1.177778
128 4 0.446875 0.336111 0.514062 0.508333 0.704688 0.588889
125 4 0.221875 0.119444 0.256250 0.191667 0.350000 0.216667
