268 2 0.662500 0.586111 0.870313 0.997222 1.098437 1.086111
264 4 0.370312 0.097222 0.398438 0.138889 0.570312 0.166667
261 4 0.287500 0.066667 0.312500 0.113889 0.443750 0.122222
260 4 0.356250 0.072222 0.379688 0.105556 0.545312 0.127778
253 4 0.409375 0.188889 0.450000 0.269444 0.635938 0.325000
252 4 0.387500 0.136111 0.417187 0.183333 0.595313 0.227778
248 4 0.326562 0.175000 0.362500 0.236111 0.507812 0.294444
235 5 0.440625 0.288889 0.500000 0.383333 0.690625 0.480556
234 4 0.321875 0.230556 0.365625 0.325000 0.504687 0.391667
222 4 0.275000 0.147222 0.309375 0.216667 0.429688 0.255556
212 4 0.309375 0.388889 0.364063 0.519444 0.490625 0.650000
206 4 0.254688 0.219444 0.292187 0.294444 0.401562 0.366667
189 4 0.212500 0.313889 0.270313 0.444444 0.348438 0.538889
178 4 0.129688 0.472222 0.229687 0.672222 0.245312 0.808333
144 4 0.453125 0.522222 0.515625 0.713889 0.710938 0.880556
128 4 0.454688 0.372222 0.515625 0.533333 0.714063 0.638889
125 4 0.220312 0.125000 0.254688 0.194444 0.348438 0.222222
