229 4 0.381250 0.116667 0.410938 0.158333 0.587500 0.197222
225 4 0.326562 0.141667 0.354687 0.197222 0.503125 0.241667
224 5 0.301563 0.261111 0.360938 0.447222 0.482812 0.486111
222 4 0.285938 0.050000 0.306250 0.091667 0.439063 0.097222
214 4 0.439063 0.280556 0.501563 0.383333 0.690625 0.472222
208 4 0.325000 0.111111 0.351562 0.158333 0.501563 0.191667
206 4 0.270313 0.083333 0.300000 0.136111 0.420312 0.150000
189 4 0.265625 0.136111 0.300000 0.202778 0.415625 0.238889
178 4 0.259375 0.211111 0.298438 0.283333 0.409375 0.355556
170 4 0.178125 0.361111 0.256250 0.538889 0.306250 0.633333
144 4 0.451562 0.522222 0.517188 0.713889 0.710938 0.880556
128 4 0.454688 0.372222 0.514062 0.530556 0.712500 0.638889
125 4 0.221875 0.116667 0.254688 0.186111 0.350000 0.208333
