264 4 0.365625 0.086111 0.392188 0.125000 0.562500 0.150000
261 4 0.295312 0.044444 0.317188 0.086111 0.454688 0.088889
257 4 0.323437 0.105556 0.351562 0.163889 0.500000 0.188889
253 4 0.403125 0.186111 0.446875 0.275000 0.626563 0.325000
252 4 0.381250 0.122222 0.412500 0.166667 0.589063 0.208333
248 4 0.328125 0.158333 0.359375 0.211111 0.507812 0.263889
240 4 0.318750 0.075000 0.342187 0.111111 0.489063 0.130556
235 5 0.437500 0.286111 0.501563 0.386111 0.689063 0.480556
234 4 0.326562 0.202778 0.364063 0.297222 0.507812 0.352778
222 4 0.278125 0.127778 0.310937 0.188889 0.434375 0.222222
214 4 0.439063 0.286111 0.503125 0.383333 0.690625 0.477778
212 4 0.320312 0.330556 0.367188 0.447222 0.504687 0.552778
206 4 0.257812 0.180556 0.293750 0.261111 0.406250 0.311111
189 4 0.234375 0.261111 0.281250 0.377778 0.375000 0.450000
178 4 0.175000 0.408333 0.251563 0.566667 0.300000 0.694444
144 4 0.451562 0.522222 0.517188 0.716667 0.710938 0.880556
128 4 0.454688 0.372222 0.514062 0.530556 0.712500 0.638889
125 4 0.221875 0.116667 0.253125 0.188889 0.348438 0.213889
