278 4 -0.001563 0.655556 0.167187 0.963889 0.081250 1.138889
275 4 0.781250 0.555556 0.893750 0.752778 1.228125 0.930556
266 4 0.329688 0.158333 0.359375 0.211111 0.509375 0.263889
264 4 0.376563 0.113889 0.401562 0.163889 0.578125 0.197222
261 4 0.276562 0.111111 0.309375 0.175000 0.431250 0.200000
260 4 0.360938 0.088889 0.385937 0.133333 0.554688 0.155556
253 4 0.415625 0.211111 0.453125 0.280556 0.642188 0.352778
252 4 0.392188 0.161111 0.425000 0.208333 0.606250 0.263889
248 4 0.331250 0.208333 0.367188 0.294444 0.515625 0.355556
235 5 0.437500 0.286111 0.501563 0.386111 0.689063 0.480556
234 4 0.312500 0.266667 0.360938 0.411111 0.493750 0.472222
222 4 0.268750 0.211111 0.304688 0.291667 0.421875 0.358333
212 4 0.257812 0.538889 0.346875 0.747222 0.431250 0.911111
206 4 0.231250 0.294444 0.276562 0.388889 0.370312 0.491667
189 4 0.150000 0.419444 0.234375 0.591667 0.267188 0.716667
144 4 0.448437 0.522222 0.517188 0.716667 0.707812 0.880556
128 4 0.456250 0.372222 0.512500 0.533333 0.712500 0.638889
125 4 0.221875 0.116667 0.254688 0.191667 0.350000 0.213889
