229 4 0.379688 0.116667 0.410938 0.158333 0.585938 0.197222
225 4 0.325000 0.138889 0.356250 0.197222 0.504687 0.238889
224 5 0.303125 0.261111 0.362500 0.447222 0.484375 0.486111
222 4 0.284375 0.047222 0.307812 0.091667 0.439063 0.094444
219 4 0.301563 0.261111 0.364063 0.450000 0.484375 0.486111
214 4 0.440625 0.280556 0.501563 0.383333 0.690625 0.472222
208 4 0.323437 0.105556 0.351562 0.155556 0.500000 0.186111
206 4 0.271875 0.086111 0.300000 0.136111 0.421875 0.155556
189 4 0.265625 0.133333 0.300000 0.197222 0.415625 0.233333
178 4 0.257812 0.208333 0.300000 0.283333 0.407813 0.350000
171 4 0.168750 0.791667 0.293750 1.002778 0.317188 1.294444
170 4 0.179688 0.355556 0.257812 0.533333 0.307812 0.622222
144 4 0.451562 0.522222 0.517188 0.713889 0.710938 0.880556
128 4 0.454688 0.369444 0.514062 0.533333 0.712500 0.636111
125 4 0.223438 0.116667 0.254688 0.186111 0.351562 0.211111
