27 5 0.275000 0.027778 0.304688 0.072222 0.428125 0.063889
25 4 0.339062 0.011111 0.360938 0.047222 0.520312 0.033333
24 4 0.354687 0.041667 0.378125 0.077778 0.543750 0.083333
23 4 0.309375 0.011111 0.329688 0.038889 0.475000 0.030556
22 4 0.318750 0.044444 0.339062 0.083333 0.489063 0.086111
21 4 0.275000 0.027778 0.303125 0.072222 0.426563 0.063889
19 4 0.314063 0.083333 0.340625 0.130556 0.484375 0.147222
16 4 0.321875 0.122222 0.346875 0.175000 0.495312 0.211111
15 4 0.295312 0.297222 0.345313 0.419444 0.468750 0.508333
5 4 0.221875 0.119444 0.259375 0.194444 0.351562 0.216667
2 4 0.456250 0.491667 0.520312 0.691667 0.717187 0.838889
