267 1 0.268750 0.383333 0.295312 0.497222 0.417187 0.633333
266 4 0.325000 0.130556 0.354687 0.180556 0.503125 0.222222
264 4 0.368750 0.091667 0.396875 0.133333 0.567187 0.161111
260 4 0.354687 0.072222 0.378125 0.102778 0.543750 0.122222
253 4 0.410938 0.194444 0.448437 0.269444 0.635938 0.327778
252 4 0.385937 0.133333 0.415625 0.180556 0.593750 0.222222
248 4 0.328125 0.175000 0.360938 0.230556 0.509375 0.291667
235 5 0.440625 0.288889 0.501563 0.383333 0.692187 0.480556
234 4 0.317188 0.219444 0.364063 0.322222 0.500000 0.380556
222 4 0.275000 0.141667 0.310937 0.211111 0.431250 0.247222
214 4 0.440625 0.286111 0.501563 0.383333 0.692187 0.477778
212 4 0.312500 0.377778 0.364063 0.491667 0.495312 0.625000
206 4 0.256250 0.211111 0.292187 0.280556 0.403125 0.350000
189 4 0.218750 0.291667 0.275000 0.422222 0.357812 0.502778
178 4 0.145313 0.455556 0.237500 0.638889 0.264062 0.775000
144 4 0.451562 0.522222 0.517188 0.713889 0.710938 0.880556
128 4 0.454688 0.369444 0.515625 0.536111 0.712500 0.638889
125 4 0.221875 0.119444 0.254688 0.188889 0.350000 0.216667
