414 4 0.000000 0.658333 0.150000 0.941667 0.075000 1.127778
406 4 0.271875 0.127778 0.307812 0.180556 0.425000 0.219444
404 4 0.317188 0.061111 0.342187 0.111111 0.489063 0.116667
403 4 0.237500 0.211111 0.293750 0.361111 0.384375 0.391667
401 4 0.400000 0.177778 0.446875 0.277778 0.625000 0.316667
395 4 0.375000 0.077778 0.407813 0.166667 0.578125 0.161111
389 4 0.264062 0.161111 0.300000 0.238889 0.414062 0.280556
388 4 0.307812 0.311111 0.362500 0.438889 0.490625 0.530556
367 4 0.432812 0.297222 0.490625 0.419444 0.678125 0.508333
364 4 0.473438 0.569444 0.553125 0.783333 0.750000 0.961111
344 4 0.195312 0.622222 0.304688 0.888889 0.348438 1.066667
125 4 0.221875 0.119444 0.254688 0.188889 0.350000 0.213889
