304 4 0.275000 0.033333 0.301563 0.080556 0.426563 0.072222
303 4 0.312500 0.077778 0.343750 0.116667 0.484375 0.136111
302 4 0.346875 0.041667 0.371875 0.077778 0.532813 0.080556
301 4 0.364063 0.072222 0.389062 0.113889 0.557813 0.130556
300 4 0.718750 0.641667 0.835938 0.900000 1.137500 1.091667
299 5 0.309375 0.011111 0.343750 0.111111 0.481250 0.066667
291 4 0.371875 0.116667 0.396875 0.161111 0.571875 0.197222
285 4 0.332813 0.216667 0.370312 0.305556 0.518750 0.369444
283 4 0.318750 0.119444 0.351562 0.172222 0.495312 0.205556
281 4 0.323437 0.166667 0.357812 0.230556 0.503125 0.283333
280 4 0.440625 0.283333 0.503125 0.386111 0.692187 0.477778
266 4 0.312500 0.305556 0.365625 0.427778 0.495312 0.519444
264 4 0.385937 0.144444 0.412500 0.188889 0.593750 0.238889
261 4 0.226562 0.275000 0.282813 0.397222 0.368750 0.475000
252 4 0.400000 0.172222 0.431250 0.225000 0.615625 0.286111
248 4 0.231250 0.538889 0.329688 0.794444 0.396875 0.936111
235 5 0.439063 0.288889 0.501563 0.386111 0.690625 0.483333
222 4 0.192188 0.358333 0.265625 0.533333 0.326562 0.625000
206 4 0.070312 0.597222 0.185938 0.802778 0.164062 0.997222
144 4 0.445312 0.527778 0.518750 0.738889 0.704688 0.897222
128 4 0.457813 0.372222 0.517188 0.541667 0.717187 0.644444
125 4 0.220312 0.116667 0.256250 0.191667 0.348438 0.213889
