347 4 0.312500 0.022222 0.332813 0.063889 0.479687 0.055556
344 4 0.315625 0.063889 0.337500 0.097222 0.484375 0.113889
341 5 0.271875 0.069444 0.310937 0.144444 0.428125 0.141667
340 4 0.418750 0.227778 0.457813 0.305556 0.648438 0.383333
330 4 0.392188 0.163889 0.431250 0.222222 0.607812 0.275000
327 4 0.448437 0.386111 0.515625 0.533333 0.707812 0.652778
323 4 0.371875 0.105556 0.401562 0.161111 0.573438 0.186111
313 4 0.203125 0.330556 0.267188 0.463889 0.337500 0.561111
310 4 0.096875 0.500000 0.214062 0.750000 0.204687 0.875000
299 5 0.309375 0.122222 0.367188 0.316667 0.493750 0.283333
283 4 0.259375 0.463889 0.340625 0.650000 0.429688 0.788889
125 4 0.218750 0.116667 0.256250 0.191667 0.348438 0.213889
