176 4 0.251563 0.063889 0.271875 0.119444 0.387500 0.125000
171 4 0.321875 0.191667 0.367188 0.277778 0.506250 0.330556
170 4 0.271875 0.094444 0.303125 0.150000 0.423438 0.172222
169 4 0.265625 0.388889 0.348438 0.591667 0.440625 0.686111
164 4 0.103125 0.622222 0.290625 1.002778 0.248438 1.125000
162 4 0.271875 0.147222 0.307812 0.213889 0.426563 0.255556
157 4 0.315625 0.269444 0.362500 0.369444 0.496875 0.455556
153 5 0.310937 0.077778 0.348438 0.169444 0.485938 0.161111
150 4 0.231250 0.275000 0.282813 0.369444 0.373437 0.461111
147 4 0.403125 0.158333 0.462500 0.275000 0.634375 0.297222
144 4 0.457813 0.411111 0.512500 0.563889 0.714063 0.694444
138 4 0.100000 0.472222 0.218750 0.708333 0.209375 0.825000
128 4 0.434375 0.277778 0.496875 0.422222 0.682813 0.488889
125 4 0.221875 0.119444 0.254688 0.188889 0.350000 0.216667
103 4 0.468750 0.608333 0.567187 0.980556 0.751563 1.100000
