152 4 0.321875 0.075000 0.348438 0.127778 0.496875 0.138889
151 4 0.325000 0.138889 0.359375 0.213889 0.504687 0.247222
150 4 0.276562 0.075000 0.301563 0.122222 0.428125 0.136111
144 4 0.448437 0.297222 0.498437 0.430556 0.698438 0.513889
142 4 0.260937 0.363889 0.351562 0.641667 0.437500 0.683333
138 4 0.262500 0.158333 0.304688 0.252778 0.415625 0.286111
128 4 0.409375 0.194444 0.457813 0.288889 0.639062 0.338889
126 4 0.312500 0.255556 0.362500 0.375000 0.493750 0.441667
125 4 0.220312 0.116667 0.254688 0.197222 0.348438 0.216667
123 4 0.203125 0.652778 0.303125 0.916667 0.354687 1.111111
103 4 0.467187 0.530556 0.540625 0.780556 0.737500 0.922222
