309 4 0.312500 0.100000 0.346875 0.138889 0.485938 0.172222
299 5 0.310937 0.030556 0.346875 0.130556 0.484375 0.097222
285 4 0.320312 0.291667 0.371875 0.405556 0.506250 0.494444
283 4 0.318750 0.141667 0.357812 0.216667 0.498437 0.250000
281 4 0.321875 0.211111 0.364063 0.294444 0.504687 0.358333
280 4 0.442188 0.302778 0.507812 0.408333 0.696875 0.508333
266 4 0.257812 0.475000 0.343750 0.677778 0.431250 0.813889
264 4 0.387500 0.144444 0.409375 0.191667 0.592187 0.241667
252 4 0.400000 0.175000 0.431250 0.227778 0.615625 0.291667
222 4 0.157812 0.450000 0.248438 0.633333 0.281250 0.766667
206 4 0.001563 0.777778 0.107813 0.997222 0.056250 1.277778
144 4 0.432812 0.652778 0.520312 0.927778 0.693750 1.119444
128 4 0.446875 0.388889 0.526563 0.608333 0.709375 0.691667
125 4 0.221875 0.122222 0.254688 0.200000 0.350000 0.225000
