152 4 0.320312 0.055556 0.340625 0.102778 0.490625 0.105556
147 4 0.381250 0.100000 0.425000 0.175000 0.593750 0.188889
144 4 0.445312 0.288889 0.493750 0.400000 0.692187 0.488889
142 4 0.270313 0.344444 0.353125 0.622222 0.446875 0.655556
140 4 0.154688 0.436111 0.246875 0.622222 0.278125 0.747222
138 4 0.275000 0.127778 0.307812 0.202778 0.429688 0.230556
129 5 0.381250 0.094444 0.425000 0.177778 0.593750 0.183333
128 4 0.396875 0.166667 0.445312 0.277778 0.620313 0.308333
126 4 0.314063 0.219444 0.360938 0.336111 0.495312 0.388889
125 4 0.220312 0.119444 0.254688 0.188889 0.348438 0.213889
123 4 0.209375 0.622222 0.303125 0.866667 0.360938 1.055556
103 4 0.467187 0.513889 0.540625 0.769444 0.737500 0.900000
