347 4 0.312500 0.022222 0.332813 0.063889 0.479687 0.055556
344 4 0.315625 0.063889 0.337500 0.102778 0.484375 0.116667
341 4 0.271875 0.077778 0.310937 0.155556 0.428125 0.155556
330 4 0.393750 0.163889 0.432812 0.247222 0.610938 0.288889
327 4 0.454688 0.419444 0.520312 0.575000 0.715625 0.705556
323 4 0.373437 0.102778 0.401562 0.163889 0.573438 0.186111
313 4 0.198437 0.341667 0.260937 0.480556 0.328125 0.583333
310 4 0.084375 0.519444 0.210938 0.766667 0.190625 0.902778
299 4 0.307812 0.136111 0.365625 0.336111 0.490625 0.305556
283 4 0.242188 0.527778 0.332813 0.733333 0.407813 0.894444
125 4 0.220312 0.113889 0.257812 0.194444 0.350000 0.211111
