314 4 0.354687 0.066667 0.375000 0.102778 0.543750 0.119444
313 4 0.275000 0.105556 0.306250 0.161111 0.428125 0.186111
312 4 0.373437 0.108333 0.398438 0.147222 0.571875 0.183333
310 4 0.212500 0.325000 0.273438 0.463889 0.350000 0.555556
299 5 0.312500 0.063889 0.350000 0.155556 0.487500 0.141667
285 4 0.314063 0.336111 0.365625 0.463889 0.496875 0.569444
283 4 0.325000 0.158333 0.357812 0.230556 0.504687 0.272222
281 4 0.323437 0.230556 0.364063 0.322222 0.506250 0.391667
266 4 0.218750 0.572222 0.323437 0.813889 0.381250 0.980556
264 4 0.385937 0.147222 0.409375 0.191667 0.590625 0.244444
252 4 0.398438 0.175000 0.432812 0.227778 0.615625 0.288889
222 4 0.140625 0.477778 0.235937 0.672222 0.259375 0.813889
206 4 0.000000 0.838889 0.076563 0.997222 0.037500 1.338889
144 4 0.435937 0.747222 0.521875 1.005556 0.696875 1.250000
128 4 0.457813 0.425000 0.529687 0.630556 0.723437 0.738889
125 4 0.220312 0.125000 0.259375 0.205556 0.351562 0.227778
