171 4 0.321875 0.191667 0.367188 0.277778 0.506250 0.330556
170 4 0.271875 0.091667 0.304688 0.150000 0.425000 0.166667
169 4 0.270313 0.391667 0.348438 0.588889 0.445312 0.686111
164 4 0.114062 0.613889 0.295312 1.002778 0.260937 1.116667
162 4 0.271875 0.147222 0.307812 0.213889 0.426563 0.255556
157 4 0.317188 0.269444 0.362500 0.366667 0.500000 0.452778
153 5 0.312500 0.072222 0.348438 0.163889 0.487500 0.155556
150 4 0.234375 0.269444 0.284375 0.363889 0.376563 0.452778
147 4 0.403125 0.158333 0.462500 0.275000 0.634375 0.297222
144 4 0.456250 0.411111 0.510938 0.561111 0.712500 0.691667
138 4 0.101562 0.455556 0.220312 0.697222 0.212500 0.805556
128 4 0.435937 0.277778 0.496875 0.419444 0.684375 0.486111
125 4 0.221875 0.119444 0.254688 0.186111 0.350000 0.213889
103 4 0.467187 0.608333 0.564063 0.966667 0.750000 1.091667
