289 4 0.782813 0.522222 0.904687 0.716667 1.235937 0.880556
285 4 0.329688 0.161111 0.364063 0.222222 0.512500 0.272222
283 4 0.321875 0.083333 0.350000 0.127778 0.496875 0.147222
281 4 0.323437 0.127778 0.354687 0.172222 0.501563 0.213889
280 5 0.437500 0.288889 0.500000 0.383333 0.687500 0.480556
266 4 0.332813 0.211111 0.367188 0.291667 0.517188 0.355556
264 4 0.387500 0.141667 0.412500 0.186111 0.593750 0.233333
261 4 0.253125 0.238889 0.292187 0.325000 0.400000 0.402778
252 4 0.396875 0.172222 0.432812 0.225000 0.614062 0.286111
248 4 0.312500 0.294444 0.368750 0.447222 0.496875 0.519444
235 4 0.439063 0.288889 0.501563 0.383333 0.690625 0.480556
234 4 0.228125 0.486111 0.321875 0.725000 0.389062 0.850000
222 4 0.232813 0.308333 0.285938 0.427778 0.375000 0.525000
206 4 0.168750 0.419444 0.243750 0.561111 0.292187 0.700000
189 4 0.000000 0.672222 0.137500 0.980556 0.067187 1.163889
144 4 0.448437 0.519444 0.518750 0.716667 0.707812 0.880556
128 4 0.457813 0.372222 0.514062 0.530556 0.715625 0.638889
125 4 0.221875 0.119444 0.254688 0.191667 0.350000 0.216667
