134 4 0.385937 0.119444 0.414062 0.172222 0.593750 0.205556
129 4 0.339062 0.002778 0.364063 0.047222 0.521875 0.027778
128 4 0.357812 0.055556 0.384375 0.091667 0.550000 0.100000
126 4 0.312500 0.050000 0.342187 0.091667 0.484375 0.097222
125 4 0.220312 0.119444 0.253125 0.186111 0.346875 0.213889
123 4 0.275000 0.300000 0.329688 0.422222 0.440625 0.511111
119 5 0.003125 0.300000 0.279687 1.002778 0.143750 0.802778
118 4 0.271875 0.133333 0.307812 0.200000 0.426563 0.236111
117 4 0.232813 0.555556 0.326562 0.786111 0.396875 0.947222
114 5 0.318750 0.133333 0.364063 0.261111 0.501563 0.263889
103 4 0.446875 0.297222 0.506250 0.444444 0.700000 0.519444
