163 4 0.000000 0.688889 0.154688 0.991667 0.076563 1.186111
162 4 0.276562 0.033333 0.301563 0.080556 0.428125 0.075000
161 4 0.782813 0.569444 0.887500 0.775000 1.226562 0.958333
157 4 0.321875 0.208333 0.362500 0.291667 0.503125 0.355556
156 4 0.398438 0.138889 0.448437 0.250000 0.621875 0.263889
153 4 0.310937 0.011111 0.335938 0.072222 0.479687 0.047222
152 4 0.326562 0.130556 0.357812 0.191667 0.506250 0.227778
150 4 0.270313 0.122222 0.303125 0.180556 0.421875 0.213889
147 5 0.396875 0.127778 0.450000 0.252778 0.621875 0.255556
144 4 0.446875 0.336111 0.509375 0.480556 0.703125 0.577778
142 4 0.251563 0.363889 0.348438 0.672222 0.426563 0.700000
138 4 0.240625 0.236111 0.292187 0.355556 0.387500 0.413889
128 4 0.423438 0.227778 0.471875 0.344444 0.659375 0.400000
126 4 0.306250 0.286111 0.360938 0.419444 0.487500 0.494444
125 4 0.221875 0.119444 0.254688 0.188889 0.350000 0.213889
123 4 0.171875 0.741667 0.285938 1.000000 0.315625 1.241667
103 4 0.467187 0.538889 0.542188 0.797222 0.737500 0.936111
