165 4 0.270313 0.030556 0.303125 0.086111 0.421875 0.075000
164 4 0.223438 0.433333 0.339062 0.780556 0.393750 0.825000
162 4 0.268750 0.080556 0.307812 0.138889 0.423438 0.150000
157 4 0.326562 0.247222 0.362500 0.308333 0.507812 0.400000
156 5 0.398438 0.141667 0.453125 0.275000 0.625000 0.280556
153 4 0.315625 0.038889 0.342187 0.108333 0.487500 0.091667
150 4 0.257812 0.183333 0.295312 0.261111 0.406250 0.313889
147 4 0.398438 0.147222 0.454688 0.272222 0.625000 0.283333
144 4 0.454688 0.369444 0.509375 0.513889 0.710938 0.627778
138 4 0.192188 0.327778 0.264062 0.477778 0.325000 0.566667
128 4 0.429688 0.255556 0.485938 0.383333 0.673438 0.447222
126 4 0.298438 0.286111 0.362500 0.433333 0.479687 0.502778
125 4 0.223438 0.116667 0.253125 0.191667 0.350000 0.213889
103 4 0.467187 0.552778 0.548438 0.825000 0.742188 0.966667
