225 4 0.325000 0.133333 0.353125 0.191667 0.501563 0.230556
224 4 0.310937 0.252778 0.360938 0.416667 0.492188 0.461111
222 4 0.284375 0.038889 0.307812 0.083333 0.437500 0.080556
219 5 0.310937 0.250000 0.360938 0.416667 0.492188 0.461111
214 4 0.442188 0.283333 0.501563 0.380556 0.693750 0.475000
212 4 0.328125 0.172222 0.364063 0.244444 0.510938 0.294444
206 4 0.273438 0.080556 0.300000 0.125000 0.423438 0.144444
189 4 0.268750 0.122222 0.300000 0.188889 0.418750 0.216667
178 4 0.259375 0.191667 0.303125 0.266667 0.410938 0.327778
171 4 0.179688 0.705556 0.301563 1.008333 0.331250 1.211111
170 4 0.196875 0.341667 0.267188 0.494444 0.331250 0.588889
144 4 0.451562 0.522222 0.515625 0.713889 0.710938 0.880556
128 4 0.456250 0.369444 0.512500 0.533333 0.712500 0.636111
125 4 0.223438 0.116667 0.253125 0.188889 0.350000 0.211111
