153 4 0.309375 0.002778 0.329688 0.044444 0.475000 0.025000
152 4 0.323437 0.086111 0.350000 0.138889 0.498437 0.155556
150 4 0.273438 0.077778 0.303125 0.130556 0.425000 0.144444
147 5 0.390625 0.119444 0.439063 0.202778 0.610938 0.222222
144 4 0.450000 0.294444 0.500000 0.441667 0.701562 0.516667
142 4 0.260937 0.361111 0.348438 0.641667 0.435937 0.683333
138 4 0.259375 0.169444 0.306250 0.263889 0.412500 0.300000
128 4 0.410938 0.194444 0.462500 0.300000 0.642188 0.344444
126 4 0.312500 0.255556 0.362500 0.383333 0.493750 0.447222
125 4 0.221875 0.116667 0.254688 0.197222 0.350000 0.216667
123 4 0.198437 0.663889 0.300000 0.925000 0.350000 1.127778
103 4 0.465625 0.533333 0.539062 0.780556 0.735938 0.925000
