206 4 0.284375 0.033333 0.301563 0.075000 0.435937 0.072222
204 4 0.318750 0.102778 0.348438 0.155556 0.493750 0.180556
200 4 0.318750 0.155556 0.364063 0.305556 0.500000 0.308333
189 4 0.270313 0.072222 0.298438 0.127778 0.420312 0.138889
187 5 0.428125 0.227778 0.495312 0.386111 0.676562 0.422222
178 4 0.271875 0.125000 0.301563 0.186111 0.423438 0.219444
171 4 0.296875 0.411111 0.357812 0.566667 0.476562 0.694444
170 4 0.251563 0.238889 0.296875 0.336111 0.400000 0.408333
162 4 0.196875 0.377778 0.270313 0.522222 0.331250 0.638889
150 4 0.000000 0.811111 0.078125 0.997222 0.037500 1.311111
144 4 0.450000 0.519444 0.517188 0.716667 0.707812 0.877778
128 4 0.454688 0.369444 0.515625 0.533333 0.712500 0.636111
125 4 0.221875 0.119444 0.256250 0.200000 0.350000 0.219444
