56 4 0.351562 0.036111 0.375000 0.077778 0.539062 0.075000
51 4 0.315625 0.041667 0.337500 0.080556 0.484375 0.083333
48 4 0.176563 0.350000 0.251563 0.516667 0.303125 0.608333
47 4 0.323437 0.094444 0.350000 0.144444 0.498437 0.166667
45 4 0.271875 0.088889 0.309375 0.144444 0.426563 0.161111
37 4 0.329688 0.144444 0.357812 0.200000 0.509375 0.244444
30 4 0.271875 0.163889 0.304688 0.225000 0.423438 0.275000
25 4 0.439063 0.255556 0.485938 0.352778 0.682813 0.433333
24 4 0.460938 0.444444 0.521875 0.619444 0.721875 0.755556
23 4 0.248438 0.469444 0.334375 0.677778 0.415625 0.808333
5 4 0.221875 0.122222 0.259375 0.194444 0.351562 0.219444
