395 4 0.356250 0.050000 0.381250 0.091667 0.546875 0.097222
392 4 0.315625 0.038889 0.337500 0.075000 0.484375 0.077778
391 4 0.367188 0.083333 0.393750 0.125000 0.565625 0.147222
390 4 0.260937 0.136111 0.304688 0.247222 0.414062 0.261111
389 4 0.273438 0.072222 0.303125 0.127778 0.426563 0.136111
388 4 0.315625 0.116667 0.348438 0.175000 0.490625 0.205556
383 4 0.132812 0.425000 0.240625 0.613889 0.254688 0.733333
367 4 0.375000 0.122222 0.409375 0.183333 0.579688 0.213889
366 5 0.220312 0.283333 0.289062 0.405556 0.364063 0.486111
364 4 0.403125 0.175000 0.446875 0.275000 0.626563 0.311111
361 4 0.289062 0.416667 0.351562 0.575000 0.465625 0.705556
352 5 0.260937 0.138889 0.304688 0.247222 0.414062 0.261111
344 4 0.317188 0.205556 0.354687 0.288889 0.495312 0.350000
330 4 0.471875 0.469444 0.539062 0.641667 0.742188 0.788889
323 4 0.432812 0.258333 0.482812 0.358333 0.673438 0.438889
125 4 0.220312 0.116667 0.253125 0.188889 0.346875 0.211111
