266 4 0.326562 0.127778 0.354687 0.180556 0.503125 0.219444
264 4 0.368750 0.091667 0.398438 0.136111 0.568750 0.161111
261 4 0.289062 0.061111 0.312500 0.111111 0.445312 0.116667
260 4 0.354687 0.072222 0.379688 0.102778 0.545312 0.125000
253 4 0.409375 0.191667 0.450000 0.269444 0.634375 0.325000
252 4 0.385937 0.136111 0.417187 0.183333 0.595313 0.227778
248 4 0.326562 0.175000 0.362500 0.236111 0.507812 0.294444
235 5 0.440625 0.286111 0.500000 0.383333 0.690625 0.480556
234 4 0.320312 0.227778 0.365625 0.325000 0.503125 0.391667
222 4 0.275000 0.147222 0.309375 0.216667 0.429688 0.255556
212 4 0.309375 0.380556 0.364063 0.511111 0.492188 0.638889
206 4 0.254688 0.216667 0.290625 0.288889 0.400000 0.361111
189 4 0.214062 0.311111 0.270313 0.441667 0.350000 0.530556
178 4 0.132812 0.469444 0.232813 0.666667 0.250000 0.802778
144 4 0.453125 0.522222 0.515625 0.713889 0.710938 0.880556
128 4 0.454688 0.372222 0.515625 0.533333 0.714063 0.638889
125 4 0.221875 0.119444 0.254688 0.191667 0.350000 0.216667
