304 4 0.275000 0.030556 0.301563 0.086111 0.426563 0.075000
301 4 0.365625 0.075000 0.390625 0.116667 0.560937 0.133333
300 4 0.693750 0.705556 0.815625 1.005556 1.101562 1.208333
299 5 0.309375 0.013889 0.345313 0.113889 0.482812 0.072222
291 4 0.373437 0.113889 0.396875 0.155556 0.571875 0.191667
285 4 0.332813 0.233333 0.368750 0.319444 0.517188 0.394444
283 4 0.321875 0.122222 0.351562 0.180556 0.498437 0.213889
281 4 0.326562 0.175000 0.357812 0.236111 0.506250 0.291667
280 4 0.439063 0.288889 0.503125 0.386111 0.690625 0.483333
266 4 0.312500 0.327778 0.364063 0.455556 0.493750 0.555556
264 4 0.389062 0.141667 0.415625 0.188889 0.596875 0.236111
261 4 0.228125 0.280556 0.281250 0.408333 0.368750 0.483333
252 4 0.400000 0.175000 0.431250 0.227778 0.615625 0.291667
248 4 0.209375 0.588889 0.317188 0.883333 0.368750 1.030556
235 5 0.435937 0.288889 0.501563 0.394444 0.687500 0.488889
222 4 0.192188 0.397222 0.259375 0.544444 0.321875 0.669444
206 4 0.053125 0.613889 0.173437 0.841667 0.139063 1.036111
144 4 0.446875 0.533333 0.518750 0.744444 0.706250 0.905556
128 4 0.457813 0.369444 0.517188 0.541667 0.715625 0.641667
125 4 0.220312 0.119444 0.256250 0.200000 0.348438 0.219444
