240 4 0.318750 0.050000 0.337500 0.080556 0.487500 0.091667
239 4 0.362500 0.075000 0.389062 0.113889 0.557813 0.130556
236 4 0.318750 0.072222 0.342187 0.116667 0.490625 0.130556
235 5 0.442188 0.286111 0.501563 0.383333 0.693750 0.477778
234 4 0.328125 0.141667 0.357812 0.225000 0.507812 0.252778
233 4 0.307812 0.000000 0.325000 0.033333 0.470313 0.016667
230 4 0.000000 0.819444 0.098437 1.002778 0.048438 1.319444
225 5 0.325000 0.130556 0.357812 0.219444 0.504687 0.241667
222 4 0.284375 0.063889 0.307812 0.113889 0.439063 0.122222
214 4 0.440625 0.286111 0.501563 0.380556 0.692187 0.477778
212 4 0.329688 0.208333 0.367188 0.280556 0.514062 0.347222
208 4 0.326562 0.116667 0.351562 0.158333 0.503125 0.197222
206 4 0.275000 0.108333 0.300000 0.158333 0.425000 0.188889
189 4 0.260937 0.155556 0.296875 0.233333 0.410938 0.272222
178 4 0.248438 0.255556 0.292187 0.336111 0.395313 0.422222
170 4 0.131250 0.469444 0.231250 0.652778 0.246875 0.794444
144 4 0.451562 0.522222 0.517188 0.716667 0.710938 0.880556
128 4 0.457813 0.372222 0.515625 0.533333 0.715625 0.638889
125 4 0.221875 0.119444 0.256250 0.191667 0.350000 0.216667
