352 4 0.278125 0.016667 0.303125 0.069444 0.429688 0.052778
347 4 0.310937 0.030556 0.335938 0.072222 0.479687 0.066667
344 4 0.314063 0.066667 0.339062 0.111111 0.484375 0.122222
340 4 0.429688 0.250000 0.473438 0.347222 0.667188 0.425000
333 5 0.268750 0.094444 0.310937 0.180556 0.425000 0.186111
330 4 0.393750 0.161111 0.440625 0.275000 0.614062 0.297222
327 4 0.459375 0.488889 0.531250 0.669444 0.725000 0.825000
323 4 0.373437 0.111111 0.401562 0.166667 0.575000 0.197222
313 4 0.182812 0.375000 0.253125 0.505556 0.309375 0.627778
310 4 0.075000 0.527778 0.206250 0.786111 0.178125 0.922222
299 4 0.298438 0.152778 0.365625 0.375000 0.481250 0.341667
125 4 0.220312 0.116667 0.254688 0.191667 0.348438 0.213889
