236 4 0.318750 0.063889 0.340625 0.100000 0.489063 0.113889
235 5 0.442188 0.286111 0.501563 0.383333 0.693750 0.477778
233 4 0.307812 0.000000 0.325000 0.027778 0.470313 0.013889
231 4 0.315625 0.038889 0.335938 0.072222 0.484375 0.075000
230 4 0.000000 0.705556 0.153125 1.000000 0.076563 1.205556
229 4 0.384375 0.119444 0.412500 0.166667 0.590625 0.202778
225 4 0.326562 0.138889 0.354687 0.197222 0.504687 0.238889
222 4 0.285938 0.052778 0.306250 0.094444 0.439063 0.100000
219 5 0.298438 0.272222 0.359375 0.472222 0.478125 0.508333
214 4 0.442188 0.286111 0.503125 0.383333 0.693750 0.477778
212 4 0.331250 0.191667 0.362500 0.255556 0.512500 0.319444
208 4 0.326562 0.105556 0.350000 0.147222 0.501563 0.180556
206 4 0.273438 0.091667 0.300000 0.141667 0.423438 0.161111
189 4 0.264062 0.141667 0.298438 0.211111 0.412500 0.247222
178 4 0.256250 0.222222 0.298438 0.294444 0.406250 0.369444
170 4 0.170313 0.380556 0.250000 0.563889 0.295312 0.661111
144 4 0.450000 0.516667 0.517188 0.716667 0.709375 0.875000
128 4 0.456250 0.372222 0.515625 0.533333 0.714063 0.638889
125 4 0.221875 0.122222 0.254688 0.194444 0.350000 0.219444
