399 4 0.223438 0.261111 0.282813 0.313889 0.365625 0.419444
398 4 0.000000 0.611111 0.164062 0.972222 0.079687 1.100000
395 4 0.356250 0.055556 0.382812 0.102778 0.546875 0.105556
392 4 0.318750 0.047222 0.337500 0.083333 0.487500 0.088889
390 4 0.259375 0.150000 0.303125 0.261111 0.410938 0.280556
389 4 0.271875 0.083333 0.303125 0.147222 0.423438 0.158333
388 4 0.314063 0.130556 0.351562 0.200000 0.490625 0.230556
383 4 0.131250 0.441667 0.231250 0.625000 0.246875 0.755556
367 4 0.382812 0.141667 0.417187 0.205556 0.592187 0.247222
366 5 0.209375 0.277778 0.284375 0.425000 0.351562 0.491667
364 4 0.415625 0.202778 0.462500 0.283333 0.646875 0.344444
361 4 0.257812 0.516667 0.342187 0.722222 0.429688 0.877778
344 4 0.317188 0.238889 0.357812 0.333333 0.496875 0.405556
330 4 0.479687 0.588889 0.564063 0.819444 0.760938 1.000000
323 4 0.443750 0.297222 0.500000 0.416667 0.693750 0.508333
125 4 0.220312 0.119444 0.251563 0.188889 0.346875 0.213889
