398 4 0.006250 0.630556 0.165625 0.938889 0.089063 1.100000
395 4 0.354687 0.050000 0.379688 0.094444 0.545312 0.097222
392 4 0.317188 0.044444 0.335938 0.077778 0.485938 0.083333
391 4 0.368750 0.088889 0.393750 0.127778 0.565625 0.152778
390 4 0.257812 0.141667 0.304688 0.258333 0.410938 0.269444
389 4 0.270313 0.072222 0.303125 0.136111 0.421875 0.141667
388 4 0.314063 0.122222 0.348438 0.188889 0.489063 0.219444
367 4 0.378125 0.130556 0.412500 0.186111 0.584375 0.225000
366 5 0.212500 0.288889 0.285938 0.408333 0.354687 0.494444
364 4 0.406250 0.183333 0.450000 0.275000 0.632812 0.322222
361 4 0.279687 0.450000 0.351562 0.619444 0.454688 0.758333
352 5 0.256250 0.138889 0.304688 0.255556 0.409375 0.266667
344 4 0.317188 0.208333 0.357812 0.300000 0.496875 0.358333
330 4 0.473438 0.502778 0.545312 0.688889 0.746875 0.850000
323 4 0.435937 0.280556 0.485938 0.377778 0.679688 0.472222
125 4 0.220312 0.116667 0.253125 0.188889 0.346875 0.211111
