147 5 0.359375 0.047222 0.395313 0.111111 0.557813 0.102778
146 4 0.314063 0.052778 0.339062 0.097222 0.484375 0.102778
144 4 0.425000 0.219444 0.467187 0.305556 0.659375 0.372222
142 4 0.293750 0.277778 0.359375 0.505556 0.473438 0.533333
140 4 0.243750 0.269444 0.298438 0.397222 0.393750 0.469444
138 4 0.279687 0.069444 0.306250 0.127778 0.432812 0.133333
129 4 0.359375 0.052778 0.395313 0.111111 0.557813 0.108333
128 4 0.385937 0.119444 0.418750 0.180556 0.595313 0.211111
126 4 0.314063 0.127778 0.359375 0.208333 0.493750 0.233333
125 4 0.221875 0.116667 0.253125 0.191667 0.348438 0.213889
123 4 0.229687 0.544444 0.314063 0.758333 0.387500 0.925000
119 5 0.000000 0.513889 0.193750 0.991667 0.098437 1.011111
103 4 0.465625 0.450000 0.528125 0.650000 0.729688 0.777778
