275 4 0.792188 0.533333 0.907813 0.727778 1.246875 0.897222
264 4 0.376563 0.116667 0.401562 0.163889 0.578125 0.197222
261 4 0.276562 0.102778 0.310937 0.166667 0.432812 0.186111
260 4 0.362500 0.080556 0.393750 0.130556 0.560937 0.147222
253 4 0.414062 0.208333 0.453125 0.280556 0.640625 0.350000
252 4 0.392188 0.158333 0.426563 0.208333 0.606250 0.261111
248 4 0.332813 0.205556 0.367188 0.288889 0.515625 0.350000
235 5 0.439063 0.288889 0.501563 0.386111 0.690625 0.483333
234 4 0.309375 0.263889 0.359375 0.402778 0.490625 0.466667
222 4 0.270313 0.205556 0.304688 0.286111 0.423438 0.350000
212 4 0.262500 0.525000 0.346875 0.727778 0.437500 0.888889
206 4 0.229687 0.275000 0.279687 0.380556 0.370312 0.466667
189 4 0.154688 0.402778 0.242188 0.580556 0.276562 0.694444
144 4 0.448437 0.522222 0.517188 0.716667 0.707812 0.880556
128 4 0.454688 0.372222 0.514062 0.533333 0.710938 0.638889
125 4 0.221875 0.116667 0.256250 0.197222 0.350000 0.216667
