170 4 0.268750 0.050000 0.306250 0.113889 0.421875 0.108333
169 4 0.292187 0.336111 0.354687 0.491667 0.470313 0.580556
167 4 0.723437 0.769444 0.845313 1.008333 1.145312 1.275000
164 4 0.187500 0.497222 0.325000 0.913889 0.350000 0.952778
162 4 0.270313 0.111111 0.309375 0.175000 0.425000 0.200000
157 4 0.321875 0.258333 0.364063 0.338889 0.504687 0.427778
153 5 0.315625 0.052778 0.345313 0.136111 0.489063 0.122222
150 4 0.246875 0.225000 0.292187 0.305556 0.393750 0.377778
147 4 0.398438 0.150000 0.457813 0.272222 0.628125 0.286111
144 4 0.457813 0.391667 0.507812 0.527778 0.712500 0.655556
138 4 0.154688 0.391667 0.245312 0.569444 0.278125 0.675000
128 4 0.431250 0.266667 0.489063 0.400000 0.676562 0.466667
125 4 0.221875 0.116667 0.254688 0.191667 0.350000 0.213889
103 4 0.468750 0.566667 0.546875 0.830556 0.742188 0.980556
