189 4 0.278125 0.025000 0.298438 0.063889 0.428125 0.058333
187 5 0.414062 0.180556 0.476562 0.311111 0.653125 0.336111
186 4 0.318750 0.041667 0.337500 0.083333 0.487500 0.086111
184 4 0.315625 0.055556 0.340625 0.105556 0.487500 0.108333
178 4 0.278125 0.066667 0.303125 0.108333 0.429688 0.122222
171 4 0.326562 0.255556 0.368750 0.352778 0.510938 0.433333
170 4 0.264062 0.138889 0.306250 0.233333 0.417187 0.255556
162 4 0.254688 0.250000 0.301563 0.336111 0.406250 0.419444
157 4 0.295312 0.427778 0.353125 0.583333 0.471875 0.719444
153 5 0.323437 0.125000 0.360938 0.227778 0.504687 0.238889
150 4 0.129688 0.450000 0.225000 0.625000 0.243750 0.763889
147 4 0.414062 0.183333 0.476562 0.308333 0.653125 0.338889
144 4 0.450000 0.516667 0.518750 0.711111 0.709375 0.875000
128 4 0.450000 0.344444 0.517188 0.533333 0.709375 0.613889
125 4 0.220312 0.119444 0.253125 0.188889 0.348438 0.213889
