341 5 0.273438 0.027778 0.306250 0.094444 0.426563 0.075000
340 4 0.398438 0.191667 0.442188 0.272222 0.620313 0.330556
333 4 0.273438 0.027778 0.306250 0.094444 0.426563 0.075000
330 4 0.387500 0.147222 0.418750 0.197222 0.596875 0.247222
327 4 0.442188 0.297222 0.498437 0.402778 0.692187 0.500000
323 4 0.371875 0.105556 0.396875 0.155556 0.570312 0.183333
313 4 0.242188 0.252778 0.290625 0.344444 0.387500 0.427778
310 4 0.153125 0.433333 0.245312 0.625000 0.276562 0.747222
299 5 0.310937 0.075000 0.365625 0.225000 0.493750 0.188889
283 4 0.310937 0.291667 0.359375 0.400000 0.490625 0.491667
281 4 0.240625 0.550000 0.328125 0.750000 0.404687 0.925000
222 4 0.003125 0.741667 0.135937 1.000000 0.070312 1.241667
125 4 0.220312 0.116667 0.256250 0.197222 0.350000 0.213889
