308 4 0.270313 0.075000 0.303125 0.141667 0.421875 0.147222
301 4 0.367188 0.086111 0.392188 0.119444 0.564063 0.147222
299 5 0.309375 0.030556 0.346875 0.138889 0.482812 0.100000
291 4 0.373437 0.111111 0.395313 0.150000 0.570312 0.188889
285 4 0.323437 0.280556 0.371875 0.386111 0.509375 0.475000
283 4 0.320312 0.138889 0.356250 0.208333 0.498437 0.244444
281 4 0.325000 0.200000 0.364063 0.283333 0.507812 0.341667
280 4 0.442188 0.300000 0.509375 0.402778 0.696875 0.502778
266 4 0.270313 0.438889 0.348438 0.627778 0.445312 0.752778
264 4 0.387500 0.144444 0.410938 0.191667 0.593750 0.241667
261 4 0.218750 0.300000 0.270313 0.441667 0.354687 0.522222
252 4 0.398438 0.175000 0.432812 0.227778 0.615625 0.288889
222 4 0.162500 0.441667 0.248438 0.619444 0.287500 0.752778
206 4 0.000000 0.741667 0.125000 1.000000 0.062500 1.241667
144 4 0.437500 0.619444 0.523438 0.880556 0.700000 1.061111
128 4 0.454688 0.388889 0.525000 0.588889 0.717187 0.683333
125 4 0.221875 0.125000 0.254688 0.200000 0.350000 0.225000
