44 4 0.275000 0.030556 0.303125 0.061111 0.426563 0.061111
43 5 0.268750 0.044444 0.315625 0.200000 0.426563 0.144444
39 4 0.309375 0.000000 0.326562 0.025000 0.473438 0.013889
38 4 0.346875 0.027778 0.370312 0.061111 0.532813 0.061111
30 4 0.276562 0.055556 0.303125 0.102778 0.428125 0.105556
25 4 0.382812 0.113889 0.410938 0.158333 0.589063 0.191667
24 4 0.412500 0.186111 0.451562 0.272222 0.637500 0.322222
23 4 0.325000 0.113889 0.353125 0.175000 0.501563 0.202778
22 4 0.317188 0.205556 0.356250 0.283333 0.495312 0.347222
19 4 0.264062 0.380556 0.326562 0.522222 0.428125 0.644444
5 4 0.220312 0.122222 0.262500 0.188889 0.351562 0.216667
