200 5 0.321875 0.138889 0.364063 0.280556 0.504687 0.280556
189 4 0.273438 0.058333 0.298438 0.113889 0.423438 0.116667
186 4 0.318750 0.066667 0.342187 0.102778 0.489063 0.119444
178 4 0.275000 0.113889 0.303125 0.169444 0.426563 0.197222
171 4 0.306250 0.355556 0.368750 0.513889 0.492188 0.613889
170 4 0.257812 0.213889 0.301563 0.305556 0.409375 0.369444
162 4 0.214062 0.347222 0.278125 0.469444 0.353125 0.583333
157 4 0.201563 0.711111 0.318750 1.005556 0.360938 1.213889
153 4 0.321875 0.144444 0.364063 0.277778 0.504687 0.283333
150 4 -0.001563 0.708333 0.128125 0.991667 0.060937 1.202778
144 4 0.450000 0.522222 0.518750 0.716667 0.709375 0.880556
128 4 0.453125 0.369444 0.517188 0.536111 0.712500 0.638889
125 4 0.221875 0.119444 0.254688 0.194444 0.350000 0.216667
