408 5 0.193750 0.052778 0.251563 0.122222 0.320312 0.113889
407 4 0.206250 0.297222 0.271875 0.369444 0.342187 0.480556
406 4 0.268750 0.080556 0.304688 0.130556 0.421875 0.147222
404 4 0.317188 0.044444 0.335938 0.080556 0.484375 0.086111
403 5 0.250000 0.183333 0.300000 0.300000 0.400000 0.333333
401 4 0.384375 0.122222 0.414062 0.175000 0.592187 0.211111
398 4 0.001563 0.836111 0.095312 1.002778 0.050000 1.338889
395 4 0.364063 0.075000 0.390625 0.125000 0.559375 0.138889
389 4 0.265625 0.125000 0.304688 0.191667 0.418750 0.222222
388 4 0.323437 0.211111 0.364063 0.288889 0.506250 0.355556
383 4 0.096875 0.502778 0.210938 0.713889 0.201563 0.861111
367 4 0.401562 0.205556 0.448437 0.280556 0.626563 0.347222
364 4 0.448437 0.300000 0.503125 0.416667 0.700000 0.508333
352 4 0.251563 0.183333 0.298438 0.300000 0.401562 0.333333
344 4 0.296875 0.361111 0.351562 0.494444 0.473438 0.608333
323 4 0.471875 0.525000 0.548438 0.730556 0.746875 0.888889
125 4 0.221875 0.119444 0.254688 0.191667 0.350000 0.216667
