133 4 0.251563 0.069444 0.270313 0.119444 0.387500 0.130556
129 4 0.340625 0.011111 0.365625 0.052778 0.523438 0.036111
126 4 0.315625 0.058333 0.343750 0.102778 0.487500 0.111111
125 4 0.221875 0.119444 0.254688 0.188889 0.348438 0.213889
123 4 0.275000 0.338889 0.329688 0.466667 0.439063 0.572222
119 5 0.003125 0.308333 0.293750 0.994444 0.151562 0.808333
118 4 0.268750 0.147222 0.306250 0.222222 0.423438 0.258333
117 4 0.203125 0.622222 0.315625 0.894444 0.360938 1.072222
114 5 0.314063 0.136111 0.364063 0.286111 0.496875 0.280556
103 4 0.450000 0.305556 0.510938 0.469444 0.706250 0.541667
