287 5 0.307812 0.008333 0.334375 0.072222 0.475000 0.044444
283 4 0.334375 0.072222 0.354687 0.111111 0.512500 0.127778
281 4 0.323437 0.116667 0.350000 0.158333 0.498437 0.197222
280 5 0.435937 0.286111 0.501563 0.386111 0.687500 0.480556
266 4 0.332813 0.188889 0.365625 0.266667 0.515625 0.322222
264 4 0.384375 0.138889 0.410938 0.180556 0.590625 0.230556
261 4 0.254688 0.213889 0.298438 0.291667 0.403125 0.358333
252 4 0.398438 0.166667 0.429688 0.225000 0.614062 0.280556
248 4 0.323437 0.266667 0.365625 0.383333 0.506250 0.458333
235 4 0.432812 0.286111 0.503125 0.386111 0.684375 0.480556
234 4 0.270313 0.405556 0.346875 0.588889 0.443750 0.700000
222 4 0.240625 0.294444 0.289062 0.391667 0.385937 0.491667
206 4 0.190625 0.380556 0.253125 0.505556 0.317188 0.633333
189 4 0.042188 0.572222 0.173437 0.838889 0.129688 0.991667
144 4 0.448437 0.522222 0.518750 0.713889 0.707812 0.880556
128 4 0.456250 0.369444 0.515625 0.530556 0.714063 0.636111
125 4 0.221875 0.116667 0.253125 0.191667 0.348438 0.213889
