161 4 0.843750 0.455556 0.945312 0.622222 1.317187 0.766667
159 4 0.253125 0.069444 0.270313 0.116667 0.389062 0.127778
157 4 0.321875 0.188889 0.362500 0.272222 0.503125 0.325000
156 4 0.392188 0.130556 0.448437 0.255556 0.617188 0.258333
153 4 0.310937 0.005556 0.332813 0.061111 0.476562 0.036111
152 4 0.325000 0.113889 0.356250 0.175000 0.503125 0.202778
150 4 0.273438 0.105556 0.303125 0.163889 0.425000 0.188889
147 5 0.393750 0.127778 0.450000 0.252778 0.618750 0.252778
144 4 0.442188 0.327778 0.510938 0.469444 0.696875 0.563889
142 4 0.259375 0.366667 0.348438 0.655556 0.432812 0.694444
138 4 0.251563 0.213889 0.298438 0.313889 0.401562 0.372222
128 4 0.418750 0.211111 0.468750 0.333333 0.653125 0.377778
126 4 0.309375 0.275000 0.360938 0.408333 0.490625 0.480556
125 4 0.221875 0.119444 0.254688 0.191667 0.350000 0.216667
123 4 0.181250 0.700000 0.293750 1.000000 0.329688 1.202778
103 4 0.467187 0.533333 0.543750 0.797222 0.739062 0.933333
