165 4 0.273438 0.030556 0.303125 0.080556 0.425000 0.069444
164 4 0.231250 0.408333 0.342187 0.752778 0.403125 0.783333
163 4 0.000000 0.905556 0.060937 1.000000 0.031250 1.405556
162 4 0.268750 0.077778 0.307812 0.133333 0.423438 0.144444
157 4 0.320312 0.236111 0.362500 0.308333 0.501563 0.388889
156 5 0.398438 0.141667 0.451562 0.275000 0.625000 0.280556
153 4 0.315625 0.036111 0.340625 0.102778 0.485938 0.088889
150 4 0.257812 0.166667 0.296875 0.255556 0.407813 0.297222
144 4 0.456250 0.369444 0.507812 0.508333 0.710938 0.625000
138 4 0.201563 0.311111 0.270313 0.458333 0.337500 0.541667
128 4 0.429688 0.252778 0.484375 0.377778 0.671875 0.441667
126 4 0.303125 0.280556 0.360938 0.425000 0.484375 0.494444
125 4 0.221875 0.119444 0.254688 0.194444 0.350000 0.216667
103 4 0.468750 0.550000 0.546875 0.822222 0.742188 0.961111
