341 5 0.275000 0.027778 0.304688 0.086111 0.428125 0.072222
340 4 0.398438 0.188889 0.440625 0.272222 0.618750 0.325000
333 4 0.273438 0.027778 0.306250 0.086111 0.426563 0.072222
330 4 0.387500 0.144444 0.418750 0.197222 0.596875 0.244444
327 4 0.440625 0.286111 0.490625 0.388889 0.685937 0.480556
323 4 0.371875 0.108333 0.398438 0.152778 0.571875 0.186111
313 4 0.250000 0.252778 0.290625 0.330556 0.396875 0.419444
310 4 0.159375 0.422222 0.248438 0.611111 0.282813 0.727778
299 5 0.310937 0.072222 0.365625 0.216667 0.495312 0.180556
283 4 0.315625 0.277778 0.360938 0.375000 0.496875 0.466667
281 4 0.256250 0.480556 0.340625 0.677778 0.428125 0.822222
222 4 0.003125 0.713889 0.146875 0.997222 0.076563 1.213889
125 4 0.220312 0.116667 0.256250 0.191667 0.348438 0.211111
