236 4 0.318750 0.072222 0.342187 0.116667 0.490625 0.130556
235 5 0.443750 0.286111 0.500000 0.383333 0.693750 0.477778
234 5 0.325000 0.122222 0.354687 0.216667 0.503125 0.233333
233 4 0.307812 0.000000 0.325000 0.030556 0.470313 0.016667
230 4 0.001563 0.786111 0.115625 0.997222 0.059375 1.286111
225 4 0.326562 0.130556 0.356250 0.216667 0.504687 0.238889
222 4 0.285938 0.061111 0.307812 0.108333 0.440625 0.116667
214 4 0.440625 0.286111 0.501563 0.380556 0.692187 0.477778
208 4 0.326562 0.116667 0.351562 0.158333 0.501563 0.197222
206 4 0.275000 0.102778 0.300000 0.152778 0.425000 0.180556
189 4 0.262500 0.152778 0.298438 0.227778 0.412500 0.266667
178 4 0.253125 0.238889 0.296875 0.325000 0.401562 0.400000
170 4 0.139063 0.427778 0.240625 0.627778 0.260937 0.741667
144 4 0.450000 0.519444 0.518750 0.716667 0.710938 0.877778
128 4 0.457813 0.375000 0.515625 0.530556 0.715625 0.641667
125 4 0.223438 0.119444 0.254688 0.191667 0.351562 0.216667
