353 4 0.306250 0.000000 0.325000 0.033333 0.470313 0.016667
352 4 0.278125 0.025000 0.303125 0.077778 0.429688 0.063889
347 4 0.309375 0.030556 0.339062 0.075000 0.479687 0.069444
344 4 0.314063 0.072222 0.340625 0.116667 0.485938 0.130556
333 5 0.264062 0.094444 0.310937 0.191667 0.420312 0.191667
330 4 0.395313 0.169444 0.442188 0.277778 0.617188 0.308333
327 4 0.457813 0.530556 0.535937 0.727778 0.726562 0.894444
323 4 0.373437 0.116667 0.404687 0.169444 0.576562 0.200000
313 4 0.178125 0.377778 0.250000 0.519444 0.303125 0.638889
310 4 0.079687 0.550000 0.204687 0.780556 0.182812 0.941667
299 4 0.295312 0.163889 0.364063 0.400000 0.478125 0.363889
283 4 0.160938 0.697222 0.298438 1.005556 0.310937 1.200000
125 4 0.220312 0.116667 0.254688 0.191667 0.348438 0.213889
