301 4 0.367188 0.086111 0.393750 0.119444 0.564063 0.147222
299 5 0.310937 0.022222 0.345313 0.133333 0.484375 0.088889
291 4 0.373437 0.113889 0.396875 0.152778 0.571875 0.191667
285 4 0.323437 0.261111 0.371875 0.363889 0.510938 0.444444
283 4 0.318750 0.133333 0.354687 0.197222 0.496875 0.233333
281 4 0.326562 0.194444 0.357812 0.269444 0.506250 0.330556
280 4 0.431250 0.297222 0.506250 0.408333 0.685937 0.502778
266 4 0.285938 0.391667 0.359375 0.572222 0.465625 0.677778
264 4 0.387500 0.144444 0.412500 0.188889 0.595313 0.238889
261 4 0.220312 0.302778 0.273438 0.430556 0.357812 0.516667
252 4 0.398438 0.177778 0.432812 0.225000 0.615625 0.291667
222 4 0.173437 0.430556 0.251563 0.597222 0.300000 0.730556
206 4 0.000000 0.705556 0.140625 0.972222 0.070312 1.191667
144 4 0.445312 0.591667 0.521875 0.819444 0.706250 1.000000
128 4 0.456250 0.386111 0.520312 0.569444 0.715625 0.669444
125 4 0.220312 0.122222 0.256250 0.202778 0.348438 0.222222
