367 4 0.360938 0.072222 0.384375 0.119444 0.553125 0.130556
366 5 0.254688 0.172222 0.312500 0.297222 0.410938 0.322222
364 4 0.373437 0.111111 0.406250 0.161111 0.578125 0.191667
363 4 0.270313 0.069444 0.307812 0.147222 0.425000 0.144444
361 4 0.318750 0.191667 0.364063 0.277778 0.501563 0.330556
352 5 0.270313 0.072222 0.307812 0.147222 0.425000 0.144444
347 4 0.312500 0.058333 0.339062 0.105556 0.482812 0.111111
344 4 0.314063 0.102778 0.346875 0.163889 0.487500 0.186111
330 4 0.423438 0.250000 0.475000 0.347222 0.660937 0.425000
323 4 0.387500 0.158333 0.425000 0.213889 0.600000 0.263889
125 4 0.220312 0.113889 0.262500 0.197222 0.351562 0.213889
