157 4 0.320312 0.186111 0.362500 0.272222 0.501563 0.322222
156 4 0.395313 0.122222 0.446875 0.225000 0.618750 0.236111
153 4 0.309375 0.005556 0.332813 0.058333 0.476562 0.033333
152 4 0.323437 0.105556 0.354687 0.169444 0.501563 0.191667
150 4 0.275000 0.100000 0.303125 0.155556 0.426563 0.177778
147 5 0.395313 0.122222 0.448437 0.227778 0.620313 0.236111
144 4 0.445312 0.333333 0.507812 0.466667 0.698438 0.566667
142 4 0.259375 0.363889 0.350000 0.655556 0.434375 0.691667
138 4 0.256250 0.202778 0.301563 0.302778 0.407813 0.355556
128 4 0.418750 0.211111 0.465625 0.327778 0.651563 0.375000
126 4 0.309375 0.269444 0.364063 0.408333 0.492188 0.475000
125 4 0.223438 0.122222 0.253125 0.188889 0.350000 0.216667
123 4 0.192188 0.705556 0.292187 0.980556 0.339062 1.197222
103 4 0.468750 0.533333 0.545312 0.805556 0.742188 0.936111
