364 4 0.371875 0.094444 0.396875 0.136111 0.570312 0.163889
363 4 0.276562 0.036111 0.306250 0.105556 0.429688 0.091667
361 4 0.325000 0.150000 0.357812 0.219444 0.504687 0.258333
356 5 0.257812 0.133333 0.310937 0.244444 0.414062 0.258333
352 5 0.276562 0.036111 0.306250 0.105556 0.429688 0.088889
347 4 0.314063 0.047222 0.335938 0.086111 0.482812 0.091667
344 4 0.315625 0.083333 0.343750 0.136111 0.489063 0.152778
340 4 0.442188 0.300000 0.501563 0.452778 0.692187 0.527778
333 4 0.257812 0.133333 0.310937 0.244444 0.414062 0.258333
330 4 0.409375 0.211111 0.456250 0.286111 0.637500 0.355556
327 4 0.465625 0.825000 0.571875 1.011111 0.751563 1.330556
323 4 0.379688 0.133333 0.410938 0.180556 0.585938 0.225000
310 4 0.078125 0.552778 0.200000 0.797222 0.178125 0.952778
125 4 0.221875 0.116667 0.254688 0.197222 0.350000 0.216667
