428 4 0.321875 0.205556 0.375000 0.294444 0.510938 0.352778
427 5 0.198437 0.280556 0.273438 0.483333 0.335938 0.525000
425 4 0.400000 0.172222 0.450000 0.280556 0.626563 0.313889
423 4 0.315625 0.050000 0.339062 0.088889 0.485938 0.094444
421 4 0.196875 0.283333 0.273438 0.480556 0.334375 0.525000
401 4 0.454688 0.330556 0.510938 0.463889 0.709375 0.563889
389 4 0.254688 0.216667 0.296875 0.319444 0.403125 0.377778
388 4 0.156250 0.730556 0.289062 1.011111 0.301563 1.236111
367 4 0.421875 0.850000 0.515625 1.011111 0.679688 1.355556
125 4 0.220312 0.113889 0.254688 0.194444 0.348438 0.211111
