242 4 0.326562 0.130556 0.354687 0.175000 0.504687 0.216667
240 4 0.315625 0.052778 0.337500 0.088889 0.484375 0.097222
238 4 0.257812 0.383333 0.348438 0.650000 0.431250 0.708333
236 4 0.321875 0.080556 0.342187 0.122222 0.493750 0.141667
235 5 0.440625 0.286111 0.501563 0.383333 0.690625 0.477778
234 4 0.326562 0.155556 0.360938 0.241667 0.507812 0.277778
222 4 0.281250 0.077778 0.309375 0.133333 0.435937 0.147222
214 4 0.439063 0.283333 0.503125 0.380556 0.690625 0.472222
212 4 0.329688 0.230556 0.368750 0.322222 0.515625 0.391667
206 4 0.270313 0.127778 0.296875 0.180556 0.418750 0.219444
189 4 0.259375 0.183333 0.295312 0.269444 0.407813 0.319444
178 4 0.231250 0.277778 0.285938 0.386111 0.375000 0.472222
170 4 0.071875 0.552778 0.200000 0.783333 0.171875 0.947222
144 4 0.450000 0.519444 0.517188 0.716667 0.709375 0.877778
128 4 0.456250 0.372222 0.515625 0.530556 0.715625 0.638889
125 4 0.223438 0.119444 0.253125 0.191667 0.350000 0.216667
