214 4 0.434375 0.255556 0.500000 0.380556 0.684375 0.447222
213 4 0.328125 0.150000 0.357812 0.200000 0.507812 0.252778
212 4 0.323437 0.111111 0.350000 0.161111 0.498437 0.191667
209 4 0.284375 0.016667 0.304688 0.055556 0.437500 0.047222
208 4 0.321875 0.077778 0.345313 0.116667 0.495312 0.138889
206 4 0.279687 0.050000 0.301563 0.091667 0.431250 0.097222
200 4 0.318750 0.197222 0.364063 0.330556 0.501563 0.361111
189 4 0.271875 0.091667 0.298438 0.147222 0.421875 0.163889
178 4 0.268750 0.147222 0.301563 0.213889 0.420312 0.255556
171 4 0.270313 0.488889 0.350000 0.697222 0.445312 0.836111
170 4 0.235937 0.272222 0.290625 0.383333 0.382812 0.463889
162 4 0.164062 0.438889 0.248438 0.602778 0.289062 0.741667
144 4 0.451562 0.522222 0.517188 0.713889 0.710938 0.880556
128 4 0.456250 0.366667 0.514062 0.533333 0.714063 0.633333
125 4 0.221875 0.113889 0.254688 0.191667 0.350000 0.211111
