281 4 0.323437 0.108333 0.346875 0.147222 0.496875 0.180556
280 4 0.442188 0.286111 0.501563 0.383333 0.693750 0.477778
278 4 0.001563 0.744444 0.135937 1.000000 0.070312 1.244444
275 4 0.746875 0.652778 0.860938 0.908333 1.178125 1.108333
266 4 0.331250 0.163889 0.357812 0.222222 0.510938 0.275000
264 4 0.379688 0.122222 0.404687 0.169444 0.582812 0.208333
261 4 0.273438 0.133333 0.307812 0.200000 0.428125 0.233333
260 4 0.364063 0.088889 0.385937 0.136111 0.557813 0.158333
253 4 0.415625 0.211111 0.453125 0.283333 0.642188 0.355556
248 4 0.329688 0.222222 0.367188 0.316667 0.514062 0.380556
235 5 0.440625 0.286111 0.500000 0.383333 0.690625 0.480556
234 4 0.306250 0.322222 0.354687 0.450000 0.484375 0.547222
222 4 0.257812 0.233333 0.301563 0.325000 0.409375 0.397222
212 4 0.226562 0.627778 0.331250 0.886111 0.392188 1.072222
206 4 0.221875 0.319444 0.271875 0.422222 0.357812 0.530556
189 4 0.120313 0.458333 0.217188 0.652778 0.229687 0.786111
144 4 0.448437 0.522222 0.518750 0.713889 0.709375 0.880556
128 4 0.454688 0.369444 0.515625 0.533333 0.714063 0.636111
125 4 0.223438 0.119444 0.256250 0.194444 0.351562 0.216667
