214 4 0.434375 0.258333 0.500000 0.380556 0.684375 0.450000
213 4 0.326562 0.147222 0.357812 0.194444 0.506250 0.244444
212 4 0.323437 0.108333 0.350000 0.158333 0.498437 0.188889
211 4 0.362500 0.069444 0.389062 0.105556 0.557813 0.122222
209 4 0.284375 0.016667 0.304688 0.052778 0.437500 0.044444
208 4 0.320312 0.077778 0.345313 0.116667 0.493750 0.138889
206 4 0.279687 0.044444 0.301563 0.088889 0.431250 0.088889
200 4 0.318750 0.188889 0.365625 0.322222 0.501563 0.352778
189 4 0.271875 0.088889 0.298438 0.141667 0.421875 0.161111
178 4 0.270313 0.144444 0.303125 0.205556 0.421875 0.247222
171 4 0.273438 0.458333 0.353125 0.672222 0.450000 0.797222
170 4 0.240625 0.266667 0.292187 0.375000 0.387500 0.455556
162 4 0.167187 0.433333 0.251563 0.591667 0.293750 0.730556
144 4 0.451562 0.522222 0.517188 0.713889 0.710938 0.880556
128 4 0.457813 0.366667 0.515625 0.530556 0.715625 0.633333
125 4 0.221875 0.113889 0.256250 0.200000 0.350000 0.216667
