337 4 0.310937 0.013889 0.334375 0.069444 0.478125 0.050000
333 4 0.276562 0.025000 0.304688 0.077778 0.428125 0.066667
330 4 0.384375 0.147222 0.415625 0.194444 0.592187 0.244444
327 4 0.434375 0.263889 0.485938 0.372222 0.678125 0.450000
313 4 0.253125 0.227778 0.296875 0.308333 0.401562 0.383333
310 4 0.171875 0.411111 0.250000 0.586111 0.296875 0.702778
299 5 0.309375 0.061111 0.364063 0.211111 0.492188 0.166667
285 4 0.151562 0.763889 0.295312 1.005556 0.300000 1.266667
283 4 0.318750 0.255556 0.362500 0.344444 0.500000 0.427778
281 4 0.281250 0.422222 0.346875 0.588889 0.454688 0.716667
125 4 0.221875 0.116667 0.254688 0.200000 0.350000 0.216667
