149 4 0.315625 0.036111 0.339062 0.077778 0.485938 0.075000
147 5 0.373437 0.075000 0.414062 0.147222 0.581250 0.150000
144 4 0.435937 0.261111 0.484375 0.361111 0.678125 0.441667
142 4 0.276562 0.325000 0.356250 0.597222 0.454688 0.625000
140 4 0.192188 0.361111 0.273438 0.530556 0.329688 0.625000
138 4 0.276562 0.102778 0.307812 0.169444 0.431250 0.188889
129 4 0.373437 0.072222 0.412500 0.147222 0.579688 0.147222
128 4 0.396875 0.138889 0.434375 0.219444 0.614062 0.250000
126 4 0.317188 0.180556 0.362500 0.283333 0.498437 0.322222
125 4 0.220312 0.119444 0.257812 0.194444 0.350000 0.216667
123 4 0.210938 0.597222 0.307812 0.825000 0.365625 1.011111
103 4 0.467187 0.494444 0.534375 0.722222 0.734375 0.855556
