286 4 0.365625 0.100000 0.390625 0.144444 0.560937 0.172222
285 4 0.328125 0.144444 0.357812 0.183333 0.507812 0.236111
283 4 0.335938 0.061111 0.357812 0.100000 0.515625 0.111111
282 5 0.304688 0.000000 0.331250 0.058333 0.470313 0.030556
281 4 0.323437 0.113889 0.348438 0.150000 0.498437 0.188889
280 5 0.437500 0.286111 0.500000 0.386111 0.687500 0.480556
266 4 0.331250 0.177778 0.364063 0.250000 0.514062 0.302778
264 4 0.381250 0.130556 0.410938 0.177778 0.585938 0.219444
261 4 0.264062 0.172222 0.304688 0.255556 0.417187 0.302778
252 4 0.396875 0.163889 0.429688 0.222222 0.612500 0.275000
248 4 0.323437 0.250000 0.367188 0.383333 0.507812 0.441667
235 4 0.434375 0.286111 0.501563 0.386111 0.685937 0.480556
234 4 0.287500 0.369444 0.348438 0.525000 0.460938 0.633333
222 4 0.248438 0.263889 0.295312 0.372222 0.396875 0.450000
212 4 0.170313 0.791667 0.300000 1.002778 0.321875 1.291667
206 4 0.201563 0.358333 0.260937 0.472222 0.332813 0.594444
189 4 0.075000 0.527778 0.200000 0.769444 0.175000 0.913889
144 4 0.448437 0.522222 0.518750 0.713889 0.707812 0.877778
128 4 0.457813 0.369444 0.514062 0.530556 0.715625 0.636111
125 4 0.220312 0.119444 0.256250 0.197222 0.348438 0.216667
