304 4 0.275000 0.033333 0.301563 0.080556 0.426563 0.075000
303 4 0.310937 0.080556 0.343750 0.116667 0.482812 0.138889
302 4 0.346875 0.041667 0.371875 0.077778 0.532813 0.080556
301 4 0.364063 0.075000 0.389062 0.113889 0.557813 0.133333
300 4 0.712500 0.644444 0.831250 0.913889 1.128125 1.100000
299 5 0.309375 0.008333 0.343750 0.108333 0.481250 0.063889
291 4 0.371875 0.116667 0.398438 0.161111 0.571875 0.197222
285 4 0.332813 0.219444 0.370312 0.305556 0.518750 0.372222
283 4 0.317188 0.119444 0.350000 0.172222 0.493750 0.205556
281 4 0.323437 0.169444 0.357812 0.230556 0.503125 0.286111
280 4 0.440625 0.286111 0.501563 0.386111 0.692187 0.480556
266 4 0.312500 0.308333 0.364063 0.430556 0.495312 0.522222
264 4 0.385937 0.144444 0.412500 0.188889 0.593750 0.238889
261 4 0.226562 0.272222 0.282813 0.397222 0.368750 0.472222
252 4 0.400000 0.172222 0.431250 0.227778 0.615625 0.286111
248 4 0.229687 0.544444 0.329688 0.805556 0.395313 0.947222
235 5 0.439063 0.288889 0.501563 0.388889 0.690625 0.483333
222 4 0.192188 0.369444 0.265625 0.541667 0.325000 0.638889
206 4 0.068750 0.597222 0.184375 0.805556 0.160938 1.000000
144 4 0.445312 0.527778 0.518750 0.738889 0.704688 0.897222
128 4 0.457813 0.375000 0.517188 0.541667 0.717187 0.644444
125 4 0.220312 0.116667 0.256250 0.191667 0.348438 0.211111
