147 4 0.368750 0.066667 0.406250 0.136111 0.571875 0.136111
144 4 0.434375 0.247222 0.479687 0.341667 0.675000 0.419444
142 4 0.281250 0.313889 0.359375 0.572222 0.462500 0.600000
140 4 0.210938 0.338889 0.279687 0.483333 0.351562 0.583333
138 4 0.279687 0.091667 0.309375 0.155556 0.434375 0.172222
129 5 0.367188 0.066667 0.404687 0.133333 0.570312 0.133333
128 4 0.393750 0.130556 0.429688 0.208333 0.607812 0.236111
126 4 0.318750 0.161111 0.359375 0.258333 0.498437 0.291667
125 4 0.221875 0.119444 0.254688 0.191667 0.350000 0.213889
123 4 0.212500 0.588889 0.310937 0.808333 0.367188 0.994444
119 5 -0.001563 0.561111 0.184375 0.997222 0.089063 1.061111
103 4 0.465625 0.477778 0.532813 0.700000 0.732812 0.827778
