312 4 0.373437 0.108333 0.395313 0.147222 0.571875 0.183333
310 4 0.214062 0.311111 0.271875 0.452778 0.350000 0.538889
301 4 0.368750 0.086111 0.392188 0.119444 0.565625 0.147222
299 5 0.309375 0.033333 0.350000 0.150000 0.484375 0.108333
285 4 0.315625 0.305556 0.368750 0.433333 0.500000 0.522222
283 4 0.321875 0.147222 0.359375 0.225000 0.501563 0.261111
281 4 0.320312 0.219444 0.364063 0.308333 0.503125 0.375000
280 4 0.442188 0.305556 0.509375 0.419444 0.698438 0.513889
266 4 0.243750 0.527778 0.334375 0.736111 0.410938 0.897222
264 4 0.389062 0.147222 0.409375 0.191667 0.593750 0.244444
252 4 0.398438 0.175000 0.432812 0.227778 0.615625 0.288889
222 4 0.150000 0.461111 0.243750 0.652778 0.271875 0.788889
206 4 0.000000 0.802778 0.093750 1.000000 0.045312 1.302778
144 4 0.429688 0.700000 0.521875 1.000000 0.690625 1.200000
128 4 0.442188 0.408333 0.521875 0.625000 0.704688 0.722222
125 4 0.220312 0.122222 0.257812 0.200000 0.350000 0.225000
