146 4 0.315625 0.058333 0.339062 0.105556 0.485938 0.111111
144 4 0.426563 0.219444 0.470313 0.311111 0.660937 0.375000
142 4 0.290625 0.280556 0.357812 0.519444 0.470313 0.538889
140 4 0.239063 0.275000 0.296875 0.408333 0.387500 0.480556
138 4 0.278125 0.072222 0.307812 0.133333 0.432812 0.138889
129 4 0.360938 0.055556 0.396875 0.113889 0.560937 0.111111
128 4 0.385937 0.122222 0.420312 0.183333 0.596875 0.213889
126 4 0.314063 0.130556 0.360938 0.216667 0.493750 0.238889
125 4 0.221875 0.116667 0.253125 0.191667 0.348438 0.213889
123 4 0.229687 0.558333 0.312500 0.772222 0.385937 0.944444
119 5 0.003125 0.508333 0.203125 0.994444 0.104688 1.008333
103 4 0.465625 0.458333 0.529687 0.655556 0.729688 0.786111
