417 4 0.234375 0.222222 0.290625 0.363889 0.379688 0.405556
414 4 0.000000 0.730556 0.123438 1.002778 0.062500 1.233333
406 4 0.271875 0.133333 0.309375 0.186111 0.426563 0.227778
403 5 0.234375 0.219444 0.292187 0.366667 0.381250 0.402778
401 4 0.410938 0.200000 0.453125 0.277778 0.637500 0.338889
395 4 0.379688 0.116667 0.412500 0.180556 0.585938 0.208333
389 4 0.259375 0.169444 0.300000 0.247222 0.409375 0.294444
388 4 0.300000 0.361111 0.357812 0.491667 0.479687 0.608333
367 4 0.439063 0.336111 0.493750 0.463889 0.685937 0.569444
364 4 0.470313 0.713889 0.554688 1.008333 0.748437 1.219444
125 4 0.221875 0.116667 0.254688 0.188889 0.350000 0.213889
