401 4 0.379688 0.111111 0.407813 0.158333 0.582812 0.191667
400 5 0.193750 0.330556 0.270313 0.463889 0.328125 0.561111
398 4 0.001563 0.755556 0.129688 1.000000 0.067187 1.255556
395 4 0.360938 0.061111 0.385937 0.113889 0.554688 0.119444
392 4 0.321875 0.058333 0.342187 0.100000 0.493750 0.108333
389 4 0.264062 0.111111 0.304688 0.180556 0.417187 0.202778
388 4 0.323437 0.180556 0.359375 0.252778 0.504687 0.308333
383 4 0.115625 0.480556 0.221875 0.672222 0.226562 0.816667
367 4 0.393750 0.169444 0.435937 0.277778 0.612500 0.308333
364 4 0.437500 0.258333 0.485938 0.358333 0.681250 0.438889
361 4 0.170313 0.755556 0.293750 1.008333 0.318750 1.258333
352 4 0.253125 0.169444 0.300000 0.288889 0.403125 0.316667
344 4 0.309375 0.305556 0.357812 0.422222 0.489063 0.516667
323 4 0.465625 0.411111 0.528125 0.566667 0.729688 0.694444
125 4 0.221875 0.119444 0.253125 0.188889 0.348438 0.216667
