407 4 0.206250 0.300000 0.271875 0.369444 0.342187 0.486111
406 4 0.270313 0.080556 0.307812 0.133333 0.425000 0.147222
404 4 0.315625 0.047222 0.335938 0.080556 0.484375 0.088889
403 4 0.250000 0.183333 0.298438 0.302778 0.400000 0.336111
401 4 0.384375 0.125000 0.415625 0.180556 0.592187 0.216667
400 5 0.182812 0.341667 0.265625 0.483333 0.315625 0.583333
398 4 0.001563 0.858333 0.089063 1.000000 0.046875 1.358333
395 4 0.364063 0.075000 0.392188 0.125000 0.560937 0.138889
392 4 0.323437 0.075000 0.346875 0.113889 0.498437 0.133333
389 4 0.265625 0.130556 0.304688 0.194444 0.418750 0.227778
388 4 0.325000 0.211111 0.365625 0.291667 0.507812 0.358333
383 4 0.098437 0.511111 0.209375 0.716667 0.203125 0.869444
367 4 0.401562 0.208333 0.448437 0.288889 0.626563 0.352778
364 4 0.448437 0.297222 0.507812 0.427778 0.703125 0.511111
352 5 0.250000 0.186111 0.298438 0.305556 0.400000 0.338889
344 4 0.293750 0.375000 0.350000 0.511111 0.468750 0.630556
323 4 0.471875 0.538889 0.551562 0.758333 0.748437 0.919444
125 4 0.220312 0.119444 0.254688 0.194444 0.348438 0.216667
