414 4 0.000000 0.613889 0.160938 0.911111 0.081250 1.069444
406 4 0.273438 0.122222 0.309375 0.172222 0.428125 0.211111
404 4 0.318750 0.061111 0.340625 0.105556 0.489063 0.113889
403 4 0.239063 0.208333 0.293750 0.350000 0.385937 0.383333
401 4 0.403125 0.172222 0.440625 0.250000 0.623437 0.297222
395 5 0.371875 0.080556 0.406250 0.166667 0.575000 0.163889
389 4 0.264062 0.155556 0.300000 0.236111 0.414062 0.272222
388 4 0.310937 0.305556 0.362500 0.422222 0.492188 0.516667
367 4 0.431250 0.297222 0.487500 0.405556 0.675000 0.500000
364 4 0.475000 0.530556 0.550000 0.727778 0.750000 0.894444
344 4 0.207813 0.591667 0.312500 0.841667 0.364063 1.013889
125 4 0.223438 0.122222 0.253125 0.188889 0.350000 0.216667
