385 5 0.190625 0.052778 0.253125 0.136111 0.317188 0.119444
380 4 0.275000 0.038889 0.303125 0.088889 0.426563 0.083333
378 4 0.009375 0.502778 0.309375 0.994444 0.165625 1.000000
367 4 0.368750 0.100000 0.395313 0.141667 0.567187 0.172222
366 5 0.235937 0.225000 0.300000 0.361111 0.385937 0.408333
364 4 0.387500 0.138889 0.421875 0.202778 0.598437 0.241667
361 4 0.314063 0.288889 0.367188 0.397222 0.498437 0.486111
352 5 0.264062 0.094444 0.306250 0.202778 0.417187 0.197222
344 4 0.314063 0.141667 0.353125 0.222222 0.492188 0.252778
330 4 0.446875 0.330556 0.507812 0.463889 0.700000 0.561111
323 4 0.404687 0.205556 0.451562 0.280556 0.631250 0.347222
125 4 0.220312 0.119444 0.254688 0.186111 0.348438 0.213889
