169 4 0.298438 0.313889 0.359375 0.458333 0.478125 0.544444
168 5 0.317188 0.036111 0.343750 0.125000 0.489063 0.100000
167 4 0.765625 0.605556 0.887500 0.844444 1.209375 1.030556
164 4 0.207813 0.455556 0.334375 0.833333 0.375000 0.875000
162 4 0.271875 0.100000 0.307812 0.155556 0.426563 0.177778
157 4 0.317188 0.250000 0.362500 0.327778 0.498437 0.416667
153 4 0.315625 0.038889 0.345313 0.122222 0.489063 0.102778
150 4 0.253125 0.202778 0.296875 0.288889 0.401562 0.347222
147 4 0.398438 0.150000 0.456250 0.272222 0.626563 0.286111
144 4 0.454688 0.377778 0.509375 0.522222 0.709375 0.638889
138 4 0.175000 0.361111 0.257812 0.525000 0.304688 0.622222
128 4 0.429688 0.261111 0.487500 0.394444 0.673438 0.458333
125 4 0.221875 0.119444 0.254688 0.188889 0.350000 0.213889
103 4 0.467187 0.552778 0.543750 0.819444 0.739062 0.963889
