337 4 0.310937 0.013889 0.332813 0.069444 0.478125 0.047222
333 4 0.276562 0.025000 0.304688 0.077778 0.429688 0.066667
331 4 0.400000 0.180556 0.437500 0.238889 0.618750 0.300000
330 4 0.385937 0.144444 0.414062 0.194444 0.593750 0.241667
327 4 0.434375 0.263889 0.485938 0.372222 0.678125 0.450000
313 4 0.253125 0.225000 0.296875 0.305556 0.401562 0.380556
310 4 0.171875 0.408333 0.250000 0.583333 0.296875 0.700000
299 5 0.310937 0.061111 0.364063 0.211111 0.492188 0.166667
285 4 0.154688 0.750000 0.295312 1.005556 0.303125 1.255556
283 4 0.318750 0.255556 0.362500 0.341667 0.500000 0.427778
281 4 0.282813 0.416667 0.348438 0.583333 0.456250 0.708333
125 4 0.221875 0.116667 0.254688 0.200000 0.350000 0.216667
