378 4 0.009375 0.425000 0.351562 1.000000 0.185938 0.925000
367 4 0.365625 0.088889 0.392188 0.130556 0.560937 0.155556
366 5 0.242188 0.208333 0.303125 0.344444 0.393750 0.380556
364 4 0.379688 0.125000 0.414062 0.183333 0.587500 0.216667
361 4 0.323437 0.255556 0.367188 0.341667 0.507812 0.427778
352 5 0.267188 0.086111 0.306250 0.183333 0.421875 0.177778
347 4 0.312500 0.075000 0.340625 0.122222 0.482812 0.136111
344 4 0.314063 0.127778 0.348438 0.191667 0.489063 0.225000
330 4 0.434375 0.294444 0.496875 0.402778 0.682813 0.497222
323 4 0.395313 0.177778 0.440625 0.272222 0.615625 0.316667
125 4 0.217188 0.125000 0.256250 0.188889 0.346875 0.219444
