283 4 0.335938 0.058333 0.359375 0.097222 0.515625 0.105556
282 5 0.303125 0.000000 0.329688 0.052778 0.468750 0.027778
281 4 0.323437 0.111111 0.348438 0.150000 0.498437 0.186111
280 5 0.437500 0.286111 0.500000 0.383333 0.687500 0.477778
278 4 0.000000 0.855556 0.081250 1.000000 0.040625 1.358333
275 4 0.732812 0.813889 0.850000 1.008333 1.157812 1.319444
266 4 0.331250 0.172222 0.364063 0.241667 0.514062 0.291667
264 4 0.381250 0.127778 0.409375 0.172222 0.585938 0.213889
261 4 0.265625 0.155556 0.304688 0.238889 0.418750 0.275000
252 4 0.396875 0.163889 0.429688 0.213889 0.612500 0.272222
248 4 0.328125 0.241667 0.368750 0.344444 0.512500 0.413889
235 4 0.435937 0.286111 0.501563 0.386111 0.687500 0.480556
234 4 0.293750 0.350000 0.350000 0.494444 0.468750 0.597222
222 4 0.250000 0.261111 0.298438 0.352778 0.400000 0.438889
212 4 0.185938 0.727778 0.320312 1.008333 0.346875 1.230556
206 4 0.207813 0.347222 0.264062 0.455556 0.340625 0.575000
189 4 0.095312 0.505556 0.203125 0.725000 0.196875 0.869444
144 4 0.450000 0.519444 0.517188 0.711111 0.709375 0.877778
128 4 0.456250 0.369444 0.515625 0.530556 0.714063 0.636111
125 4 0.221875 0.119444 0.254688 0.191667 0.350000 0.216667
