323 4 0.371875 0.111111 0.395313 0.152778 0.570312 0.188889
321 4 0.387500 0.144444 0.409375 0.191667 0.592187 0.241667
313 4 0.268750 0.144444 0.304688 0.208333 0.421875 0.250000
310 4 0.201563 0.347222 0.267188 0.486111 0.335938 0.588889
299 5 0.309375 0.044444 0.354687 0.163889 0.487500 0.127778
285 4 0.282813 0.433333 0.353125 0.594444 0.459375 0.733333
283 4 0.326562 0.186111 0.357812 0.261111 0.506250 0.316667
281 4 0.320312 0.280556 0.362500 0.377778 0.501563 0.469444
280 4 0.445312 0.300000 0.518750 0.472222 0.704688 0.536111
266 4 0.153125 0.775000 0.290625 1.005556 0.298438 1.277778
222 4 0.104688 0.519444 0.220312 0.752778 0.214062 0.897222
128 4 0.460938 0.513889 0.537500 0.763889 0.729688 0.897222
125 4 0.218750 0.122222 0.260937 0.208333 0.350000 0.225000
