188 4 0.250000 0.069444 0.270313 0.116667 0.385937 0.127778
187 4 0.410938 0.172222 0.473438 0.300000 0.648438 0.322222
186 4 0.312500 0.033333 0.337500 0.075000 0.481250 0.069444
185 5 0.321875 0.116667 0.359375 0.219444 0.501563 0.225000
178 4 0.281250 0.055556 0.303125 0.094444 0.432812 0.105556
171 4 0.329688 0.236111 0.368750 0.325000 0.514062 0.400000
170 4 0.262500 0.138889 0.303125 0.216667 0.414062 0.247222
162 4 0.257812 0.227778 0.304688 0.311111 0.410938 0.383333
157 4 0.300000 0.386111 0.357812 0.522222 0.479687 0.650000
153 4 0.321875 0.116667 0.359375 0.213889 0.501563 0.225000
150 4 0.154688 0.411111 0.242188 0.566667 0.276562 0.694444
147 5 0.410938 0.175000 0.475000 0.302778 0.648438 0.325000
144 4 0.451562 0.508333 0.518750 0.700000 0.710938 0.858333
138 4 0.001563 0.750000 0.107813 0.997222 0.056250 1.247222
128 4 0.445312 0.336111 0.514062 0.516667 0.703125 0.594444
125 4 0.221875 0.116667 0.254688 0.194444 0.350000 0.213889
