206 4 0.284375 0.033333 0.303125 0.069444 0.435937 0.069444
205 4 0.315625 0.038889 0.337500 0.075000 0.484375 0.077778
201 4 0.429688 0.230556 0.495312 0.380556 0.678125 0.422222
200 5 0.320312 0.152778 0.365625 0.297222 0.503125 0.300000
189 4 0.275000 0.072222 0.300000 0.119444 0.425000 0.130556
186 4 0.320312 0.075000 0.342187 0.108333 0.490625 0.130556
178 4 0.273438 0.122222 0.304688 0.180556 0.426563 0.213889
171 4 0.300000 0.394444 0.362500 0.544444 0.481250 0.666667
170 4 0.254688 0.230556 0.298438 0.322222 0.404687 0.394444
162 4 0.203125 0.366667 0.273438 0.500000 0.340625 0.616667
157 4 0.179688 0.791667 0.307812 1.005556 0.332813 1.294444
153 4 0.320312 0.155556 0.365625 0.294444 0.503125 0.305556
150 4 0.000000 0.769444 0.101562 1.000000 0.050000 1.269444
144 4 0.450000 0.519444 0.517188 0.716667 0.709375 0.877778
128 4 0.453125 0.372222 0.515625 0.533333 0.710938 0.638889
125 4 0.223438 0.119444 0.254688 0.191667 0.350000 0.216667
