229 4 0.379688 0.113889 0.409375 0.158333 0.584375 0.194444
225 4 0.326562 0.138889 0.354687 0.194444 0.504687 0.236111
224 5 0.303125 0.263889 0.364063 0.447222 0.485938 0.486111
222 4 0.284375 0.044444 0.307812 0.088889 0.439063 0.091667
219 4 0.301563 0.261111 0.364063 0.450000 0.484375 0.486111
214 4 0.440625 0.280556 0.501563 0.383333 0.690625 0.472222
208 4 0.323437 0.105556 0.351562 0.155556 0.500000 0.183333
206 4 0.271875 0.086111 0.301563 0.136111 0.423438 0.152778
189 4 0.265625 0.133333 0.300000 0.197222 0.415625 0.230556
178 4 0.256250 0.205556 0.300000 0.283333 0.407813 0.347222
171 4 0.168750 0.786111 0.295312 1.005556 0.317188 1.288889
170 4 0.179688 0.350000 0.259375 0.530556 0.310937 0.616667
144 4 0.451562 0.519444 0.517188 0.716667 0.710938 0.877778
128 4 0.454688 0.369444 0.512500 0.533333 0.710938 0.636111
125 4 0.223438 0.116667 0.253125 0.188889 0.350000 0.211111
