401 4 0.375000 0.100000 0.401562 0.147222 0.576562 0.175000
400 5 0.201563 0.311111 0.276562 0.441667 0.340625 0.533333
398 4 0.003125 0.702778 0.151562 1.000000 0.079687 1.205556
395 4 0.357812 0.055556 0.385937 0.108333 0.551562 0.111111
392 4 0.320312 0.050000 0.340625 0.091667 0.490625 0.097222
389 4 0.273438 0.097222 0.306250 0.163889 0.426563 0.180556
388 4 0.318750 0.155556 0.357812 0.227778 0.496875 0.269444
383 4 0.125000 0.458333 0.221875 0.647222 0.237500 0.783333
367 4 0.389062 0.150000 0.425000 0.225000 0.601562 0.263889
364 4 0.428125 0.227778 0.473438 0.319444 0.665625 0.388889
361 4 0.217188 0.627778 0.321875 0.891667 0.379688 1.075000
352 4 0.254688 0.158333 0.301563 0.280556 0.406250 0.300000
344 4 0.314063 0.275000 0.357812 0.375000 0.493750 0.463889
330 4 0.482812 0.713889 0.578125 1.008333 0.771875 1.219444
323 4 0.456250 0.341667 0.514062 0.483333 0.712500 0.583333
125 4 0.221875 0.119444 0.253125 0.191667 0.348438 0.216667
