213 4 0.326562 0.147222 0.357812 0.194444 0.506250 0.244444
212 4 0.323437 0.111111 0.350000 0.155556 0.498437 0.188889
211 4 0.360938 0.072222 0.390625 0.105556 0.556250 0.125000
209 4 0.284375 0.016667 0.304688 0.052778 0.437500 0.041667
208 4 0.320312 0.077778 0.345313 0.116667 0.493750 0.136111
206 4 0.279687 0.044444 0.301563 0.088889 0.431250 0.088889
200 4 0.318750 0.186111 0.365625 0.319444 0.501563 0.347222
189 4 0.271875 0.086111 0.298438 0.141667 0.421875 0.158333
178 4 0.270313 0.144444 0.301563 0.205556 0.421875 0.250000
171 4 0.275000 0.452778 0.354687 0.661111 0.453125 0.786111
170 4 0.240625 0.266667 0.292187 0.372222 0.387500 0.452778
162 4 0.168750 0.433333 0.253125 0.586111 0.295312 0.727778
144 4 0.451562 0.522222 0.518750 0.713889 0.710938 0.880556
128 4 0.456250 0.366667 0.515625 0.530556 0.715625 0.633333
125 4 0.221875 0.119444 0.257812 0.205556 0.350000 0.222222
