144 4 0.420312 0.205556 0.460938 0.283333 0.651563 0.347222
142 4 0.300000 0.261111 0.365625 0.466667 0.482812 0.494444
141 4 0.753125 0.666667 0.881250 0.930556 1.193750 1.133333
140 4 0.256250 0.255556 0.301563 0.361111 0.407813 0.436111
138 4 0.278125 0.061111 0.307812 0.116667 0.431250 0.119444
129 4 0.354687 0.041667 0.389062 0.097222 0.550000 0.091667
128 4 0.378125 0.083333 0.412500 0.155556 0.584375 0.161111
126 4 0.312500 0.105556 0.356250 0.183333 0.490625 0.200000
125 4 0.221875 0.116667 0.254688 0.188889 0.348438 0.211111
123 4 0.240625 0.513889 0.317188 0.716667 0.400000 0.872222
119 5 0.000000 0.488889 0.226562 0.997222 0.110937 0.988889
103 4 0.464062 0.422222 0.526563 0.625000 0.728125 0.733333
