300 4 0.767188 0.502778 0.895312 0.697222 1.215625 0.852778
299 5 0.307812 0.011111 0.342187 0.105556 0.479687 0.063889
291 4 0.370312 0.111111 0.393750 0.161111 0.568750 0.191667
285 4 0.331250 0.202778 0.370312 0.275000 0.517188 0.338889
283 4 0.318750 0.105556 0.346875 0.158333 0.492188 0.186111
281 4 0.325000 0.155556 0.356250 0.208333 0.503125 0.261111
280 5 0.440625 0.286111 0.501563 0.383333 0.692187 0.477778
266 4 0.323437 0.269444 0.371875 0.380556 0.510938 0.461111
264 4 0.387500 0.144444 0.410938 0.191667 0.593750 0.241667
261 4 0.235937 0.261111 0.285938 0.377778 0.379688 0.450000
252 4 0.396875 0.161111 0.432812 0.227778 0.614062 0.275000
248 4 0.271875 0.416667 0.351562 0.638889 0.448437 0.738889
235 4 0.442188 0.286111 0.501563 0.380556 0.693750 0.477778
222 4 0.203125 0.363889 0.271875 0.505556 0.339062 0.616667
206 4 0.104688 0.530556 0.203125 0.719444 0.206250 0.888889
144 4 0.446875 0.525000 0.518750 0.719444 0.706250 0.883333
128 4 0.457813 0.369444 0.514062 0.533333 0.715625 0.636111
125 4 0.223438 0.119444 0.253125 0.194444 0.350000 0.216667
