182 4 0.250000 0.066667 0.270313 0.116667 0.385937 0.125000
180 5 0.409375 0.166667 0.468750 0.291667 0.645312 0.313889
179 4 0.317188 0.047222 0.339062 0.086111 0.487500 0.091667
178 4 0.276562 0.036111 0.303125 0.075000 0.428125 0.075000
171 4 0.321875 0.208333 0.371875 0.300000 0.507812 0.358333
170 4 0.264062 0.130556 0.306250 0.191667 0.417187 0.227778
169 4 0.204687 0.516667 0.326562 0.791667 0.368750 0.911111
162 4 0.264062 0.202778 0.306250 0.275000 0.417187 0.341667
157 4 0.310937 0.322222 0.360938 0.450000 0.492188 0.547222
153 5 0.312500 0.083333 0.357812 0.202778 0.490625 0.186111
150 4 0.192188 0.352778 0.257812 0.477778 0.320312 0.591667
147 4 0.407813 0.169444 0.468750 0.288889 0.643750 0.313889
144 4 0.451562 0.488889 0.517188 0.666667 0.710938 0.825000
138 4 0.000000 0.630556 0.165625 0.941667 0.082812 1.102778
128 4 0.443750 0.311111 0.509375 0.477778 0.698438 0.550000
125 4 0.220312 0.119444 0.256250 0.194444 0.348438 0.216667
