169 4 0.298438 0.311111 0.360938 0.450000 0.479687 0.536111
168 5 0.317188 0.041667 0.342187 0.122222 0.489063 0.102778
167 4 0.778125 0.561111 0.903125 0.780556 1.229688 0.952778
164 4 0.212500 0.455556 0.337500 0.819444 0.381250 0.863889
162 4 0.271875 0.094444 0.306250 0.150000 0.426563 0.169444
157 4 0.321875 0.244444 0.362500 0.327778 0.503125 0.408333
153 4 0.317188 0.047222 0.343750 0.119444 0.490625 0.108333
150 4 0.254688 0.194444 0.296875 0.275000 0.403125 0.333333
147 4 0.398438 0.147222 0.456250 0.269444 0.626563 0.283333
144 4 0.456250 0.375000 0.509375 0.516667 0.710938 0.633333
138 4 0.179688 0.352778 0.259375 0.511111 0.310937 0.608333
128 4 0.431250 0.258333 0.485938 0.391667 0.675000 0.455556
125 4 0.223438 0.116667 0.253125 0.186111 0.350000 0.211111
103 4 0.467187 0.555556 0.546875 0.827778 0.740625 0.969444
