372 4 0.353125 0.047222 0.375000 0.086111 0.540625 0.088889
371 4 0.132812 0.277778 0.435937 0.886111 0.351562 0.719444
367 4 0.362500 0.072222 0.384375 0.119444 0.554688 0.133333
366 5 0.251563 0.172222 0.312500 0.300000 0.407813 0.322222
364 4 0.375000 0.116667 0.406250 0.163889 0.579688 0.200000
361 4 0.318750 0.194444 0.364063 0.283333 0.500000 0.336111
352 5 0.270313 0.072222 0.307812 0.147222 0.425000 0.147222
347 4 0.312500 0.061111 0.339062 0.108333 0.482812 0.116667
344 4 0.315625 0.105556 0.348438 0.166667 0.490625 0.188889
340 4 0.464062 0.458333 0.523438 0.616667 0.725000 0.766667
330 4 0.425000 0.250000 0.476562 0.350000 0.664062 0.425000
323 4 0.389062 0.158333 0.426563 0.213889 0.603125 0.266667
125 4 0.221875 0.116667 0.264062 0.197222 0.353125 0.213889
