208 4 0.320312 0.080556 0.345313 0.116667 0.493750 0.138889
206 4 0.284375 0.041667 0.301563 0.080556 0.434375 0.083333
201 4 0.429688 0.236111 0.498437 0.394444 0.679688 0.433333
189 4 0.270313 0.077778 0.300000 0.133333 0.420312 0.144444
178 4 0.271875 0.138889 0.303125 0.200000 0.423438 0.238889
171 4 0.284375 0.444444 0.353125 0.619444 0.460938 0.755556
170 4 0.245312 0.258333 0.293750 0.355556 0.392188 0.438889
162 4 0.182812 0.413889 0.260937 0.552778 0.314063 0.691667
153 5 0.321875 0.183333 0.364063 0.313889 0.504687 0.338889
144 4 0.450000 0.519444 0.518750 0.713889 0.709375 0.877778
128 4 0.454688 0.363889 0.515625 0.530556 0.712500 0.630556
125 4 0.221875 0.119444 0.254688 0.188889 0.350000 0.216667
