421 4 0.220312 0.247222 0.285938 0.416667 0.362500 0.458333
420 4 0.329688 0.144444 0.364063 0.230556 0.512500 0.261111
418 4 0.321875 0.088889 0.350000 0.150000 0.496875 0.163889
417 5 0.218750 0.250000 0.284375 0.416667 0.362500 0.458333
406 4 0.267188 0.141667 0.304688 0.211111 0.420312 0.247222
401 4 0.434375 0.266667 0.479687 0.355556 0.675000 0.444444
395 4 0.392188 0.147222 0.429688 0.227778 0.607812 0.261111
389 4 0.256250 0.191667 0.300000 0.277778 0.406250 0.330556
388 4 0.246875 0.505556 0.334375 0.713889 0.415625 0.861111
367 4 0.432812 0.502778 0.509375 0.705556 0.687500 0.855556
125 4 0.221875 0.116667 0.254688 0.188889 0.350000 0.211111
