310 4 0.214062 0.311111 0.271875 0.450000 0.350000 0.536111
299 5 0.309375 0.033333 0.348438 0.144444 0.484375 0.108333
285 4 0.317188 0.302778 0.370312 0.422222 0.503125 0.513889
283 4 0.325000 0.147222 0.359375 0.219444 0.504687 0.258333
281 4 0.323437 0.216667 0.365625 0.302778 0.506250 0.369444
280 4 0.443750 0.302778 0.509375 0.413889 0.698438 0.511111
266 4 0.250000 0.511111 0.339062 0.711111 0.420312 0.869444
264 4 0.387500 0.147222 0.409375 0.191667 0.592187 0.244444
252 4 0.398438 0.175000 0.432812 0.227778 0.615625 0.288889
222 4 0.151562 0.458333 0.246875 0.644444 0.275000 0.780556
206 4 0.001563 0.786111 0.104688 1.000000 0.054688 1.288889
144 4 0.429688 0.683333 0.520312 0.988889 0.690625 1.180556
128 4 0.450000 0.397222 0.523438 0.613889 0.710938 0.705556
125 4 0.220312 0.122222 0.256250 0.200000 0.350000 0.222222
