44 4 0.276562 0.033333 0.303125 0.069444 0.428125 0.069444
43 5 0.265625 0.072222 0.312500 0.219444 0.421875 0.183333
38 4 0.350000 0.033333 0.375000 0.066667 0.537500 0.069444
37 4 0.320312 0.052778 0.339062 0.086111 0.490625 0.094444
30 4 0.281250 0.069444 0.303125 0.108333 0.432812 0.125000
24 4 0.421875 0.202778 0.460938 0.280556 0.653125 0.341667
23 4 0.321875 0.125000 0.356250 0.197222 0.501563 0.222222
22 4 0.315625 0.230556 0.356250 0.316667 0.493750 0.388889
19 4 0.231250 0.455556 0.312500 0.636111 0.387500 0.775000
5 4 0.223438 0.125000 0.260937 0.186111 0.353125 0.219444
