300 4 0.784375 0.483333 0.910937 0.661111 1.240625 0.813889
299 5 0.309375 0.011111 0.340625 0.102778 0.479687 0.063889
292 4 0.359375 0.055556 0.384375 0.100000 0.551562 0.105556
291 4 0.371875 0.113889 0.395313 0.161111 0.568750 0.194444
285 4 0.332813 0.200000 0.367188 0.272222 0.515625 0.336111
283 4 0.318750 0.105556 0.346875 0.152778 0.492188 0.183333
281 4 0.325000 0.150000 0.356250 0.202778 0.503125 0.252778
266 4 0.325000 0.255556 0.376563 0.383333 0.514062 0.447222
264 4 0.385937 0.144444 0.412500 0.191667 0.592187 0.241667
261 4 0.235937 0.255556 0.285938 0.372222 0.379688 0.441667
252 4 0.398438 0.161111 0.431250 0.227778 0.614062 0.275000
248 4 0.281250 0.405556 0.356250 0.608333 0.459375 0.711111
235 4 0.442188 0.283333 0.501563 0.380556 0.693750 0.475000
222 4 0.206250 0.350000 0.271875 0.497222 0.343750 0.600000
206 4 0.114062 0.519444 0.207813 0.702778 0.217188 0.872222
144 4 0.448437 0.522222 0.517188 0.716667 0.707812 0.880556
128 4 0.456250 0.372222 0.514062 0.530556 0.714063 0.638889
125 4 0.223438 0.119444 0.253125 0.191667 0.350000 0.213889
