157 4 0.320312 0.186111 0.362500 0.272222 0.501563 0.325000
156 4 0.395313 0.122222 0.448437 0.225000 0.620313 0.236111
153 4 0.309375 0.005556 0.332813 0.058333 0.476562 0.036111
150 4 0.273438 0.100000 0.303125 0.158333 0.425000 0.180556
147 5 0.395313 0.122222 0.448437 0.230556 0.620313 0.238889
144 4 0.442188 0.330556 0.509375 0.466667 0.696875 0.566667
142 4 0.260937 0.363889 0.348438 0.655556 0.435937 0.691667
138 4 0.254688 0.208333 0.301563 0.308333 0.404687 0.363889
128 4 0.418750 0.211111 0.465625 0.330556 0.651563 0.375000
126 4 0.309375 0.269444 0.362500 0.408333 0.490625 0.475000
125 4 0.223438 0.122222 0.253125 0.188889 0.350000 0.216667
123 4 0.189062 0.702778 0.293750 0.988889 0.335938 1.197222
103 4 0.468750 0.533333 0.545312 0.805556 0.740625 0.936111
