409 4 0.184375 0.344444 0.273438 0.475000 0.321875 0.583333
408 5 0.193750 0.052778 0.251563 0.122222 0.320312 0.113889
407 4 0.207813 0.294444 0.273438 0.369444 0.345313 0.480556
406 4 0.270313 0.080556 0.306250 0.130556 0.423438 0.147222
404 4 0.315625 0.047222 0.335938 0.080556 0.484375 0.086111
403 5 0.250000 0.177778 0.298438 0.297222 0.400000 0.327778
401 4 0.382812 0.122222 0.412500 0.175000 0.589063 0.208333
398 4 0.001563 0.802778 0.103125 1.000000 0.053125 1.302778
395 4 0.364063 0.075000 0.392188 0.125000 0.559375 0.138889
389 4 0.264062 0.122222 0.304688 0.191667 0.417187 0.219444
388 4 0.323437 0.208333 0.364063 0.283333 0.506250 0.350000
383 4 0.096875 0.497222 0.215625 0.708333 0.206250 0.852778
367 4 0.398438 0.197222 0.446875 0.277778 0.621875 0.338889
364 4 0.448437 0.297222 0.501563 0.408333 0.698438 0.502778
352 4 0.251563 0.177778 0.296875 0.297222 0.400000 0.327778
344 4 0.300000 0.350000 0.353125 0.480556 0.476562 0.591667
323 4 0.470313 0.500000 0.542188 0.691667 0.742188 0.847222
125 4 0.220312 0.119444 0.254688 0.191667 0.348438 0.213889
