313 4 0.273438 0.113889 0.306250 0.175000 0.426563 0.202778
310 4 0.206250 0.330556 0.270313 0.469444 0.342187 0.566667
299 5 0.309375 0.041667 0.353125 0.152778 0.485938 0.116667
285 4 0.306250 0.361111 0.364063 0.500000 0.489063 0.613889
283 4 0.325000 0.166667 0.357812 0.236111 0.504687 0.286111
281 4 0.323437 0.250000 0.364063 0.333333 0.506250 0.416667
280 4 0.440625 0.311111 0.514062 0.458333 0.696875 0.538889
266 4 0.200000 0.622222 0.314063 0.897222 0.356250 1.072222
264 4 0.387500 0.144444 0.409375 0.188889 0.592187 0.238889
252 4 0.396875 0.175000 0.432812 0.225000 0.614062 0.288889
222 4 0.132812 0.497222 0.232813 0.700000 0.250000 0.847222
206 4 0.001563 0.888889 0.059375 0.997222 0.031250 1.388889
144 4 0.435937 0.825000 0.517188 1.002778 0.695312 1.327778
128 4 0.460938 0.444444 0.532813 0.672222 0.728125 0.783333
125 4 0.221875 0.122222 0.256250 0.197222 0.350000 0.222222
