356 4 0.265625 0.130556 0.312500 0.191667 0.421875 0.227778
355 4 0.267188 0.097222 0.306250 0.133333 0.420312 0.166667
353 4 0.306250 0.000000 0.326562 0.036111 0.470313 0.016667
352 4 0.278125 0.027778 0.303125 0.077778 0.429688 0.066667
347 4 0.310937 0.033333 0.337500 0.075000 0.479687 0.072222
344 4 0.314063 0.075000 0.340625 0.119444 0.484375 0.136111
333 5 0.265625 0.119444 0.310937 0.200000 0.421875 0.219444
330 4 0.396875 0.175000 0.446875 0.277778 0.620313 0.316667
327 4 0.459375 0.555556 0.539062 0.766667 0.729688 0.938889
323 4 0.375000 0.116667 0.404687 0.166667 0.576562 0.202778
313 4 0.176563 0.383333 0.251563 0.530556 0.301563 0.647222
310 4 0.078125 0.547222 0.204687 0.783333 0.181250 0.938889
283 4 0.159375 0.741667 0.292187 1.005556 0.304688 1.244444
125 4 0.221875 0.116667 0.254688 0.188889 0.350000 0.211111
