214 4 0.432812 0.241667 0.500000 0.380556 0.682813 0.433333
213 4 0.326562 0.136111 0.357812 0.202778 0.506250 0.238889
208 4 0.321875 0.086111 0.346875 0.127778 0.495312 0.150000
206 4 0.279687 0.058333 0.301563 0.097222 0.431250 0.105556
200 4 0.318750 0.208333 0.364063 0.350000 0.501563 0.383333
189 4 0.273438 0.097222 0.298438 0.152778 0.423438 0.175000
178 4 0.265625 0.152778 0.304688 0.225000 0.418750 0.266667
171 4 0.259375 0.525000 0.346875 0.738889 0.432812 0.894444
170 4 0.229687 0.277778 0.289062 0.400000 0.373437 0.480556
162 4 0.146875 0.472222 0.239063 0.636111 0.267188 0.791667
144 4 0.450000 0.522222 0.518750 0.713889 0.709375 0.880556
128 4 0.456250 0.366667 0.512500 0.533333 0.714063 0.636111
125 4 0.223438 0.119444 0.253125 0.188889 0.350000 0.213889
