238 4 0.290625 0.297222 0.356250 0.508333 0.468750 0.552778
236 4 0.318750 0.069444 0.342187 0.111111 0.490625 0.127778
235 5 0.442188 0.286111 0.501563 0.386111 0.693750 0.480556
233 4 0.307812 0.000000 0.325000 0.030556 0.470313 0.016667
230 4 0.000000 0.772222 0.120313 1.000000 0.060937 1.272222
229 4 0.385937 0.127778 0.417187 0.177778 0.595313 0.216667
225 4 0.328125 0.138889 0.356250 0.211111 0.506250 0.244444
222 4 0.285938 0.058333 0.306250 0.105556 0.439063 0.113889
214 4 0.440625 0.286111 0.500000 0.380556 0.692187 0.477778
212 4 0.329688 0.202778 0.367188 0.272222 0.512500 0.338889
208 4 0.325000 0.113889 0.351562 0.155556 0.501563 0.191667
206 4 0.273438 0.100000 0.300000 0.150000 0.423438 0.175000
189 4 0.262500 0.150000 0.298438 0.222222 0.412500 0.261111
178 4 0.254688 0.233333 0.296875 0.319444 0.403125 0.394444
170 4 0.150000 0.425000 0.243750 0.613889 0.271875 0.733333
144 4 0.450000 0.516667 0.517188 0.716667 0.709375 0.875000
128 4 0.454688 0.375000 0.515625 0.530556 0.712500 0.641667
125 4 0.223438 0.119444 0.254688 0.191667 0.351562 0.216667
