427 4 0.204687 0.263889 0.281250 0.452778 0.345313 0.491667
425 4 0.395313 0.158333 0.442188 0.277778 0.617188 0.300000
423 4 0.317188 0.047222 0.335938 0.083333 0.485938 0.088889
421 5 0.204687 0.266667 0.278125 0.450000 0.343750 0.491667
406 4 0.260937 0.138889 0.312500 0.227778 0.417187 0.252778
401 4 0.446875 0.297222 0.496875 0.408333 0.696875 0.502778
395 5 0.393750 0.155556 0.443750 0.283333 0.617188 0.300000
389 4 0.257812 0.211111 0.298438 0.300000 0.407813 0.361111
388 4 0.204687 0.627778 0.310937 0.905556 0.360938 1.083333
367 4 0.425000 0.663889 0.517188 0.969444 0.684375 1.150000
125 4 0.221875 0.116667 0.254688 0.191667 0.350000 0.213889
