361 4 0.318750 0.127778 0.357812 0.186111 0.498437 0.222222
358 4 0.348438 0.033333 0.373437 0.083333 0.535937 0.075000
356 4 0.262500 0.113889 0.314063 0.205556 0.418750 0.216667
353 4 0.307812 0.000000 0.325000 0.036111 0.470313 0.016667
352 4 0.276562 0.027778 0.303125 0.086111 0.428125 0.072222
347 4 0.309375 0.030556 0.339062 0.077778 0.479687 0.069444
344 4 0.315625 0.077778 0.340625 0.122222 0.487500 0.141667
340 4 0.434375 0.286111 0.485938 0.386111 0.678125 0.480556
333 5 0.260937 0.100000 0.310937 0.219444 0.417187 0.211111
330 4 0.398438 0.183333 0.448437 0.280556 0.623437 0.322222
327 4 0.464062 0.602778 0.548438 0.844444 0.739062 1.027778
323 4 0.375000 0.119444 0.406250 0.172222 0.578125 0.205556
313 4 0.175000 0.391667 0.248438 0.533333 0.298438 0.658333
310 4 0.075000 0.541667 0.207813 0.788889 0.179688 0.936111
283 4 0.145313 0.822222 0.262500 1.005556 0.276562 1.327778
125 4 0.223438 0.116667 0.253125 0.188889 0.350000 0.211111
