313 4 0.271875 0.102778 0.304688 0.152778 0.425000 0.180556
312 4 0.373437 0.108333 0.395313 0.147222 0.571875 0.183333
310 4 0.215625 0.322222 0.271875 0.455556 0.351562 0.550000
301 4 0.368750 0.086111 0.390625 0.119444 0.564063 0.147222
299 5 0.310937 0.030556 0.350000 0.147222 0.485938 0.105556
285 4 0.315625 0.325000 0.367188 0.447222 0.500000 0.550000
283 4 0.323437 0.152778 0.359375 0.227778 0.503125 0.266667
281 4 0.320312 0.222222 0.364063 0.316667 0.503125 0.380556
280 4 0.443750 0.302778 0.510938 0.422222 0.700000 0.513889
266 4 0.229687 0.547222 0.326562 0.772222 0.393750 0.933333
264 4 0.387500 0.144444 0.409375 0.194444 0.592187 0.241667
252 4 0.400000 0.177778 0.431250 0.230556 0.615625 0.291667
222 4 0.148438 0.469444 0.240625 0.658333 0.268750 0.800000
206 4 0.000000 0.822222 0.089063 1.000000 0.045312 1.322222
144 4 0.432812 0.702778 0.521875 1.000000 0.695312 1.205556
128 4 0.446875 0.413889 0.526563 0.622222 0.709375 0.725000
125 4 0.220312 0.122222 0.259375 0.200000 0.350000 0.222222
