367 4 0.359375 0.069444 0.385937 0.108333 0.553125 0.125000
366 5 0.256250 0.144444 0.312500 0.258333 0.412500 0.275000
364 4 0.371875 0.094444 0.400000 0.144444 0.571875 0.166667
363 4 0.275000 0.052778 0.306250 0.119444 0.428125 0.113889
361 4 0.318750 0.152778 0.364063 0.247222 0.501563 0.275000
356 4 0.256250 0.144444 0.312500 0.261111 0.412500 0.275000
352 5 0.273438 0.038889 0.306250 0.127778 0.426563 0.102778
347 4 0.314063 0.050000 0.337500 0.094444 0.482812 0.097222
344 4 0.315625 0.086111 0.343750 0.147222 0.487500 0.161111
340 4 0.450000 0.352778 0.510938 0.483333 0.706250 0.597222
330 4 0.417187 0.219444 0.460938 0.308333 0.646875 0.375000
323 4 0.384375 0.138889 0.415625 0.194444 0.592187 0.236111
310 4 0.075000 0.552778 0.200000 0.805556 0.175000 0.955556
125 4 0.221875 0.119444 0.254688 0.191667 0.350000 0.213889
