289 4 0.712500 0.788889 0.826562 1.005556 1.126562 1.291667
285 4 0.331250 0.180556 0.367188 0.252778 0.515625 0.308333
283 4 0.320312 0.097222 0.346875 0.144444 0.493750 0.169444
281 4 0.325000 0.138889 0.353125 0.188889 0.501563 0.236111
280 5 0.439063 0.283333 0.500000 0.383333 0.689063 0.477778
266 4 0.331250 0.241667 0.368750 0.330556 0.515625 0.408333
264 4 0.385937 0.144444 0.409375 0.188889 0.590625 0.238889
261 4 0.242188 0.252778 0.285938 0.355556 0.385937 0.430556
252 4 0.396875 0.155556 0.432812 0.225000 0.614062 0.269444
248 4 0.300000 0.363889 0.359375 0.527778 0.479687 0.630556
235 4 0.440625 0.283333 0.501563 0.386111 0.692187 0.477778
234 4 0.139063 0.683333 0.281250 1.005556 0.279687 1.188889
222 4 0.217188 0.341667 0.276562 0.477778 0.356250 0.580556
206 4 0.135937 0.483333 0.220312 0.641667 0.246875 0.805556
189 4 0.000000 0.805556 0.075000 1.000000 0.037500 1.305556
144 4 0.448437 0.522222 0.517188 0.711111 0.707812 0.877778
128 4 0.457813 0.369444 0.512500 0.533333 0.714063 0.636111
125 4 0.221875 0.119444 0.256250 0.191667 0.351562 0.216667
