344 4 0.314063 0.050000 0.335938 0.091667 0.482812 0.097222
341 5 0.270313 0.055556 0.307812 0.133333 0.425000 0.122222
340 4 0.410938 0.213889 0.453125 0.280556 0.637500 0.355556
333 4 0.271875 0.058333 0.307812 0.125000 0.425000 0.122222
330 4 0.390625 0.155556 0.425000 0.211111 0.603125 0.261111
327 4 0.443750 0.336111 0.510938 0.475000 0.700000 0.575000
323 4 0.371875 0.102778 0.401562 0.163889 0.573438 0.186111
313 4 0.217188 0.305556 0.271875 0.422222 0.353125 0.516667
310 4 0.112500 0.502778 0.218750 0.722222 0.223438 0.863889
299 5 0.310937 0.100000 0.368750 0.275000 0.495312 0.238889
283 4 0.289062 0.386111 0.350000 0.536111 0.464062 0.655556
222 4 0.000000 0.847222 0.089063 0.997222 0.045312 1.347222
125 4 0.220312 0.111111 0.254688 0.202778 0.348438 0.213889
