151 4 0.321875 0.105556 0.351562 0.163889 0.498437 0.186111
147 4 0.379688 0.094444 0.420312 0.169444 0.590625 0.177778
144 4 0.443750 0.280556 0.492188 0.386111 0.690625 0.475000
142 4 0.271875 0.347222 0.353125 0.616667 0.448437 0.655556
140 4 0.165625 0.430556 0.250000 0.605556 0.290625 0.733333
138 4 0.276562 0.119444 0.310937 0.194444 0.432812 0.219444
129 5 0.379688 0.091667 0.421875 0.172222 0.590625 0.177778
128 4 0.395313 0.155556 0.443750 0.272222 0.618750 0.291667
126 4 0.315625 0.213889 0.359375 0.325000 0.495312 0.377778
125 4 0.220312 0.119444 0.256250 0.191667 0.350000 0.216667
123 4 0.210938 0.613889 0.304688 0.852778 0.364063 1.041667
103 4 0.467187 0.508333 0.539062 0.755556 0.737500 0.886111
