51 4 0.312500 0.025000 0.334375 0.066667 0.479687 0.058333
47 4 0.323437 0.077778 0.345313 0.122222 0.495312 0.138889
45 4 0.276562 0.077778 0.307812 0.119444 0.429688 0.138889
43 5 0.221875 0.266667 0.284375 0.402778 0.364063 0.469444
37 4 0.328125 0.119444 0.354687 0.161111 0.506250 0.200000
30 4 0.276562 0.133333 0.304688 0.186111 0.429688 0.225000
25 4 0.429688 0.216667 0.470313 0.302778 0.665625 0.369444
24 4 0.454688 0.347222 0.510938 0.497222 0.710938 0.597222
23 4 0.300000 0.311111 0.354687 0.455556 0.478125 0.538889
5 4 0.223438 0.125000 0.259375 0.191667 0.353125 0.222222
