224 5 0.310937 0.233333 0.362500 0.402778 0.493750 0.433333
223 4 0.371875 0.091667 0.403125 0.138889 0.573438 0.163889
222 4 0.281250 0.036111 0.306250 0.077778 0.434375 0.075000
214 4 0.440625 0.283333 0.501563 0.383333 0.692187 0.475000
212 4 0.328125 0.166667 0.364063 0.236111 0.510938 0.286111
208 4 0.323437 0.091667 0.350000 0.133333 0.498437 0.158333
206 4 0.275000 0.075000 0.301563 0.119444 0.426563 0.136111
189 4 0.268750 0.116667 0.300000 0.180556 0.418750 0.208333
178 4 0.259375 0.183333 0.300000 0.255556 0.409375 0.311111
171 4 0.206250 0.663889 0.317188 0.958333 0.365625 1.144444
170 4 0.203125 0.325000 0.271875 0.469444 0.340625 0.561111
162 4 0.076563 0.569444 0.200000 0.786111 0.176563 0.963889
144 4 0.453125 0.522222 0.517188 0.713889 0.712500 0.880556
128 4 0.456250 0.369444 0.512500 0.533333 0.712500 0.636111
125 4 0.220312 0.116667 0.256250 0.211111 0.350000 0.225000
