147 5 0.371875 0.072222 0.409375 0.138889 0.576562 0.141667
146 4 0.317188 0.083333 0.342187 0.127778 0.489063 0.147222
144 4 0.435937 0.255556 0.482812 0.352778 0.676562 0.430556
142 4 0.278125 0.322222 0.356250 0.580556 0.456250 0.613889
140 4 0.204687 0.355556 0.276562 0.500000 0.343750 0.605556
138 4 0.279687 0.100000 0.307812 0.161111 0.434375 0.180556
129 4 0.370312 0.069444 0.409375 0.141667 0.575000 0.141667
128 4 0.395313 0.133333 0.431250 0.213889 0.610938 0.241667
126 4 0.317188 0.172222 0.359375 0.269444 0.496875 0.305556
125 4 0.220312 0.119444 0.257812 0.194444 0.350000 0.216667
123 4 0.212500 0.588889 0.309375 0.813889 0.367188 0.997222
119 5 0.000000 0.569444 0.171875 0.994444 0.084375 1.069444
103 4 0.468750 0.491667 0.532813 0.708333 0.735938 0.847222
