300 4 0.764062 0.508333 0.892188 0.702778 1.209375 0.861111
299 5 0.309375 0.011111 0.342187 0.105556 0.481250 0.063889
291 4 0.371875 0.111111 0.395313 0.161111 0.568750 0.191667
285 4 0.331250 0.202778 0.370312 0.275000 0.517188 0.341667
283 4 0.318750 0.108333 0.346875 0.158333 0.492188 0.188889
281 4 0.325000 0.155556 0.356250 0.208333 0.503125 0.261111
280 5 0.440625 0.286111 0.501563 0.383333 0.692187 0.477778
266 4 0.325000 0.275000 0.370312 0.380556 0.509375 0.463889
264 4 0.387500 0.144444 0.410938 0.191667 0.593750 0.241667
261 4 0.235937 0.261111 0.285938 0.380556 0.379688 0.452778
252 4 0.396875 0.161111 0.432812 0.227778 0.614062 0.275000
248 4 0.267188 0.413889 0.348438 0.641667 0.442188 0.736111
235 4 0.440625 0.286111 0.503125 0.383333 0.692187 0.477778
222 4 0.203125 0.366667 0.270313 0.508333 0.337500 0.622222
206 4 0.104688 0.536111 0.203125 0.725000 0.206250 0.897222
144 4 0.446875 0.525000 0.518750 0.719444 0.706250 0.883333
128 4 0.457813 0.369444 0.514062 0.533333 0.715625 0.636111
125 4 0.223438 0.116667 0.253125 0.191667 0.350000 0.213889
