238 4 0.296875 0.277778 0.357812 0.488889 0.476562 0.522222
237 4 0.250000 0.058333 0.270313 0.113889 0.385937 0.116667
236 4 0.320312 0.066667 0.342187 0.105556 0.490625 0.122222
235 5 0.443750 0.286111 0.500000 0.383333 0.693750 0.477778
233 4 0.307812 0.000000 0.325000 0.027778 0.470313 0.013889
230 4 0.001563 0.736111 0.139063 1.000000 0.071875 1.236111
229 4 0.384375 0.122222 0.415625 0.172222 0.592187 0.208333
225 4 0.325000 0.138889 0.356250 0.205556 0.503125 0.244444
222 4 0.285938 0.055556 0.307812 0.102778 0.440625 0.105556
214 4 0.440625 0.286111 0.501563 0.380556 0.692187 0.477778
212 4 0.329688 0.197222 0.365625 0.263889 0.512500 0.327778
208 4 0.325000 0.111111 0.351562 0.155556 0.501563 0.188889
206 4 0.275000 0.097222 0.298438 0.141667 0.425000 0.169444
189 4 0.262500 0.144444 0.298438 0.213889 0.412500 0.252778
178 4 0.256250 0.225000 0.296875 0.308333 0.404687 0.380556
170 4 0.157812 0.394444 0.248438 0.586111 0.282813 0.688889
144 4 0.450000 0.516667 0.518750 0.716667 0.709375 0.875000
128 4 0.456250 0.372222 0.515625 0.533333 0.714063 0.638889
125 4 0.221875 0.122222 0.254688 0.194444 0.350000 0.219444
