178 4 0.276562 0.033333 0.300000 0.066667 0.426563 0.066667
171 4 0.318750 0.205556 0.370312 0.294444 0.504687 0.352778
170 4 0.270313 0.122222 0.303125 0.177778 0.423438 0.211111
169 4 0.228125 0.475000 0.335938 0.719444 0.396875 0.836111
162 4 0.270313 0.186111 0.306250 0.258333 0.423438 0.316667
157 4 0.310937 0.300000 0.362500 0.419444 0.492188 0.508333
153 5 0.314063 0.077778 0.357812 0.197222 0.492188 0.177778
150 4 0.206250 0.330556 0.267188 0.447222 0.340625 0.555556
147 4 0.409375 0.169444 0.465625 0.286111 0.642188 0.311111
144 4 0.454688 0.466667 0.515625 0.636111 0.712500 0.786111
138 4 0.003125 0.577778 0.181250 0.883333 0.093750 1.019444
128 4 0.443750 0.297222 0.506250 0.461111 0.696875 0.527778
125 4 0.221875 0.119444 0.254688 0.188889 0.350000 0.213889
