400 5 0.200000 0.308333 0.278125 0.438889 0.339062 0.527778
398 4 0.003125 0.683333 0.154688 0.997222 0.081250 1.183333
389 4 0.271875 0.091667 0.304688 0.161111 0.425000 0.172222
388 4 0.315625 0.144444 0.357812 0.219444 0.495312 0.252778
383 4 0.131250 0.455556 0.226562 0.633333 0.245312 0.772222
367 4 0.387500 0.150000 0.421875 0.216667 0.598437 0.258333
364 4 0.423438 0.216667 0.468750 0.305556 0.657813 0.369444
361 4 0.234375 0.591667 0.332813 0.825000 0.400000 1.005556
352 4 0.256250 0.158333 0.301563 0.272222 0.407813 0.294444
344 4 0.315625 0.261111 0.359375 0.358333 0.495312 0.438889
330 4 0.481250 0.672222 0.576562 0.988889 0.768750 1.166667
323 4 0.450000 0.333333 0.507812 0.463889 0.704688 0.566667
125 4 0.220312 0.116667 0.253125 0.191667 0.346875 0.213889
