364 4 0.370312 0.091667 0.400000 0.133333 0.570312 0.158333
362 2 0.278125 0.186111 0.362500 0.477778 0.459375 0.427778
361 4 0.326562 0.141667 0.356250 0.194444 0.506250 0.238889
360 4 0.276562 0.191667 0.359375 0.480556 0.456250 0.430556
352 5 0.273438 0.025000 0.306250 0.091667 0.428125 0.072222
347 4 0.312500 0.044444 0.335938 0.080556 0.481250 0.083333
344 4 0.315625 0.083333 0.340625 0.125000 0.485938 0.147222
340 4 0.440625 0.297222 0.493750 0.400000 0.687500 0.497222
333 5 0.262500 0.125000 0.309375 0.227778 0.417187 0.238889
330 4 0.403125 0.197222 0.448437 0.275000 0.626563 0.336111
327 4 0.468750 0.672222 0.565625 0.972222 0.751563 1.158333
323 4 0.376563 0.127778 0.409375 0.177778 0.581250 0.216667
310 4 0.081250 0.547222 0.201563 0.786111 0.182812 0.941667
125 4 0.223438 0.119444 0.253125 0.188889 0.350000 0.213889
