157 4 0.325000 0.155556 0.362500 0.233333 0.506250 0.272222
156 5 0.393750 0.119444 0.440625 0.208333 0.614062 0.225000
153 4 0.309375 0.002778 0.331250 0.047222 0.475000 0.025000
152 4 0.325000 0.091667 0.351562 0.141667 0.500000 0.161111
150 4 0.273438 0.083333 0.301563 0.133333 0.425000 0.150000
147 4 0.393750 0.119444 0.440625 0.205556 0.614062 0.222222
144 4 0.451562 0.297222 0.503125 0.447222 0.703125 0.522222
142 4 0.259375 0.361111 0.348438 0.644444 0.434375 0.683333
138 4 0.259375 0.175000 0.306250 0.269444 0.412500 0.311111
128 4 0.409375 0.197222 0.460938 0.302778 0.640625 0.347222
126 4 0.312500 0.258333 0.360938 0.383333 0.493750 0.450000
125 4 0.221875 0.116667 0.253125 0.188889 0.348438 0.211111
123 4 0.198437 0.666667 0.300000 0.930556 0.348438 1.133333
103 4 0.467187 0.533333 0.540625 0.786111 0.737500 0.925000
