264 4 0.367188 0.088889 0.393750 0.130556 0.564063 0.155556
261 4 0.292187 0.052778 0.315625 0.097222 0.450000 0.102778
253 4 0.409375 0.188889 0.448437 0.269444 0.634375 0.325000
252 4 0.384375 0.127778 0.414062 0.172222 0.592187 0.213889
248 4 0.329688 0.169444 0.360938 0.225000 0.509375 0.283333
240 4 0.320312 0.080556 0.343750 0.116667 0.492188 0.138889
235 5 0.439063 0.286111 0.501563 0.386111 0.690625 0.480556
234 4 0.320312 0.216667 0.365625 0.311111 0.503125 0.372222
222 4 0.275000 0.136111 0.310937 0.200000 0.431250 0.236111
212 4 0.315625 0.361111 0.365625 0.472222 0.498437 0.600000
206 4 0.256250 0.200000 0.292187 0.272222 0.403125 0.336111
189 4 0.223438 0.272222 0.279687 0.408333 0.364063 0.477778
178 4 0.154688 0.433333 0.243750 0.616667 0.276562 0.741667
144 4 0.451562 0.519444 0.517188 0.716667 0.710938 0.877778
128 4 0.454688 0.369444 0.514062 0.536111 0.712500 0.638889
125 4 0.221875 0.119444 0.256250 0.191667 0.350000 0.213889
