47 4 0.317188 0.044444 0.340625 0.077778 0.487500 0.086111
45 4 0.276562 0.036111 0.303125 0.088889 0.428125 0.080556
43 4 0.257812 0.177778 0.306250 0.277778 0.410938 0.316667
38 4 0.362500 0.055556 0.382812 0.094444 0.554688 0.102778
37 4 0.325000 0.072222 0.345313 0.116667 0.496875 0.130556
30 4 0.276562 0.091667 0.307812 0.138889 0.429688 0.161111
24 4 0.437500 0.261111 0.484375 0.361111 0.679688 0.441667
23 4 0.317188 0.191667 0.360938 0.288889 0.498437 0.338889
22 4 0.292187 0.347222 0.343750 0.466667 0.464062 0.580556
5 4 0.223438 0.122222 0.262500 0.188889 0.354687 0.216667
