144 4 0.418750 0.202778 0.459375 0.280556 0.650000 0.344444
142 4 0.301563 0.261111 0.365625 0.463889 0.484375 0.491667
141 4 0.754687 0.655556 0.882812 0.913889 1.196875 1.113889
140 4 0.257812 0.255556 0.303125 0.355556 0.409375 0.433333
138 4 0.278125 0.058333 0.307812 0.116667 0.431250 0.116667
129 4 0.353125 0.038889 0.387500 0.094444 0.548438 0.088889
128 4 0.378125 0.086111 0.412500 0.155556 0.584375 0.163889
126 4 0.312500 0.105556 0.356250 0.180556 0.490625 0.197222
125 4 0.221875 0.116667 0.254688 0.188889 0.348438 0.211111
123 4 0.240625 0.505556 0.317188 0.711111 0.400000 0.861111
119 5 0.000000 0.483333 0.229687 0.997222 0.114062 0.983333
103 4 0.464062 0.416667 0.526563 0.622222 0.728125 0.727778
