27 4 0.276562 0.030556 0.303125 0.083333 0.428125 0.075000
25 4 0.342187 0.019444 0.365625 0.055556 0.526563 0.047222
24 4 0.362500 0.055556 0.385937 0.094444 0.556250 0.102778
22 4 0.318750 0.055556 0.342187 0.100000 0.490625 0.105556
21 5 0.275000 0.030556 0.304688 0.083333 0.428125 0.072222
19 4 0.312500 0.102778 0.343750 0.152778 0.484375 0.177778
16 4 0.321875 0.144444 0.350000 0.205556 0.496875 0.247222
15 4 0.271875 0.383333 0.332813 0.522222 0.439063 0.644444
5 4 0.223438 0.116667 0.257812 0.194444 0.353125 0.216667
2 4 0.456250 0.547222 0.526563 0.775000 0.718750 0.933333
