182 4 0.250000 0.063889 0.270313 0.116667 0.385937 0.122222
180 5 0.409375 0.166667 0.467187 0.291667 0.642188 0.313889
178 4 0.278125 0.036111 0.304688 0.077778 0.431250 0.075000
171 4 0.326562 0.208333 0.371875 0.300000 0.514062 0.361111
169 4 0.203125 0.525000 0.326562 0.800000 0.367188 0.925000
162 4 0.265625 0.202778 0.307812 0.277778 0.420312 0.341667
157 4 0.309375 0.327778 0.360938 0.455556 0.490625 0.555556
153 5 0.312500 0.088889 0.359375 0.205556 0.492188 0.191667
150 4 0.189062 0.358333 0.256250 0.483333 0.317188 0.600000
147 4 0.409375 0.169444 0.468750 0.288889 0.643750 0.313889
144 4 0.451562 0.491667 0.517188 0.669444 0.710938 0.825000
138 4 0.000000 0.647222 0.162500 0.969444 0.079687 1.133333
128 4 0.442188 0.322222 0.507812 0.483333 0.696875 0.563889
125 4 0.220312 0.119444 0.256250 0.194444 0.348438 0.216667
