275 4 0.810937 0.494444 0.920312 0.680556 1.271875 0.836111
264 4 0.373437 0.113889 0.401562 0.158333 0.575000 0.194444
261 4 0.278125 0.097222 0.309375 0.161111 0.432812 0.177778
260 4 0.362500 0.083333 0.385937 0.125000 0.556250 0.147222
253 4 0.414062 0.208333 0.451562 0.277778 0.640625 0.347222
252 4 0.393750 0.155556 0.423438 0.202778 0.606250 0.258333
248 4 0.331250 0.200000 0.365625 0.280556 0.514062 0.341667
235 5 0.437500 0.288889 0.500000 0.386111 0.687500 0.480556
234 4 0.312500 0.269444 0.360938 0.388889 0.493750 0.463889
222 4 0.271875 0.197222 0.306250 0.272222 0.425000 0.333333
212 4 0.273438 0.497222 0.350000 0.686111 0.448437 0.841667
206 4 0.235937 0.280556 0.279687 0.366667 0.376563 0.463889
189 4 0.168750 0.386111 0.245312 0.552778 0.290625 0.663889
144 4 0.446875 0.522222 0.518750 0.716667 0.706250 0.880556
128 4 0.453125 0.369444 0.514062 0.533333 0.709375 0.636111
125 4 0.221875 0.119444 0.254688 0.191667 0.350000 0.216667
