222 4 0.284375 0.030556 0.304688 0.072222 0.437500 0.066667
220 1 0.275000 0.222222 0.290625 0.308333 0.420312 0.377778
219 4 0.315625 0.222222 0.365625 0.377778 0.498437 0.413889
214 4 0.432812 0.275000 0.500000 0.388889 0.682813 0.469444
212 4 0.326562 0.125000 0.353125 0.175000 0.503125 0.213889
208 4 0.323437 0.097222 0.348438 0.130556 0.498437 0.163889
206 4 0.278125 0.069444 0.300000 0.111111 0.428125 0.125000
189 4 0.271875 0.111111 0.300000 0.166667 0.421875 0.194444
178 4 0.262500 0.172222 0.300000 0.241667 0.414062 0.294444
171 4 0.229687 0.613889 0.328125 0.866667 0.393750 1.047222
170 4 0.215625 0.302778 0.279687 0.438889 0.354687 0.522222
162 4 0.103125 0.527778 0.217188 0.730556 0.210938 0.891667
144 4 0.451562 0.522222 0.518750 0.713889 0.710938 0.877778
128 4 0.456250 0.369444 0.512500 0.533333 0.712500 0.636111
125 4 0.221875 0.116667 0.253125 0.191667 0.348438 0.213889
