259 5 0.325000 0.169444 0.362500 0.266667 0.506250 0.302778
257 4 0.323437 0.108333 0.350000 0.150000 0.498437 0.183333
255 4 0.001563 0.722222 0.132812 0.997222 0.067187 1.222222
253 4 0.398438 0.172222 0.440625 0.261111 0.618750 0.302778
252 4 0.376563 0.111111 0.404687 0.147222 0.579688 0.186111
248 4 0.326562 0.147222 0.357812 0.191667 0.506250 0.244444
240 4 0.318750 0.066667 0.337500 0.102778 0.487500 0.116667
238 4 0.179688 0.541667 0.310937 0.922222 0.335938 1.002778
235 5 0.435937 0.286111 0.500000 0.388889 0.685937 0.480556
234 4 0.326562 0.183333 0.362500 0.263889 0.507812 0.316667
222 4 0.281250 0.105556 0.309375 0.161111 0.435937 0.186111
214 4 0.437500 0.283333 0.503125 0.386111 0.689063 0.477778
212 4 0.328125 0.280556 0.370312 0.380556 0.512500 0.469444
206 4 0.265625 0.150000 0.296875 0.219444 0.414062 0.261111
189 4 0.248438 0.233333 0.290625 0.333333 0.395313 0.400000
178 4 0.204687 0.333333 0.270313 0.475000 0.339062 0.569444
144 4 0.450000 0.522222 0.518750 0.713889 0.710938 0.880556
128 4 0.454688 0.372222 0.510938 0.530556 0.710938 0.638889
125 4 0.223438 0.119444 0.254688 0.188889 0.351562 0.213889
