278 4 0.000000 0.652778 0.167187 0.947222 0.082812 1.125000
275 4 0.785937 0.547222 0.898438 0.744444 1.234375 0.919444
266 4 0.329688 0.155556 0.359375 0.208333 0.509375 0.261111
264 4 0.375000 0.116667 0.401562 0.163889 0.576562 0.197222
261 4 0.276562 0.108333 0.309375 0.172222 0.431250 0.194444
260 4 0.362500 0.083333 0.389062 0.127778 0.557813 0.147222
253 4 0.415625 0.208333 0.453125 0.280556 0.642188 0.350000
252 4 0.392188 0.158333 0.425000 0.208333 0.606250 0.263889
248 4 0.331250 0.205556 0.367188 0.291667 0.515625 0.352778
235 5 0.437500 0.286111 0.500000 0.386111 0.689063 0.480556
234 4 0.310937 0.266667 0.360938 0.411111 0.492188 0.472222
222 4 0.268750 0.208333 0.304688 0.288889 0.421875 0.352778
212 4 0.259375 0.533333 0.346875 0.736111 0.432812 0.902778
206 4 0.229687 0.288889 0.278125 0.386111 0.370312 0.483333
189 4 0.150000 0.413889 0.235937 0.588889 0.268750 0.708333
144 4 0.448437 0.522222 0.517188 0.716667 0.707812 0.880556
128 4 0.454688 0.372222 0.512500 0.533333 0.712500 0.638889
125 4 0.221875 0.116667 0.254688 0.191667 0.350000 0.213889
