286 4 0.365625 0.102778 0.390625 0.147222 0.560937 0.175000
285 4 0.328125 0.144444 0.357812 0.186111 0.507812 0.238889
283 4 0.335938 0.063889 0.357812 0.105556 0.514062 0.116667
282 5 0.304688 0.000000 0.332813 0.061111 0.471875 0.030556
281 4 0.323437 0.113889 0.348438 0.150000 0.498437 0.188889
280 5 0.437500 0.286111 0.500000 0.386111 0.687500 0.480556
266 4 0.331250 0.180556 0.365625 0.255556 0.515625 0.308333
264 4 0.381250 0.133333 0.409375 0.180556 0.585938 0.222222
261 4 0.260937 0.180556 0.301563 0.261111 0.412500 0.311111
252 4 0.398438 0.163889 0.429688 0.222222 0.614062 0.277778
248 4 0.321875 0.252778 0.367188 0.380556 0.506250 0.444444
235 4 0.434375 0.286111 0.501563 0.386111 0.685937 0.480556
234 4 0.282813 0.375000 0.346875 0.536111 0.456250 0.644444
222 4 0.246875 0.272222 0.293750 0.380556 0.393750 0.461111
212 4 0.171875 0.830556 0.290625 1.002778 0.317188 1.333333
206 4 0.200000 0.361111 0.257812 0.477778 0.329688 0.600000
189 4 0.070312 0.547222 0.192188 0.780556 0.165625 0.938889
144 4 0.450000 0.519444 0.517188 0.713889 0.709375 0.877778
128 4 0.456250 0.369444 0.515625 0.530556 0.714063 0.636111
125 4 0.221875 0.116667 0.254688 0.191667 0.350000 0.213889
