144 4 0.421875 0.208333 0.464062 0.291667 0.654687 0.355556
142 4 0.300000 0.261111 0.365625 0.480556 0.482812 0.502778
141 4 0.739062 0.702778 0.870313 1.000000 1.175000 1.202778
140 4 0.253125 0.258333 0.301563 0.372222 0.404687 0.444444
138 4 0.278125 0.063889 0.307812 0.122222 0.432812 0.125000
128 4 0.381250 0.086111 0.414062 0.161111 0.589063 0.169444
126 4 0.312500 0.116667 0.356250 0.194444 0.490625 0.213889
125 4 0.221875 0.119444 0.254688 0.191667 0.350000 0.213889
123 4 0.239063 0.519444 0.317188 0.727778 0.398438 0.883333
103 4 0.464062 0.427778 0.526563 0.630556 0.728125 0.741667
