225 4 0.326562 0.138889 0.354687 0.197222 0.504687 0.238889
222 4 0.284375 0.044444 0.306250 0.088889 0.437500 0.088889
219 4 0.303125 0.261111 0.364063 0.447222 0.484375 0.486111
214 4 0.440625 0.280556 0.501563 0.383333 0.692187 0.472222
208 4 0.321875 0.102778 0.351562 0.152778 0.498437 0.180556
206 4 0.271875 0.083333 0.301563 0.133333 0.423438 0.152778
189 4 0.265625 0.130556 0.300000 0.194444 0.415625 0.230556
178 4 0.257812 0.202778 0.300000 0.280556 0.407813 0.344444
171 4 0.173437 0.775000 0.298438 1.005556 0.321875 1.277778
170 4 0.182812 0.347222 0.260937 0.527778 0.314063 0.611111
144 4 0.451562 0.519444 0.517188 0.716667 0.710938 0.877778
128 4 0.454688 0.369444 0.512500 0.533333 0.710938 0.636111
125 4 0.223438 0.116667 0.253125 0.186111 0.350000 0.211111
