469 4 0.339062 0.011111 0.362500 0.050000 0.520312 0.036111
468 4 0.393750 0.150000 0.432812 0.219444 0.610938 0.261111
467 4 0.431250 0.255556 0.478125 0.338889 0.670312 0.425000
466 4 0.365625 0.077778 0.393750 0.122222 0.562500 0.141667
462 4 0.309375 0.050000 0.335938 0.091667 0.476562 0.097222
452 4 0.320312 0.122222 0.350000 0.186111 0.495312 0.216667
450 4 0.259375 0.147222 0.315625 0.277778 0.417187 0.286111
448 4 0.303125 0.375000 0.362500 0.508333 0.484375 0.630556
443 4 0.223438 0.302778 0.279687 0.411111 0.364063 0.508333
125 4 0.220312 0.122222 0.254688 0.197222 0.348438 0.222222
