238 4 0.264062 0.369444 0.348438 0.622222 0.439063 0.683333
235 5 0.439063 0.283333 0.501563 0.386111 0.690625 0.477778
234 4 0.326562 0.138889 0.360938 0.233333 0.507812 0.255556
225 5 0.325000 0.127778 0.360938 0.238889 0.506250 0.247222
222 4 0.284375 0.077778 0.309375 0.125000 0.439063 0.138889
214 4 0.439063 0.283333 0.503125 0.383333 0.690625 0.475000
212 4 0.329688 0.216667 0.375000 0.327778 0.517188 0.383333
206 4 0.271875 0.122222 0.298438 0.177778 0.421875 0.211111
189 4 0.257812 0.177778 0.296875 0.266667 0.406250 0.311111
178 4 0.237500 0.275000 0.289062 0.377778 0.382812 0.463889
170 4 0.082812 0.533333 0.206250 0.761111 0.187500 0.913889
144 4 0.448437 0.519444 0.518750 0.716667 0.707812 0.877778
128 4 0.457813 0.375000 0.517188 0.530556 0.717187 0.641667
125 4 0.223438 0.119444 0.254688 0.191667 0.350000 0.216667
