407 4 0.203125 0.302778 0.268750 0.375000 0.339062 0.491667
406 4 0.270313 0.086111 0.306250 0.138889 0.423438 0.155556
404 4 0.315625 0.047222 0.335938 0.083333 0.484375 0.088889
403 4 0.250000 0.188889 0.296875 0.305556 0.400000 0.344444
401 4 0.385937 0.130556 0.418750 0.186111 0.595313 0.225000
400 5 0.175000 0.350000 0.260937 0.494444 0.306250 0.597222
398 4 0.000000 0.875000 0.073438 0.997222 0.035937 1.375000
395 4 0.364063 0.075000 0.393750 0.130556 0.560937 0.141667
392 4 0.323437 0.080556 0.348438 0.119444 0.498437 0.141667
389 4 0.268750 0.138889 0.304688 0.200000 0.421875 0.238889
388 4 0.321875 0.225000 0.362500 0.308333 0.504687 0.380556
383 4 0.084375 0.513889 0.204687 0.730556 0.187500 0.880556
367 4 0.407813 0.213889 0.457813 0.302778 0.637500 0.366667
364 4 0.451562 0.302778 0.512500 0.452778 0.707812 0.527778
352 5 0.250000 0.188889 0.296875 0.308333 0.398438 0.344444
344 4 0.285938 0.386111 0.348438 0.538889 0.460938 0.655556
323 4 0.476562 0.597222 0.551562 0.827778 0.751563 1.011111
125 4 0.221875 0.119444 0.254688 0.194444 0.348438 0.216667
