377 4 0.360938 0.063889 0.382812 0.097222 0.551562 0.113889
373 4 0.260937 0.200000 0.298438 0.238889 0.409375 0.322222
367 4 0.364063 0.086111 0.389062 0.127778 0.559375 0.150000
366 5 0.245312 0.200000 0.304688 0.327778 0.398438 0.363889
364 4 0.379688 0.122222 0.412500 0.175000 0.585938 0.211111
361 4 0.323437 0.230556 0.365625 0.319444 0.506250 0.391667
352 5 0.267188 0.075000 0.306250 0.172222 0.421875 0.161111
347 4 0.315625 0.072222 0.339062 0.119444 0.485938 0.133333
344 4 0.315625 0.119444 0.348438 0.183333 0.489063 0.211111
340 4 0.460938 0.572222 0.532813 0.758333 0.728125 0.950000
330 4 0.431250 0.275000 0.489063 0.380556 0.676562 0.466667
323 4 0.393750 0.175000 0.434375 0.236111 0.612500 0.291667
125 4 0.215625 0.122222 0.262500 0.205556 0.346875 0.227778
