25 4 0.337500 0.008333 0.360938 0.041667 0.518750 0.027778
24 4 0.353125 0.038889 0.376563 0.077778 0.542188 0.077778
23 4 0.310937 0.008333 0.329688 0.038889 0.476562 0.027778
22 4 0.317188 0.038889 0.339062 0.077778 0.487500 0.080556
21 4 0.276562 0.027778 0.301563 0.069444 0.428125 0.063889
19 4 0.314063 0.077778 0.339062 0.125000 0.484375 0.141667
16 4 0.321875 0.113889 0.345313 0.166667 0.495312 0.200000
15 4 0.300000 0.288889 0.346875 0.394444 0.473438 0.486111
5 4 0.221875 0.116667 0.257812 0.188889 0.351562 0.213889
2 4 0.456250 0.483333 0.520312 0.669444 0.717187 0.819444
