272 5 0.329688 0.177778 0.364063 0.263889 0.512500 0.311111
264 4 0.371875 0.105556 0.400000 0.150000 0.571875 0.180556
261 4 0.279687 0.075000 0.307812 0.138889 0.434375 0.147222
260 4 0.359375 0.077778 0.381250 0.116667 0.550000 0.136111
253 4 0.410938 0.200000 0.450000 0.275000 0.635938 0.338889
252 4 0.392188 0.147222 0.421875 0.194444 0.603125 0.247222
248 4 0.329688 0.191667 0.364063 0.263889 0.512500 0.325000
235 5 0.439063 0.286111 0.500000 0.386111 0.689063 0.480556
234 4 0.320312 0.252778 0.364063 0.377778 0.501563 0.444444
222 4 0.275000 0.175000 0.306250 0.247222 0.428125 0.300000
214 4 0.440625 0.286111 0.501563 0.383333 0.692187 0.477778
212 4 0.289062 0.425000 0.354687 0.602778 0.467187 0.727778
206 4 0.245312 0.252778 0.285938 0.336111 0.387500 0.422222
189 4 0.185938 0.352778 0.256250 0.502778 0.314063 0.605556
178 4 0.075000 0.544444 0.201563 0.783333 0.176563 0.938889
144 4 0.448437 0.522222 0.517188 0.713889 0.707812 0.880556
128 4 0.453125 0.369444 0.515625 0.536111 0.712500 0.638889
125 4 0.221875 0.119444 0.253125 0.194444 0.348438 0.216667
