283 4 0.334375 0.069444 0.356250 0.108333 0.514062 0.125000
282 5 0.304688 0.002778 0.332813 0.066667 0.471875 0.036111
281 4 0.323437 0.119444 0.350000 0.158333 0.498437 0.197222
280 5 0.437500 0.288889 0.500000 0.383333 0.687500 0.480556
266 4 0.331250 0.186111 0.364063 0.261111 0.514062 0.316667
264 4 0.384375 0.136111 0.409375 0.183333 0.589063 0.227778
261 4 0.257812 0.197222 0.301563 0.283333 0.407813 0.338889
252 4 0.398438 0.169444 0.431250 0.225000 0.614062 0.280556
248 4 0.323437 0.258333 0.368750 0.383333 0.509375 0.452778
235 4 0.432812 0.286111 0.501563 0.386111 0.684375 0.480556
234 4 0.273438 0.402778 0.345313 0.577778 0.445312 0.691667
222 4 0.242188 0.288889 0.290625 0.388889 0.387500 0.486111
206 4 0.192188 0.375000 0.253125 0.500000 0.320312 0.625000
189 4 0.050000 0.558333 0.178125 0.816667 0.139063 0.969444
144 4 0.450000 0.522222 0.517188 0.711111 0.709375 0.877778
128 4 0.456250 0.369444 0.515625 0.530556 0.714063 0.636111
125 4 0.221875 0.116667 0.253125 0.191667 0.348438 0.213889
