308 4 0.268750 0.077778 0.303125 0.141667 0.421875 0.147222
301 4 0.367188 0.086111 0.393750 0.122222 0.564063 0.147222
299 5 0.310937 0.030556 0.345313 0.136111 0.484375 0.100000
291 4 0.371875 0.113889 0.396875 0.152778 0.570312 0.191667
285 4 0.323437 0.277778 0.373437 0.375000 0.510938 0.466667
283 4 0.323437 0.136111 0.356250 0.202778 0.501563 0.238889
281 4 0.326562 0.197222 0.360938 0.280556 0.506250 0.338889
280 4 0.439063 0.300000 0.509375 0.400000 0.693750 0.500000
266 4 0.276562 0.430556 0.351562 0.608333 0.453125 0.733333
264 4 0.389062 0.144444 0.410938 0.188889 0.593750 0.238889
261 4 0.218750 0.300000 0.268750 0.436111 0.353125 0.519444
252 4 0.398438 0.175000 0.432812 0.227778 0.615625 0.288889
222 4 0.165625 0.436111 0.248438 0.611111 0.290625 0.744444
206 4 0.000000 0.730556 0.131250 1.000000 0.065625 1.230556
144 4 0.432812 0.608333 0.520312 0.861111 0.692187 1.038889
128 4 0.454688 0.386111 0.523438 0.580556 0.717187 0.677778
125 4 0.220312 0.122222 0.256250 0.202778 0.348438 0.225000
