171 4 0.320312 0.186111 0.367188 0.275000 0.504687 0.325000
170 4 0.268750 0.080556 0.304688 0.136111 0.421875 0.150000
169 4 0.275000 0.366667 0.351562 0.561111 0.451562 0.650000
164 4 0.132812 0.566667 0.304688 1.002778 0.284375 1.066667
162 4 0.270313 0.138889 0.307812 0.205556 0.425000 0.241667
157 4 0.318750 0.263889 0.364063 0.358333 0.501563 0.444444
153 5 0.310937 0.069444 0.348438 0.161111 0.485938 0.150000
150 4 0.237500 0.258333 0.285938 0.347222 0.379688 0.430556
147 4 0.401562 0.158333 0.460938 0.277778 0.631250 0.297222
144 4 0.456250 0.402778 0.510938 0.547222 0.712500 0.677778
138 4 0.120313 0.441667 0.223438 0.655556 0.232813 0.769444
128 4 0.434375 0.275000 0.495312 0.411111 0.682813 0.480556
125 4 0.220312 0.116667 0.254688 0.188889 0.348438 0.211111
103 4 0.467187 0.608333 0.556250 0.905556 0.746875 1.061111
