219 4 0.314063 0.216667 0.365625 0.375000 0.496875 0.402778
214 4 0.432812 0.258333 0.500000 0.394444 0.682813 0.458333
213 4 0.328125 0.150000 0.362500 0.219444 0.509375 0.261111
212 4 0.326562 0.127778 0.353125 0.175000 0.504687 0.213889
208 4 0.323437 0.091667 0.346875 0.130556 0.496875 0.158333
206 4 0.278125 0.066667 0.300000 0.105556 0.428125 0.119444
200 5 0.315625 0.213889 0.365625 0.375000 0.498437 0.400000
189 4 0.270313 0.102778 0.298438 0.163889 0.420312 0.186111
178 4 0.262500 0.163889 0.300000 0.236111 0.412500 0.283333
171 4 0.239063 0.583333 0.332813 0.811111 0.406250 0.988889
170 4 0.221875 0.297222 0.281250 0.427778 0.364063 0.511111
162 4 0.120313 0.505556 0.226562 0.697222 0.232813 0.855556
144 4 0.451562 0.519444 0.517188 0.716667 0.710938 0.877778
128 4 0.456250 0.369444 0.512500 0.533333 0.712500 0.636111
125 4 0.221875 0.116667 0.254688 0.188889 0.350000 0.213889
