264 4 0.373437 0.108333 0.400000 0.152778 0.573438 0.186111
261 4 0.279687 0.077778 0.309375 0.141667 0.434375 0.150000
260 4 0.360938 0.075000 0.381250 0.119444 0.551562 0.136111
253 4 0.412500 0.202778 0.450000 0.277778 0.639062 0.341667
252 4 0.392188 0.150000 0.421875 0.194444 0.603125 0.247222
248 4 0.331250 0.191667 0.364063 0.263889 0.514062 0.325000
235 5 0.439063 0.286111 0.500000 0.386111 0.689063 0.480556
234 4 0.320312 0.252778 0.364063 0.380556 0.503125 0.444444
222 4 0.275000 0.177778 0.306250 0.250000 0.428125 0.305556
214 4 0.440625 0.283333 0.501563 0.386111 0.692187 0.477778
212 4 0.285938 0.430556 0.353125 0.616667 0.464062 0.738889
206 4 0.243750 0.258333 0.284375 0.338889 0.387500 0.427778
189 4 0.184375 0.361111 0.256250 0.513889 0.314063 0.619444
178 4 0.070312 0.561111 0.195312 0.800000 0.168750 0.961111
144 4 0.448437 0.522222 0.518750 0.711111 0.707812 0.877778
128 4 0.454688 0.369444 0.515625 0.536111 0.712500 0.638889
125 4 0.221875 0.119444 0.254688 0.194444 0.350000 0.216667
