344 4 0.315625 0.058333 0.335938 0.097222 0.484375 0.108333
340 4 0.415625 0.211111 0.457813 0.294444 0.645312 0.358333
333 4 0.271875 0.072222 0.309375 0.136111 0.428125 0.141667
330 4 0.392188 0.161111 0.426563 0.216667 0.606250 0.269444
327 4 0.446875 0.344444 0.512500 0.505556 0.703125 0.597222
323 4 0.373437 0.105556 0.400000 0.163889 0.573438 0.188889
313 4 0.209375 0.319444 0.270313 0.444444 0.345313 0.541667
310 4 0.100000 0.488889 0.221875 0.744444 0.210938 0.863889
299 5 0.310937 0.113889 0.368750 0.302778 0.496875 0.266667
283 4 0.275000 0.436111 0.345313 0.602778 0.448437 0.738889
222 4 0.000000 0.883333 0.075000 1.000000 0.037500 1.383333
125 4 0.221875 0.122222 0.254688 0.191667 0.350000 0.219444
