344 4 0.315625 0.047222 0.334375 0.088889 0.482812 0.091667
343 4 0.342187 0.016667 0.364063 0.063889 0.525000 0.047222
341 5 0.273438 0.027778 0.307812 0.111111 0.428125 0.083333
340 4 0.398438 0.202778 0.450000 0.275000 0.625000 0.341667
333 4 0.273438 0.038889 0.307812 0.108333 0.428125 0.094444
330 4 0.389062 0.150000 0.423438 0.205556 0.600000 0.255556
327 4 0.446875 0.297222 0.500000 0.438889 0.698438 0.516667
323 4 0.371875 0.108333 0.400000 0.161111 0.573438 0.188889
313 4 0.229687 0.280556 0.281250 0.388889 0.370312 0.475000
310 4 0.129688 0.469444 0.234375 0.677778 0.246875 0.808333
299 5 0.312500 0.091667 0.368750 0.261111 0.496875 0.222222
283 4 0.303125 0.341667 0.354687 0.466667 0.479687 0.575000
281 4 0.179688 0.686111 0.301563 0.977778 0.331250 1.175000
222 4 0.001563 0.802778 0.109375 1.000000 0.056250 1.302778
125 4 0.221875 0.111111 0.254688 0.202778 0.348438 0.213889
