56 4 0.351562 0.036111 0.373437 0.072222 0.539062 0.072222
54 4 0.381250 0.105556 0.410938 0.152778 0.587500 0.183333
47 4 0.323437 0.091667 0.348438 0.141667 0.498437 0.161111
45 4 0.273438 0.080556 0.307812 0.136111 0.428125 0.150000
43 4 0.193750 0.319444 0.267188 0.483333 0.328125 0.561111
37 4 0.329688 0.136111 0.356250 0.188889 0.507812 0.233333
30 4 0.271875 0.152778 0.303125 0.213889 0.423438 0.261111
25 4 0.435937 0.241667 0.482812 0.338889 0.676562 0.411111
24 4 0.459375 0.413889 0.520312 0.577778 0.720313 0.702778
23 4 0.270313 0.419444 0.345313 0.602778 0.443750 0.719444
5 4 0.221875 0.125000 0.259375 0.191667 0.351562 0.222222
