157 4 0.323437 0.169444 0.360938 0.244444 0.504687 0.291667
156 5 0.392188 0.119444 0.443750 0.216667 0.614062 0.227778
153 4 0.309375 0.002778 0.331250 0.050000 0.475000 0.027778
152 4 0.325000 0.094444 0.351562 0.150000 0.501563 0.169444
150 4 0.273438 0.088889 0.301563 0.141667 0.425000 0.161111
144 4 0.450000 0.308333 0.503125 0.455556 0.701562 0.536111
142 4 0.259375 0.361111 0.350000 0.650000 0.434375 0.686111
138 4 0.259375 0.186111 0.304688 0.283333 0.412500 0.327778
128 4 0.415625 0.208333 0.462500 0.311111 0.646875 0.366667
126 4 0.312500 0.258333 0.360938 0.386111 0.493750 0.452778
125 4 0.220312 0.116667 0.254688 0.188889 0.348438 0.213889
123 4 0.196875 0.672222 0.298438 0.950000 0.346875 1.147222
103 4 0.467187 0.530556 0.543750 0.794444 0.739062 0.927778
