171 4 0.325000 0.188889 0.364063 0.261111 0.506250 0.319444
170 4 0.271875 0.072222 0.303125 0.119444 0.425000 0.133333
169 4 0.289062 0.344444 0.353125 0.505556 0.465625 0.597222
168 5 0.318750 0.055556 0.345313 0.138889 0.492188 0.127778
167 4 0.726562 0.869444 0.825000 1.005556 1.139063 1.372222
164 4 0.176563 0.513889 0.320312 0.947222 0.337500 0.988889
162 4 0.268750 0.119444 0.307812 0.180556 0.423438 0.211111
157 4 0.318750 0.258333 0.364063 0.347222 0.501563 0.433333
150 4 0.245312 0.230556 0.290625 0.311111 0.390625 0.386111
147 4 0.400000 0.155556 0.457813 0.269444 0.629687 0.291667
144 4 0.456250 0.388889 0.509375 0.533333 0.710938 0.658333
138 4 0.146875 0.402778 0.240625 0.591667 0.267188 0.697222
128 4 0.432812 0.269444 0.489063 0.400000 0.678125 0.469444
125 4 0.221875 0.119444 0.254688 0.191667 0.350000 0.216667
103 4 0.467187 0.572222 0.546875 0.847222 0.740625 0.997222
