378 4 0.032813 0.388889 0.350000 1.008333 0.207813 0.894444
376 4 0.310937 0.011111 0.332813 0.055556 0.478125 0.038889
367 4 0.364063 0.086111 0.390625 0.127778 0.559375 0.152778
366 5 0.245312 0.200000 0.304688 0.327778 0.398438 0.363889
364 4 0.378125 0.122222 0.412500 0.175000 0.585938 0.211111
361 4 0.321875 0.233333 0.365625 0.319444 0.506250 0.394444
352 5 0.267188 0.075000 0.306250 0.175000 0.420312 0.163889
347 4 0.314063 0.072222 0.339062 0.119444 0.484375 0.133333
344 4 0.315625 0.122222 0.348438 0.186111 0.489063 0.216667
330 4 0.431250 0.277778 0.489063 0.383333 0.676562 0.469444
323 4 0.395313 0.177778 0.435937 0.238889 0.614062 0.297222
125 4 0.215625 0.119444 0.260937 0.202778 0.346875 0.222222
