289 4 0.776563 0.527778 0.896875 0.727778 1.225000 0.891667
285 4 0.329688 0.163889 0.364063 0.225000 0.512500 0.277778
283 4 0.321875 0.080556 0.350000 0.127778 0.498437 0.144444
281 4 0.323437 0.127778 0.354687 0.172222 0.501563 0.213889
280 5 0.437500 0.288889 0.500000 0.386111 0.687500 0.483333
266 4 0.331250 0.213889 0.367188 0.294444 0.515625 0.361111
264 4 0.387500 0.141667 0.414062 0.186111 0.593750 0.236111
252 4 0.398438 0.169444 0.432812 0.225000 0.615625 0.283333
248 4 0.312500 0.297222 0.367188 0.447222 0.496875 0.519444
235 4 0.439063 0.288889 0.503125 0.383333 0.690625 0.480556
234 4 0.225000 0.505556 0.318750 0.744444 0.384375 0.880556
222 4 0.228125 0.311111 0.284375 0.430556 0.371875 0.527778
206 4 0.167187 0.425000 0.243750 0.566667 0.290625 0.708333
189 4 0.000000 0.680556 0.131250 0.988889 0.064062 1.177778
144 4 0.448437 0.519444 0.518750 0.716667 0.707812 0.877778
128 4 0.457813 0.372222 0.515625 0.530556 0.717187 0.638889
125 4 0.221875 0.119444 0.256250 0.194444 0.350000 0.216667
