255 4 0.000000 0.680556 0.154688 0.986111 0.078125 1.175000
253 4 0.401562 0.172222 0.439063 0.227778 0.621875 0.286111
251 4 0.334375 0.011111 0.356250 0.044444 0.512500 0.036111
250 4 0.348438 0.044444 0.368750 0.077778 0.532813 0.083333
249 4 0.359375 0.069444 0.382812 0.105556 0.551562 0.122222
248 4 0.326562 0.138889 0.356250 0.186111 0.504687 0.233333
238 4 0.206250 0.480556 0.320312 0.827778 0.367188 0.894444
235 5 0.435937 0.286111 0.500000 0.386111 0.687500 0.477778
234 4 0.326562 0.177778 0.360938 0.255556 0.507812 0.305556
222 4 0.281250 0.094444 0.310937 0.152778 0.437500 0.169444
214 4 0.439063 0.283333 0.501563 0.383333 0.690625 0.477778
212 4 0.328125 0.261111 0.371875 0.377778 0.514062 0.450000
206 4 0.264062 0.136111 0.296875 0.208333 0.412500 0.241667
189 4 0.253125 0.216667 0.292187 0.313889 0.400000 0.375000
178 4 0.217188 0.316667 0.275000 0.450000 0.354687 0.544444
144 4 0.450000 0.519444 0.517188 0.716667 0.709375 0.877778
128 4 0.453125 0.369444 0.514062 0.533333 0.710938 0.638889
125 4 0.221875 0.119444 0.254688 0.188889 0.350000 0.213889
