299 5 0.309375 0.008333 0.340625 0.097222 0.479687 0.058333
289 4 0.709375 0.800000 0.821875 1.005556 1.121875 1.305556
285 4 0.331250 0.183333 0.367188 0.252778 0.515625 0.311111
283 4 0.320312 0.097222 0.345313 0.144444 0.493750 0.172222
281 4 0.325000 0.141667 0.354687 0.191667 0.503125 0.236111
280 5 0.437500 0.283333 0.501563 0.386111 0.689063 0.477778
266 4 0.331250 0.241667 0.370312 0.333333 0.515625 0.411111
264 4 0.385937 0.141667 0.410938 0.191667 0.590625 0.238889
261 4 0.242188 0.252778 0.285938 0.355556 0.384375 0.430556
252 4 0.396875 0.158333 0.432812 0.225000 0.614062 0.272222
248 4 0.298438 0.366667 0.359375 0.527778 0.478125 0.633333
235 4 0.440625 0.283333 0.501563 0.386111 0.690625 0.477778
234 4 0.137500 0.694444 0.279687 1.008333 0.278125 1.197222
222 4 0.217188 0.344444 0.275000 0.477778 0.354687 0.583333
206 4 0.134375 0.486111 0.220312 0.647222 0.245312 0.811111
189 4 0.000000 0.811111 0.073438 0.997222 0.037500 1.311111
144 4 0.448437 0.522222 0.517188 0.713889 0.707812 0.877778
128 4 0.457813 0.369444 0.512500 0.533333 0.714063 0.636111
125 4 0.221875 0.119444 0.256250 0.191667 0.351562 0.216667
