165 4 0.273438 0.030556 0.304688 0.075000 0.426563 0.069444
164 4 0.237500 0.405556 0.342187 0.730556 0.407813 0.772222
163 4 0.000000 0.866667 0.082812 1.000000 0.042188 1.366667
162 4 0.275000 0.072222 0.306250 0.122222 0.428125 0.133333
157 4 0.318750 0.233333 0.360938 0.308333 0.500000 0.388889
156 5 0.398438 0.141667 0.450000 0.272222 0.623437 0.277778
153 4 0.315625 0.030556 0.339062 0.100000 0.485938 0.080556
152 4 0.328125 0.161111 0.364063 0.233333 0.510938 0.277778
150 4 0.259375 0.158333 0.298438 0.241667 0.409375 0.280556
144 4 0.454688 0.358333 0.509375 0.502778 0.709375 0.608333
138 4 0.209375 0.297222 0.273438 0.441667 0.346875 0.516667
128 4 0.428125 0.250000 0.481250 0.377778 0.668750 0.438889
126 4 0.301563 0.283333 0.362500 0.422222 0.482812 0.494444
125 4 0.221875 0.119444 0.254688 0.191667 0.350000 0.216667
103 4 0.467187 0.550000 0.546875 0.819444 0.740625 0.961111
