364 4 0.370312 0.091667 0.400000 0.130556 0.570312 0.155556
363 4 0.275000 0.027778 0.306250 0.091667 0.428125 0.075000
362 2 0.278125 0.183333 0.362500 0.475000 0.459375 0.422222
361 4 0.326562 0.141667 0.356250 0.191667 0.504687 0.238889
360 4 0.278125 0.188889 0.359375 0.477778 0.457813 0.430556
352 5 0.275000 0.027778 0.306250 0.091667 0.428125 0.075000
347 4 0.312500 0.041667 0.334375 0.080556 0.479687 0.083333
344 4 0.315625 0.083333 0.340625 0.125000 0.485938 0.147222
340 4 0.439063 0.297222 0.492188 0.394444 0.685937 0.494444
333 5 0.262500 0.119444 0.309375 0.225000 0.417187 0.233333
330 4 0.403125 0.200000 0.448437 0.277778 0.628125 0.338889
327 4 0.467187 0.658333 0.559375 0.938889 0.746875 1.127778
323 4 0.376563 0.127778 0.407813 0.175000 0.581250 0.216667
313 4 0.167187 0.386111 0.246875 0.550000 0.290625 0.661111
310 4 0.084375 0.547222 0.203125 0.786111 0.185938 0.938889
125 4 0.223438 0.119444 0.253125 0.188889 0.350000 0.213889
