283 4 0.335938 0.055556 0.359375 0.097222 0.515625 0.105556
282 5 0.303125 0.000000 0.331250 0.052778 0.468750 0.025000
281 4 0.321875 0.105556 0.350000 0.150000 0.496875 0.180556
280 4 0.440625 0.283333 0.501563 0.383333 0.692187 0.475000
278 4 0.000000 0.819444 0.100000 1.005556 0.048438 1.322222
275 4 0.721875 0.769444 0.845313 1.008333 1.145312 1.275000
266 4 0.329688 0.166667 0.364063 0.238889 0.512500 0.288889
264 4 0.381250 0.130556 0.407813 0.172222 0.585938 0.216667
261 4 0.267188 0.141667 0.303125 0.230556 0.418750 0.258333
252 4 0.396875 0.166667 0.428125 0.216667 0.610938 0.275000
248 4 0.326562 0.236111 0.367188 0.333333 0.510938 0.402778
235 5 0.439063 0.286111 0.500000 0.386111 0.689063 0.480556
234 4 0.296875 0.344444 0.351562 0.486111 0.473438 0.586111
222 4 0.250000 0.258333 0.298438 0.347222 0.400000 0.433333
212 4 0.189062 0.697222 0.320312 1.008333 0.350000 1.202778
206 4 0.209375 0.341667 0.265625 0.452778 0.342187 0.566667
189 4 0.101562 0.497222 0.204687 0.713889 0.204687 0.855556
144 4 0.450000 0.519444 0.517188 0.713889 0.709375 0.877778
128 4 0.454688 0.369444 0.514062 0.533333 0.710938 0.636111
125 4 0.221875 0.116667 0.254688 0.188889 0.350000 0.211111
