202 4 0.284375 0.025000 0.301563 0.052778 0.435937 0.052778
196 4 0.321875 0.088889 0.346875 0.130556 0.495312 0.152778
194 4 0.709375 0.641667 0.837500 0.936111 1.129687 1.111111
189 4 0.278125 0.052778 0.298438 0.094444 0.426563 0.100000
187 4 0.421875 0.202778 0.489063 0.352778 0.667188 0.380556
186 4 0.317188 0.061111 0.340625 0.097222 0.487500 0.111111
178 4 0.275000 0.100000 0.303125 0.150000 0.426563 0.175000
171 4 0.314063 0.325000 0.367188 0.455556 0.498437 0.552778
170 4 0.259375 0.194444 0.303125 0.286111 0.410938 0.338889
162 4 0.228125 0.305556 0.285938 0.430556 0.371875 0.519444
157 4 0.234375 0.611111 0.339062 0.869444 0.403125 1.047222
153 5 0.314063 0.130556 0.362500 0.266667 0.495312 0.266667
150 4 0.001563 0.633333 0.162500 0.886111 0.084375 1.077778
144 4 0.451562 0.519444 0.517188 0.716667 0.710938 0.877778
128 4 0.454688 0.369444 0.515625 0.533333 0.712500 0.636111
125 4 0.221875 0.119444 0.254688 0.188889 0.350000 0.213889
