214 4 0.431250 0.241667 0.500000 0.383333 0.681250 0.433333
212 4 0.326562 0.122222 0.351562 0.172222 0.503125 0.208333
208 4 0.320312 0.088889 0.346875 0.130556 0.495312 0.152778
206 4 0.279687 0.061111 0.300000 0.100000 0.429688 0.111111
200 5 0.315625 0.211111 0.362500 0.366667 0.496875 0.394444
189 4 0.271875 0.100000 0.300000 0.155556 0.421875 0.177778
178 4 0.264062 0.155556 0.300000 0.227778 0.414062 0.272222
171 4 0.248438 0.552778 0.340625 0.780556 0.418750 0.941667
170 4 0.226562 0.294444 0.284375 0.413889 0.368750 0.500000
162 4 0.131250 0.488889 0.232813 0.672222 0.246875 0.825000
144 4 0.451562 0.519444 0.517188 0.716667 0.710938 0.880556
128 4 0.456250 0.366667 0.512500 0.533333 0.712500 0.633333
125 4 0.221875 0.113889 0.253125 0.188889 0.348438 0.208333
