423 4 0.314063 0.033333 0.342187 0.086111 0.485938 0.077778
421 4 0.218750 0.250000 0.285938 0.422222 0.362500 0.461111
420 4 0.329688 0.150000 0.364063 0.236111 0.512500 0.269444
418 4 0.321875 0.088889 0.350000 0.152778 0.496875 0.166667
417 5 0.218750 0.252778 0.284375 0.422222 0.362500 0.463889
406 4 0.267188 0.141667 0.304688 0.211111 0.420312 0.250000
401 4 0.435937 0.266667 0.481250 0.358333 0.678125 0.447222
395 4 0.392188 0.150000 0.432812 0.236111 0.607812 0.269444
389 4 0.256250 0.191667 0.300000 0.280556 0.406250 0.333333
388 4 0.245312 0.522222 0.332813 0.730556 0.412500 0.886111
367 4 0.432812 0.522222 0.509375 0.736111 0.687500 0.891667
125 4 0.221875 0.113889 0.254688 0.188889 0.350000 0.211111
