412 4 0.370312 0.080556 0.404687 0.155556 0.573438 0.158333
411 5 0.150000 0.391667 0.246875 0.544444 0.273438 0.663889
406 4 0.273438 0.116667 0.306250 0.166667 0.426563 0.200000
404 4 0.317188 0.061111 0.340625 0.105556 0.487500 0.113889
403 4 0.240625 0.202778 0.295312 0.338889 0.389062 0.372222
395 5 0.370312 0.075000 0.404687 0.155556 0.573438 0.152778
389 4 0.262500 0.144444 0.303125 0.233333 0.414062 0.261111
388 4 0.312500 0.291667 0.364063 0.394444 0.495312 0.491667
367 4 0.428125 0.277778 0.481250 0.380556 0.668750 0.469444
364 4 0.473438 0.469444 0.537500 0.647222 0.742188 0.794444
344 4 0.229687 0.541667 0.321875 0.758333 0.392188 0.922222
125 4 0.220312 0.116667 0.254688 0.202778 0.348438 0.216667
