31 5 0.275000 0.075000 0.306250 0.130556 0.428125 0.141667
30 4 0.276562 0.030556 0.303125 0.066667 0.428125 0.063889
25 4 0.360938 0.063889 0.384375 0.102778 0.553125 0.116667
24 4 0.384375 0.111111 0.414062 0.161111 0.592187 0.191667
23 4 0.317188 0.058333 0.342187 0.102778 0.489063 0.111111
22 4 0.321875 0.111111 0.351562 0.169444 0.498437 0.194444
21 5 0.273438 0.022222 0.304688 0.097222 0.426563 0.069444
19 4 0.312500 0.186111 0.346875 0.275000 0.485938 0.325000
16 4 0.296875 0.300000 0.343750 0.402778 0.468750 0.502778
5 4 0.223438 0.119444 0.256250 0.194444 0.351562 0.216667
