251 4 0.332813 0.008333 0.357812 0.044444 0.510938 0.030556
250 4 0.346875 0.044444 0.367188 0.077778 0.531250 0.083333
249 4 0.359375 0.069444 0.382812 0.105556 0.551562 0.125000
248 4 0.326562 0.141667 0.356250 0.186111 0.504687 0.233333
238 4 0.210938 0.469444 0.325000 0.811111 0.373437 0.877778
235 5 0.437500 0.283333 0.500000 0.386111 0.687500 0.477778
234 4 0.326562 0.177778 0.360938 0.258333 0.507812 0.308333
222 4 0.281250 0.091667 0.310937 0.150000 0.437500 0.166667
214 4 0.439063 0.283333 0.503125 0.380556 0.692187 0.475000
212 4 0.328125 0.261111 0.371875 0.377778 0.515625 0.450000
206 4 0.264062 0.141667 0.295312 0.208333 0.412500 0.247222
189 4 0.253125 0.213889 0.292187 0.308333 0.400000 0.369444
178 4 0.218750 0.308333 0.278125 0.444444 0.357812 0.530556
144 4 0.448437 0.519444 0.518750 0.716667 0.707812 0.877778
128 4 0.453125 0.369444 0.517188 0.536111 0.712500 0.638889
125 4 0.221875 0.122222 0.256250 0.191667 0.350000 0.216667
