299 5 0.309375 0.008333 0.340625 0.097222 0.479687 0.058333
291 4 0.370312 0.111111 0.395313 0.161111 0.568750 0.191667
289 4 0.712500 0.813889 0.823438 1.005556 1.125000 1.316667
285 4 0.331250 0.186111 0.367188 0.255556 0.515625 0.313889
283 4 0.320312 0.097222 0.345313 0.147222 0.493750 0.172222
281 4 0.325000 0.141667 0.354687 0.191667 0.503125 0.236111
280 5 0.437500 0.283333 0.501563 0.386111 0.689063 0.477778
266 4 0.329688 0.241667 0.368750 0.336111 0.514062 0.411111
264 4 0.385937 0.144444 0.410938 0.191667 0.592187 0.238889
261 4 0.240625 0.255556 0.285938 0.355556 0.384375 0.433333
252 4 0.396875 0.158333 0.432812 0.227778 0.614062 0.272222
248 4 0.296875 0.369444 0.357812 0.530556 0.476562 0.636111
235 4 0.440625 0.283333 0.501563 0.386111 0.690625 0.477778
234 4 0.134375 0.700000 0.278125 1.008333 0.273438 1.202778
222 4 0.214062 0.344444 0.273438 0.477778 0.351562 0.586111
206 4 0.134375 0.488889 0.218750 0.650000 0.243750 0.813889
189 4 0.000000 0.816667 0.071875 0.997222 0.035937 1.316667
144 4 0.448437 0.519444 0.517188 0.716667 0.707812 0.877778
128 4 0.457813 0.369444 0.512500 0.533333 0.714063 0.636111
125 4 0.223438 0.119444 0.256250 0.191667 0.351562 0.216667
