418 4 0.321875 0.075000 0.345313 0.127778 0.495312 0.138889
417 4 0.226562 0.230556 0.290625 0.386111 0.371875 0.422222
414 4 0.000000 0.827778 0.081250 0.997222 0.040625 1.327778
413 4 0.314063 0.036111 0.334375 0.072222 0.481250 0.072222
406 4 0.262500 0.141667 0.307812 0.202778 0.417187 0.244444
401 4 0.420312 0.216667 0.462500 0.300000 0.651563 0.369444
395 4 0.379688 0.119444 0.420312 0.197222 0.590625 0.216667
389 4 0.259375 0.180556 0.301563 0.263889 0.410938 0.313889
388 4 0.284375 0.394444 0.353125 0.555556 0.462500 0.672222
367 4 0.439063 0.388889 0.496875 0.530556 0.687500 0.655556
125 4 0.221875 0.116667 0.253125 0.191667 0.350000 0.213889
