44 4 0.275000 0.033333 0.303125 0.075000 0.426563 0.072222
43 5 0.265625 0.119444 0.309375 0.233333 0.420312 0.236111
38 4 0.351562 0.038889 0.376563 0.075000 0.540625 0.077778
37 4 0.321875 0.055556 0.340625 0.091667 0.493750 0.102778
30 4 0.278125 0.075000 0.304688 0.116667 0.431250 0.133333
25 4 0.390625 0.125000 0.425000 0.183333 0.603125 0.216667
24 4 0.425000 0.211111 0.465625 0.291667 0.657813 0.358333
23 4 0.321875 0.141667 0.357812 0.213889 0.501563 0.247222
22 4 0.312500 0.244444 0.356250 0.336111 0.492188 0.413889
19 4 0.210938 0.511111 0.303125 0.716667 0.362500 0.869444
5 4 0.221875 0.125000 0.259375 0.186111 0.353125 0.219444
