369 4 0.312500 0.011111 0.334375 0.052778 0.479687 0.038889
367 4 0.360938 0.072222 0.384375 0.116667 0.553125 0.130556
366 5 0.253125 0.163889 0.312500 0.288889 0.410938 0.311111
364 4 0.373437 0.105556 0.404687 0.155556 0.575000 0.183333
361 4 0.318750 0.188889 0.362500 0.272222 0.500000 0.325000
347 4 0.312500 0.058333 0.339062 0.102778 0.482812 0.111111
344 4 0.314063 0.100000 0.346875 0.161111 0.487500 0.180556
330 4 0.421875 0.247222 0.468750 0.336111 0.656250 0.413889
323 4 0.387500 0.155556 0.423438 0.208333 0.600000 0.261111
125 4 0.220312 0.119444 0.259375 0.194444 0.351562 0.219444
