171 4 0.321875 0.188889 0.367188 0.277778 0.504687 0.327778
170 4 0.271875 0.097222 0.303125 0.150000 0.423438 0.172222
169 4 0.265625 0.388889 0.348438 0.594444 0.439063 0.688889
164 4 0.071875 0.625000 0.281250 1.011111 0.212500 1.130556
162 4 0.273438 0.150000 0.306250 0.213889 0.426563 0.258333
157 4 0.315625 0.272222 0.362500 0.369444 0.496875 0.458333
153 5 0.310937 0.077778 0.350000 0.169444 0.485938 0.163889
150 4 0.231250 0.277778 0.282813 0.372222 0.371875 0.463889
147 4 0.403125 0.161111 0.462500 0.275000 0.634375 0.297222
144 4 0.456250 0.413889 0.512500 0.566667 0.712500 0.697222
138 4 0.098437 0.477778 0.217188 0.713889 0.207813 0.836111
128 4 0.434375 0.277778 0.495312 0.422222 0.682813 0.488889
125 4 0.221875 0.122222 0.254688 0.188889 0.350000 0.216667
103 4 0.468750 0.608333 0.568750 0.988889 0.753125 1.102778
