421 4 0.215625 0.258333 0.281250 0.427778 0.356250 0.472222
420 4 0.328125 0.152778 0.365625 0.244444 0.510938 0.275000
418 4 0.323437 0.094444 0.350000 0.152778 0.498437 0.172222
406 4 0.264062 0.138889 0.304688 0.216667 0.417187 0.247222
401 4 0.434375 0.261111 0.484375 0.375000 0.676562 0.450000
395 4 0.392188 0.155556 0.437500 0.258333 0.610938 0.286111
389 4 0.256250 0.200000 0.300000 0.294444 0.406250 0.347222
388 4 0.235937 0.558333 0.326562 0.783333 0.398438 0.950000
367 4 0.434375 0.569444 0.512500 0.791667 0.690625 0.966667
125 4 0.221875 0.116667 0.254688 0.191667 0.350000 0.213889
