294 4 0.309375 0.061111 0.339062 0.094444 0.479687 0.111111
291 4 0.370312 0.111111 0.395313 0.161111 0.568750 0.191667
289 4 0.714063 0.769444 0.829688 1.005556 1.128125 1.272222
285 4 0.331250 0.180556 0.367188 0.252778 0.515625 0.308333
283 4 0.320312 0.097222 0.346875 0.141667 0.493750 0.169444
281 4 0.325000 0.138889 0.353125 0.188889 0.501563 0.233333
280 5 0.439063 0.286111 0.500000 0.383333 0.689063 0.477778
266 4 0.331250 0.238889 0.368750 0.330556 0.515625 0.405556
264 4 0.385937 0.144444 0.409375 0.188889 0.590625 0.238889
261 4 0.242188 0.252778 0.285938 0.352778 0.385937 0.430556
252 4 0.396875 0.158333 0.432812 0.225000 0.614062 0.272222
248 4 0.300000 0.361111 0.360938 0.525000 0.481250 0.625000
235 4 0.440625 0.283333 0.501563 0.386111 0.692187 0.477778
234 4 0.142187 0.677778 0.282813 1.002778 0.282813 1.180556
222 4 0.217188 0.341667 0.276562 0.477778 0.354687 0.580556
206 4 0.139063 0.480556 0.221875 0.638889 0.250000 0.800000
189 4 0.000000 0.800000 0.078125 1.000000 0.039062 1.300000
144 4 0.448437 0.522222 0.517188 0.711111 0.707812 0.877778
128 4 0.457813 0.369444 0.512500 0.533333 0.714063 0.636111
125 4 0.221875 0.119444 0.256250 0.194444 0.350000 0.216667
