274 4 0.678125 0.838889 0.846875 1.002778 1.101562 1.341667
266 4 0.328125 0.150000 0.357812 0.208333 0.507812 0.255556
264 4 0.373437 0.111111 0.400000 0.155556 0.573438 0.188889
261 4 0.279687 0.080556 0.309375 0.144444 0.434375 0.152778
260 4 0.360938 0.077778 0.382812 0.119444 0.551562 0.136111
253 4 0.412500 0.202778 0.450000 0.277778 0.637500 0.341667
252 4 0.392188 0.150000 0.421875 0.197222 0.603125 0.250000
248 4 0.329688 0.194444 0.364063 0.269444 0.512500 0.330556
235 5 0.439063 0.286111 0.500000 0.386111 0.689063 0.480556
234 4 0.320312 0.255556 0.364063 0.380556 0.503125 0.447222
222 4 0.273438 0.183333 0.307812 0.258333 0.428125 0.313889
214 4 0.440625 0.283333 0.501563 0.383333 0.692187 0.477778
212 4 0.282813 0.441667 0.353125 0.630556 0.459375 0.758333
206 4 0.242188 0.261111 0.284375 0.344444 0.385937 0.433333
189 4 0.181250 0.363889 0.254688 0.522222 0.307812 0.625000
178 4 0.070312 0.566667 0.195312 0.811111 0.168750 0.975000
144 4 0.448437 0.522222 0.517188 0.713889 0.707812 0.880556
128 4 0.454688 0.369444 0.515625 0.536111 0.712500 0.638889
125 4 0.221875 0.119444 0.254688 0.191667 0.350000 0.216667
