171 4 0.325000 0.186111 0.365625 0.261111 0.509375 0.316667
170 4 0.270313 0.069444 0.303125 0.122222 0.421875 0.130556
169 4 0.290625 0.341667 0.354687 0.502778 0.467187 0.594444
168 5 0.318750 0.058333 0.346875 0.138889 0.492188 0.127778
167 4 0.726562 0.850000 0.829688 1.008333 1.140625 1.352778
164 4 0.179688 0.511111 0.321875 0.938889 0.340625 0.980556
162 4 0.270313 0.119444 0.307812 0.180556 0.423438 0.208333
157 4 0.318750 0.258333 0.362500 0.344444 0.500000 0.430556
150 4 0.245312 0.230556 0.290625 0.311111 0.392188 0.386111
147 4 0.400000 0.155556 0.457813 0.269444 0.629687 0.291667
144 4 0.456250 0.388889 0.509375 0.530556 0.712500 0.655556
138 4 0.148438 0.400000 0.240625 0.586111 0.268750 0.694444
128 4 0.432812 0.269444 0.489063 0.397222 0.678125 0.469444
125 4 0.221875 0.119444 0.254688 0.191667 0.350000 0.216667
103 4 0.467187 0.572222 0.546875 0.847222 0.740625 0.997222
