170 4 0.270313 0.058333 0.306250 0.113889 0.423438 0.116667
169 4 0.295312 0.327778 0.356250 0.483333 0.473438 0.569444
168 4 0.318750 0.052778 0.343750 0.133333 0.490625 0.122222
167 4 0.718750 0.722222 0.850000 1.008333 1.145312 1.227778
164 4 0.189062 0.486111 0.326562 0.902778 0.353125 0.938889
162 4 0.271875 0.108333 0.309375 0.172222 0.426563 0.197222
157 4 0.320312 0.255556 0.364063 0.333333 0.501563 0.422222
153 5 0.315625 0.050000 0.345313 0.136111 0.489063 0.119444
150 4 0.248438 0.216667 0.295312 0.300000 0.395313 0.369444
147 4 0.396875 0.150000 0.457813 0.272222 0.626563 0.288889
144 4 0.456250 0.388889 0.507812 0.527778 0.710938 0.652778
138 4 0.159375 0.383333 0.246875 0.561111 0.282813 0.666667
128 4 0.431250 0.263889 0.489063 0.397222 0.676562 0.463889
125 4 0.221875 0.119444 0.254688 0.191667 0.350000 0.216667
103 4 0.468750 0.561111 0.546875 0.827778 0.742188 0.975000
