406 4 0.271875 0.088889 0.307812 0.144444 0.425000 0.161111
404 4 0.317188 0.052778 0.337500 0.091667 0.485938 0.097222
403 4 0.248438 0.194444 0.298438 0.316667 0.398438 0.352778
401 4 0.389062 0.138889 0.423438 0.194444 0.601562 0.236111
400 5 0.168750 0.355556 0.259375 0.502778 0.300000 0.608333
395 4 0.364063 0.075000 0.396875 0.133333 0.564063 0.141667
392 4 0.325000 0.083333 0.350000 0.125000 0.500000 0.147222
389 4 0.268750 0.144444 0.301563 0.205556 0.420312 0.247222
388 4 0.320312 0.236111 0.365625 0.325000 0.503125 0.400000
383 4 0.073438 0.544444 0.196875 0.758333 0.171875 0.922222
367 4 0.414062 0.233333 0.459375 0.316667 0.643750 0.391667
364 4 0.459375 0.352778 0.517188 0.491667 0.718750 0.597222
344 4 0.281250 0.411111 0.343750 0.575000 0.453125 0.700000
323 4 0.475000 0.680556 0.565625 0.980556 0.757812 1.169444
125 4 0.220312 0.116667 0.254688 0.194444 0.348438 0.216667
