333 4 0.278125 0.016667 0.306250 0.063889 0.431250 0.047222
330 4 0.387500 0.144444 0.412500 0.191667 0.593750 0.241667
327 4 0.434375 0.261111 0.479687 0.341667 0.675000 0.433333
323 4 0.373437 0.111111 0.395313 0.152778 0.571875 0.188889
313 4 0.256250 0.175000 0.300000 0.277778 0.406250 0.316667
310 4 0.184375 0.372222 0.254688 0.538889 0.310937 0.641667
299 5 0.312500 0.052778 0.357812 0.186111 0.492188 0.147222
285 4 0.217188 0.600000 0.329688 0.861111 0.381250 1.030556
283 4 0.320312 0.213889 0.360938 0.308333 0.501563 0.369444
281 4 0.300000 0.352778 0.354687 0.480556 0.478125 0.594444
222 4 0.057813 0.605556 0.189062 0.875000 0.153125 1.044444
128 4 0.440625 0.644444 0.542188 1.011111 0.712500 1.152778
125 4 0.220312 0.116667 0.256250 0.197222 0.348438 0.216667
