400 5 0.207813 0.297222 0.281250 0.427778 0.348438 0.513889
399 4 0.221875 0.266667 0.284375 0.319444 0.365625 0.427778
398 4 0.000000 0.650000 0.162500 1.005556 0.081250 1.155556
389 4 0.270313 0.083333 0.304688 0.152778 0.423438 0.161111
388 4 0.317188 0.138889 0.357812 0.213889 0.496875 0.247222
383 4 0.132812 0.450000 0.229687 0.625000 0.248438 0.763889
367 4 0.384375 0.147222 0.420312 0.213889 0.595313 0.255556
364 4 0.420312 0.208333 0.465625 0.294444 0.653125 0.355556
361 4 0.245312 0.550000 0.335938 0.769444 0.412500 0.936111
352 4 0.259375 0.158333 0.301563 0.269444 0.410938 0.294444
344 4 0.317188 0.252778 0.359375 0.341667 0.496875 0.425000
330 4 0.481250 0.613889 0.568750 0.883333 0.765625 1.058333
323 4 0.443750 0.297222 0.506250 0.441667 0.698438 0.519444
125 4 0.218750 0.119444 0.254688 0.211111 0.346875 0.225000
