44 4 0.273438 0.030556 0.301563 0.066667 0.425000 0.063889
41 4 0.251563 0.061111 0.271875 0.116667 0.387500 0.119444
38 4 0.348438 0.030556 0.370312 0.061111 0.532813 0.061111
37 4 0.318750 0.047222 0.335938 0.080556 0.487500 0.086111
31 5 0.268750 0.113889 0.314063 0.197222 0.426563 0.213889
30 4 0.278125 0.061111 0.303125 0.102778 0.429688 0.113889
25 4 0.382812 0.111111 0.412500 0.161111 0.589063 0.191667
24 4 0.415625 0.186111 0.456250 0.277778 0.643750 0.327778
22 4 0.317188 0.211111 0.356250 0.288889 0.495312 0.358333
19 4 0.256250 0.402778 0.321875 0.552778 0.417187 0.680556
16 4 0.103125 0.755556 0.246875 1.016667 0.226562 1.263889
5 4 0.221875 0.122222 0.260937 0.188889 0.353125 0.216667
