129 4 0.334375 0.002778 0.357812 0.033333 0.514062 0.022222
128 4 0.353125 0.036111 0.376563 0.075000 0.540625 0.075000
126 4 0.310937 0.027778 0.337500 0.075000 0.479687 0.066667
125 4 0.221875 0.119444 0.254688 0.191667 0.350000 0.216667
123 4 0.279687 0.250000 0.328125 0.336111 0.443750 0.419444
119 5 0.000000 0.275000 0.285938 1.000000 0.143750 0.777778
118 4 0.275000 0.100000 0.306250 0.169444 0.429688 0.186111
117 4 0.278125 0.419444 0.343750 0.583333 0.450000 0.711111
114 5 0.323437 0.105556 0.360938 0.208333 0.504687 0.211111
103 4 0.442188 0.266667 0.490625 0.386111 0.687500 0.461111
