408 5 0.193750 0.052778 0.251563 0.122222 0.318750 0.116667
407 4 0.207813 0.286111 0.279687 0.366667 0.348438 0.469444
406 4 0.273438 0.077778 0.304688 0.125000 0.425000 0.141667
404 4 0.315625 0.044444 0.334375 0.077778 0.482812 0.083333
403 5 0.251563 0.175000 0.300000 0.294444 0.401562 0.322222
401 4 0.379688 0.119444 0.412500 0.172222 0.587500 0.205556
400 5 0.190625 0.336111 0.268750 0.469444 0.325000 0.572222
398 4 0.001563 0.769444 0.115625 0.997222 0.059375 1.269444
395 4 0.362500 0.072222 0.387500 0.119444 0.556250 0.133333
389 4 0.267188 0.116667 0.307812 0.188889 0.421875 0.211111
388 4 0.321875 0.194444 0.362500 0.269444 0.503125 0.330556
367 4 0.395313 0.191667 0.443750 0.277778 0.617188 0.330556
364 4 0.443750 0.277778 0.496875 0.388889 0.692187 0.475000
361 4 0.156250 0.866667 0.275000 1.005556 0.293750 1.369444
352 4 0.250000 0.175000 0.300000 0.294444 0.400000 0.322222
323 4 0.470313 0.461111 0.537500 0.641667 0.739062 0.783333
125 4 0.220312 0.116667 0.254688 0.188889 0.348438 0.213889
