225 4 0.323437 0.127778 0.354687 0.191667 0.501563 0.225000
224 5 0.310937 0.247222 0.360938 0.413889 0.492188 0.455556
223 4 0.373437 0.091667 0.406250 0.147222 0.576562 0.166667
222 4 0.281250 0.036111 0.306250 0.080556 0.434375 0.077778
219 4 0.310937 0.247222 0.360938 0.411111 0.490625 0.452778
214 4 0.442188 0.283333 0.501563 0.380556 0.693750 0.475000
212 4 0.326562 0.166667 0.364063 0.241667 0.509375 0.288889
206 4 0.275000 0.077778 0.300000 0.125000 0.425000 0.141667
189 4 0.268750 0.119444 0.298438 0.188889 0.418750 0.216667
178 4 0.260937 0.191667 0.303125 0.263889 0.412500 0.322222
171 4 0.190625 0.691667 0.309375 1.005556 0.345313 1.194444
170 4 0.198437 0.336111 0.268750 0.486111 0.334375 0.580556
162 4 0.064062 0.591667 0.192188 0.825000 0.160938 1.005556
144 4 0.451562 0.522222 0.517188 0.713889 0.710938 0.880556
128 4 0.456250 0.369444 0.512500 0.533333 0.712500 0.636111
125 4 0.223438 0.113889 0.253125 0.188889 0.350000 0.208333
