239 4 0.362500 0.072222 0.387500 0.113889 0.556250 0.127778
236 4 0.318750 0.072222 0.342187 0.119444 0.490625 0.133333
235 5 0.443750 0.286111 0.500000 0.383333 0.693750 0.477778
234 5 0.325000 0.125000 0.356250 0.222222 0.503125 0.236111
233 4 0.309375 0.000000 0.325000 0.030556 0.471875 0.016667
230 4 0.000000 0.788889 0.112500 0.997222 0.057813 1.288889
225 4 0.325000 0.130556 0.357812 0.216667 0.504687 0.241667
222 4 0.284375 0.063889 0.307812 0.108333 0.439063 0.116667
214 4 0.440625 0.286111 0.501563 0.380556 0.692187 0.477778
208 4 0.326562 0.116667 0.351562 0.161111 0.503125 0.197222
206 4 0.275000 0.102778 0.300000 0.155556 0.425000 0.183333
189 4 0.262500 0.155556 0.296875 0.230556 0.410938 0.269444
178 4 0.251563 0.244444 0.295312 0.330556 0.400000 0.408333
170 4 0.135937 0.441667 0.237500 0.636111 0.256250 0.758333
144 4 0.451562 0.519444 0.517188 0.716667 0.710938 0.877778
128 4 0.459375 0.375000 0.515625 0.530556 0.717187 0.641667
125 4 0.223438 0.122222 0.254688 0.191667 0.351562 0.216667
