189 4 0.276562 0.058333 0.298438 0.102778 0.426563 0.108333
187 4 0.423438 0.208333 0.487500 0.355556 0.667188 0.388889
186 4 0.318750 0.061111 0.340625 0.100000 0.489063 0.113889
178 4 0.275000 0.102778 0.304688 0.155556 0.428125 0.180556
171 4 0.312500 0.327778 0.367188 0.463889 0.496875 0.561111
170 4 0.262500 0.205556 0.303125 0.288889 0.414062 0.350000
162 4 0.226562 0.308333 0.284375 0.436111 0.368750 0.525000
157 4 0.229687 0.627778 0.332813 0.894444 0.396875 1.077778
153 5 0.318750 0.136111 0.365625 0.269444 0.503125 0.272222
150 4 0.000000 0.647222 0.162500 0.905556 0.081250 1.100000
144 4 0.451562 0.519444 0.517188 0.716667 0.710938 0.877778
128 4 0.454688 0.372222 0.515625 0.536111 0.712500 0.641667
125 4 0.221875 0.119444 0.253125 0.191667 0.348438 0.216667
