294 4 0.307812 0.063889 0.339062 0.091667 0.478125 0.108333
291 4 0.370312 0.108333 0.395313 0.161111 0.568750 0.191667
289 4 0.712500 0.733333 0.839063 1.008333 1.132812 1.238889
285 4 0.332813 0.180556 0.365625 0.247222 0.515625 0.302778
283 4 0.320312 0.094444 0.346875 0.138889 0.495312 0.163889
281 4 0.323437 0.136111 0.354687 0.186111 0.501563 0.227778
280 5 0.440625 0.288889 0.500000 0.383333 0.690625 0.480556
266 4 0.331250 0.236111 0.368750 0.327778 0.515625 0.400000
264 4 0.385937 0.144444 0.412500 0.188889 0.592187 0.238889
261 4 0.242188 0.252778 0.285938 0.350000 0.385937 0.427778
252 4 0.396875 0.166667 0.432812 0.225000 0.614062 0.280556
248 4 0.300000 0.344444 0.362500 0.511111 0.481250 0.600000
235 4 0.440625 0.286111 0.503125 0.383333 0.692187 0.477778
222 4 0.217188 0.325000 0.279687 0.472222 0.357812 0.561111
206 4 0.143750 0.472222 0.225000 0.627778 0.256250 0.786111
189 4 0.000000 0.766667 0.085938 1.000000 0.042188 1.266667
144 4 0.450000 0.522222 0.515625 0.711111 0.707812 0.877778
128 4 0.459375 0.372222 0.512500 0.530556 0.715625 0.638889
125 4 0.221875 0.116667 0.254688 0.194444 0.350000 0.216667
