37 4 0.317188 0.038889 0.337500 0.077778 0.485938 0.077778
36 5 0.271875 0.033333 0.304688 0.105556 0.425000 0.086111
31 5 0.271875 0.119444 0.309375 0.191667 0.426563 0.213889
30 4 0.275000 0.047222 0.303125 0.097222 0.426563 0.097222
25 4 0.379688 0.102778 0.407813 0.152778 0.584375 0.180556
24 4 0.410938 0.172222 0.446875 0.247222 0.634375 0.297222
23 4 0.325000 0.111111 0.351562 0.163889 0.501563 0.191667
22 4 0.317188 0.188889 0.356250 0.275000 0.495312 0.327778
19 4 0.273438 0.355556 0.332813 0.486111 0.440625 0.600000
5 4 0.221875 0.122222 0.262500 0.191667 0.353125 0.219444
