201 4 0.428125 0.230556 0.495312 0.383333 0.676562 0.422222
200 5 0.318750 0.152778 0.364063 0.300000 0.501563 0.302778
189 4 0.271875 0.072222 0.298438 0.125000 0.421875 0.136111
178 4 0.271875 0.125000 0.303125 0.183333 0.423438 0.216667
171 4 0.298438 0.411111 0.359375 0.558333 0.478125 0.691667
170 4 0.253125 0.236111 0.296875 0.330556 0.401562 0.402778
162 4 0.198437 0.372222 0.270313 0.513889 0.332813 0.630556
153 4 0.318750 0.158333 0.364063 0.294444 0.501563 0.305556
150 4 0.000000 0.788889 0.085938 0.994444 0.042188 1.286111
144 4 0.450000 0.519444 0.517188 0.716667 0.707812 0.877778
128 4 0.454688 0.369444 0.514062 0.533333 0.712500 0.636111
125 4 0.223438 0.119444 0.254688 0.194444 0.350000 0.216667
