285 4 0.329688 0.150000 0.357812 0.191667 0.509375 0.244444
283 4 0.334375 0.063889 0.357812 0.105556 0.514062 0.116667
282 5 0.304688 0.000000 0.332813 0.063889 0.471875 0.030556
281 4 0.325000 0.113889 0.348438 0.152778 0.500000 0.191667
280 5 0.437500 0.288889 0.500000 0.386111 0.687500 0.480556
266 4 0.331250 0.180556 0.365625 0.258333 0.514062 0.308333
264 4 0.382812 0.136111 0.412500 0.183333 0.589063 0.227778
261 4 0.260937 0.186111 0.301563 0.266667 0.412500 0.319444
252 4 0.398438 0.163889 0.431250 0.219444 0.614062 0.275000
248 4 0.321875 0.255556 0.367188 0.380556 0.506250 0.447222
235 4 0.434375 0.286111 0.501563 0.386111 0.684375 0.480556
234 4 0.279687 0.377778 0.345313 0.547222 0.453125 0.650000
222 4 0.246875 0.277778 0.292187 0.380556 0.393750 0.469444
206 4 0.196875 0.366667 0.256250 0.486111 0.326562 0.611111
189 4 0.060937 0.555556 0.182812 0.791667 0.153125 0.952778
144 4 0.450000 0.519444 0.517188 0.713889 0.709375 0.877778
128 4 0.456250 0.369444 0.515625 0.530556 0.714063 0.636111
125 4 0.221875 0.119444 0.254688 0.191667 0.350000 0.216667
