33 4 0.312500 0.013889 0.331250 0.050000 0.478125 0.038889
32 4 0.253125 0.069444 0.270313 0.113889 0.387500 0.127778
31 5 0.271875 0.083333 0.306250 0.147222 0.425000 0.158333
30 4 0.275000 0.033333 0.303125 0.072222 0.426563 0.069444
25 4 0.365625 0.075000 0.392188 0.116667 0.562500 0.133333
24 4 0.392188 0.127778 0.423438 0.180556 0.604688 0.219444
23 4 0.321875 0.072222 0.343750 0.116667 0.493750 0.130556
22 4 0.323437 0.127778 0.357812 0.194444 0.503125 0.225000
16 4 0.276562 0.366667 0.331250 0.488889 0.442188 0.613889
5 4 0.223438 0.122222 0.262500 0.194444 0.354687 0.219444
