275 4 0.815625 0.494444 0.925000 0.677778 1.278125 0.833333
266 4 0.328125 0.152778 0.357812 0.205556 0.507812 0.255556
264 4 0.373437 0.111111 0.401562 0.155556 0.575000 0.188889
261 4 0.279687 0.091667 0.310937 0.158333 0.435937 0.172222
260 4 0.360938 0.083333 0.382812 0.125000 0.553125 0.147222
253 4 0.414062 0.202778 0.451562 0.277778 0.639062 0.341667
252 4 0.393750 0.152778 0.423438 0.202778 0.604688 0.255556
248 4 0.331250 0.197222 0.365625 0.275000 0.514062 0.336111
235 5 0.439063 0.286111 0.500000 0.386111 0.689063 0.480556
234 4 0.314063 0.266667 0.360938 0.386111 0.495312 0.458333
222 4 0.271875 0.194444 0.306250 0.269444 0.425000 0.327778
212 4 0.273438 0.488889 0.351562 0.683333 0.450000 0.830556
206 4 0.237500 0.275000 0.281250 0.361111 0.378125 0.458333
189 4 0.170313 0.386111 0.245312 0.547222 0.293750 0.661111
144 4 0.445312 0.522222 0.518750 0.716667 0.704688 0.880556
128 4 0.451562 0.366667 0.514062 0.533333 0.709375 0.636111
125 4 0.221875 0.119444 0.254688 0.191667 0.350000 0.213889
