164 4 0.251563 0.369444 0.346875 0.675000 0.425000 0.708333
163 4 0.000000 0.691667 0.145313 0.997222 0.073438 1.191667
162 4 0.275000 0.027778 0.303125 0.086111 0.426563 0.072222
161 4 0.767188 0.619444 0.873437 0.850000 1.203125 1.044444
157 4 0.321875 0.211111 0.360938 0.291667 0.503125 0.358333
156 4 0.398438 0.138889 0.448437 0.247222 0.623437 0.263889
153 4 0.312500 0.011111 0.337500 0.075000 0.481250 0.050000
152 4 0.323437 0.136111 0.360938 0.200000 0.504687 0.236111
150 4 0.268750 0.127778 0.303125 0.188889 0.420312 0.222222
147 5 0.398438 0.133333 0.448437 0.250000 0.623437 0.258333
144 4 0.450000 0.338889 0.510938 0.483333 0.706250 0.580556
138 4 0.237500 0.244444 0.290625 0.361111 0.382812 0.425000
128 4 0.423438 0.230556 0.473438 0.347222 0.659375 0.402778
126 4 0.303125 0.266667 0.362500 0.413889 0.484375 0.472222
125 4 0.221875 0.119444 0.254688 0.191667 0.350000 0.216667
123 4 0.168750 0.763889 0.279687 1.000000 0.309375 1.263889
103 4 0.467187 0.547222 0.542188 0.805556 0.739062 0.950000
