138 4 0.279687 0.030556 0.304688 0.077778 0.432812 0.069444
135 4 0.315625 0.175000 0.364063 0.322222 0.498437 0.336111
129 4 0.342187 0.013889 0.368750 0.058333 0.528125 0.044444
128 4 0.364063 0.069444 0.393750 0.111111 0.560937 0.125000
126 4 0.314063 0.063889 0.346875 0.116667 0.487500 0.125000
125 4 0.220312 0.119444 0.254688 0.186111 0.348438 0.213889
123 4 0.270313 0.380556 0.326562 0.522222 0.434375 0.641667
119 5 0.001563 0.377778 0.262500 0.994444 0.132812 0.877778
118 4 0.265625 0.172222 0.306250 0.258333 0.418750 0.300000
103 4 0.451562 0.338889 0.514062 0.508333 0.709375 0.594444
