140 4 0.270313 0.208333 0.307812 0.286111 0.425000 0.350000
139 4 0.314063 0.208333 0.365625 0.366667 0.496875 0.391667
138 4 0.278125 0.038889 0.304688 0.086111 0.431250 0.083333
135 5 0.314063 0.208333 0.365625 0.369444 0.496875 0.394444
129 4 0.348438 0.022222 0.376563 0.072222 0.535937 0.061111
128 4 0.368750 0.077778 0.398438 0.127778 0.568750 0.144444
126 4 0.312500 0.077778 0.346875 0.141667 0.485938 0.150000
125 4 0.220312 0.116667 0.254688 0.186111 0.348438 0.211111
123 4 0.257812 0.433333 0.325000 0.588889 0.420312 0.727778
119 5 -0.003125 0.433333 0.267188 0.997222 0.129688 0.933333
103 4 0.459375 0.363889 0.520312 0.544444 0.720313 0.636111
