406 4 0.271875 0.091667 0.306250 0.147222 0.425000 0.166667
404 4 0.317188 0.055556 0.337500 0.091667 0.485938 0.100000
403 4 0.248438 0.191667 0.296875 0.319444 0.396875 0.352778
401 4 0.390625 0.138889 0.425000 0.200000 0.603125 0.238889
400 5 0.173437 0.366667 0.262500 0.516667 0.304688 0.627778
395 4 0.367188 0.080556 0.398438 0.138889 0.567187 0.150000
392 4 0.326562 0.086111 0.350000 0.130556 0.501563 0.152778
389 4 0.268750 0.141667 0.301563 0.211111 0.418750 0.250000
388 4 0.317188 0.250000 0.362500 0.338889 0.498437 0.419444
383 4 0.070312 0.552778 0.192188 0.769444 0.167187 0.938889
367 4 0.418750 0.241667 0.464062 0.333333 0.651563 0.408333
364 4 0.459375 0.369444 0.520312 0.516667 0.720313 0.627778
344 4 0.268750 0.436111 0.342187 0.616667 0.440625 0.744444
323 4 0.475000 0.730556 0.567187 1.008333 0.759375 1.236111
125 4 0.221875 0.119444 0.253125 0.188889 0.348438 0.213889
