275 4 0.807813 0.497222 0.917188 0.686111 1.267187 0.841667
264 4 0.373437 0.113889 0.401562 0.158333 0.575000 0.194444
261 4 0.278125 0.097222 0.309375 0.161111 0.434375 0.180556
260 4 0.362500 0.080556 0.387500 0.125000 0.557813 0.144444
253 4 0.414062 0.208333 0.453125 0.280556 0.640625 0.347222
252 4 0.393750 0.155556 0.425000 0.202778 0.606250 0.258333
248 4 0.331250 0.202778 0.365625 0.280556 0.514062 0.344444
235 5 0.437500 0.286111 0.500000 0.386111 0.687500 0.480556
234 4 0.312500 0.269444 0.359375 0.388889 0.492188 0.463889
222 4 0.273438 0.197222 0.306250 0.275000 0.426563 0.336111
212 4 0.271875 0.502778 0.350000 0.691667 0.446875 0.847222
206 4 0.235937 0.280556 0.279687 0.369444 0.376563 0.463889
189 4 0.164062 0.388889 0.243750 0.558333 0.287500 0.669444
144 4 0.446875 0.522222 0.518750 0.713889 0.706250 0.880556
128 4 0.451562 0.369444 0.514062 0.536111 0.709375 0.638889
125 4 0.221875 0.119444 0.254688 0.191667 0.350000 0.216667
