391 4 0.367188 0.083333 0.389062 0.119444 0.562500 0.144444
390 4 0.262500 0.125000 0.304688 0.222222 0.415625 0.236111
389 4 0.278125 0.058333 0.301563 0.105556 0.428125 0.111111
388 4 0.312500 0.100000 0.345313 0.161111 0.484375 0.180556
383 4 0.137500 0.425000 0.248438 0.616667 0.262500 0.733333
378 4 0.007812 0.775000 0.257812 1.002778 0.137500 1.275000
367 4 0.375000 0.119444 0.403125 0.166667 0.576562 0.202778
366 5 0.221875 0.238889 0.292187 0.388889 0.368750 0.433333
364 4 0.395313 0.161111 0.435937 0.225000 0.614062 0.275000
361 4 0.304688 0.350000 0.364063 0.483333 0.487500 0.591667
352 5 0.260937 0.125000 0.303125 0.225000 0.414062 0.238889
344 4 0.317188 0.177778 0.351562 0.255556 0.493750 0.305556
330 4 0.460938 0.394444 0.523438 0.541667 0.723437 0.663889
323 4 0.420312 0.233333 0.464062 0.311111 0.653125 0.388889
125 4 0.220312 0.116667 0.254688 0.194444 0.348438 0.213889
