358 4 0.348438 0.030556 0.373437 0.083333 0.534375 0.072222
355 4 0.267188 0.091667 0.306250 0.133333 0.420312 0.158333
353 4 0.306250 0.000000 0.326562 0.033333 0.470313 0.016667
352 4 0.278125 0.027778 0.304688 0.077778 0.431250 0.066667
347 4 0.310937 0.030556 0.339062 0.075000 0.479687 0.069444
340 4 0.435937 0.272222 0.484375 0.375000 0.678125 0.461111
333 5 0.264062 0.097222 0.309375 0.191667 0.418750 0.194444
330 4 0.395313 0.172222 0.446875 0.277778 0.618750 0.313889
327 4 0.460938 0.572222 0.542188 0.791667 0.732812 0.969444
323 4 0.373437 0.116667 0.404687 0.166667 0.576562 0.200000
313 4 0.175000 0.383333 0.251563 0.530556 0.301563 0.650000
310 4 0.078125 0.550000 0.204687 0.786111 0.181250 0.944444
283 4 0.153125 0.761111 0.285938 1.005556 0.296875 1.263889
125 4 0.223438 0.116667 0.254688 0.188889 0.350000 0.213889
