418 4 0.320312 0.075000 0.346875 0.127778 0.495312 0.141667
417 4 0.226562 0.230556 0.290625 0.386111 0.371875 0.425000
414 4 0.000000 0.841667 0.075000 0.997222 0.037500 1.338889
406 4 0.264062 0.138889 0.307812 0.202778 0.418750 0.241667
401 4 0.421875 0.222222 0.464062 0.305556 0.654687 0.375000
395 4 0.381250 0.119444 0.420312 0.200000 0.590625 0.219444
389 4 0.259375 0.183333 0.301563 0.266667 0.410938 0.316667
388 4 0.281250 0.411111 0.351562 0.572222 0.457813 0.697222
367 4 0.437500 0.397222 0.498437 0.541667 0.687500 0.669444
125 4 0.221875 0.116667 0.253125 0.188889 0.348438 0.211111
