238 4 0.293750 0.280556 0.357812 0.497222 0.471875 0.530556
235 5 0.443750 0.286111 0.500000 0.386111 0.693750 0.480556
233 4 0.307812 0.000000 0.325000 0.027778 0.470313 0.013889
230 4 0.001563 0.747222 0.135937 1.000000 0.070312 1.250000
229 4 0.385937 0.125000 0.415625 0.175000 0.593750 0.213889
225 4 0.326562 0.141667 0.354687 0.208333 0.504687 0.244444
222 4 0.285938 0.055556 0.306250 0.102778 0.439063 0.108333
214 4 0.440625 0.286111 0.501563 0.380556 0.692187 0.477778
212 4 0.329688 0.197222 0.367188 0.266667 0.514062 0.333333
208 4 0.325000 0.111111 0.351562 0.152778 0.501563 0.186111
206 4 0.275000 0.100000 0.298438 0.147222 0.425000 0.172222
189 4 0.262500 0.144444 0.298438 0.219444 0.412500 0.255556
178 4 0.254688 0.227778 0.296875 0.313889 0.404687 0.386111
170 4 0.153125 0.388889 0.248438 0.594444 0.278125 0.686111
144 4 0.450000 0.519444 0.518750 0.713889 0.709375 0.877778
128 4 0.454688 0.372222 0.515625 0.533333 0.714063 0.638889
125 4 0.223438 0.119444 0.253125 0.191667 0.350000 0.216667
