333 4 0.278125 0.019444 0.306250 0.066667 0.431250 0.052778
327 4 0.434375 0.261111 0.481250 0.344444 0.676562 0.433333
313 4 0.256250 0.194444 0.298438 0.280556 0.406250 0.333333
310 4 0.182812 0.372222 0.253125 0.541667 0.309375 0.644444
299 5 0.310937 0.055556 0.359375 0.188889 0.490625 0.150000
285 4 0.210938 0.613889 0.328125 0.883333 0.375000 1.055556
283 4 0.317188 0.216667 0.360938 0.313889 0.498437 0.372222
281 4 0.296875 0.358333 0.354687 0.494444 0.475000 0.608333
222 4 0.045312 0.602778 0.184375 0.880556 0.139063 1.044444
128 4 0.442188 0.652778 0.542188 1.005556 0.712500 1.155556
125 4 0.220312 0.116667 0.254688 0.194444 0.346875 0.216667
