309 4 0.314063 0.100000 0.346875 0.138889 0.487500 0.169444
299 5 0.310937 0.030556 0.346875 0.133333 0.484375 0.097222
285 4 0.320312 0.286111 0.371875 0.402778 0.506250 0.488889
283 4 0.317188 0.136111 0.357812 0.213889 0.496875 0.244444
281 4 0.323437 0.208333 0.365625 0.291667 0.506250 0.355556
280 4 0.440625 0.302778 0.507812 0.408333 0.695312 0.505556
266 4 0.259375 0.469444 0.342187 0.669444 0.431250 0.805556
264 4 0.387500 0.144444 0.409375 0.191667 0.592187 0.238889
252 4 0.398438 0.175000 0.432812 0.227778 0.615625 0.288889
222 4 0.157812 0.447222 0.248438 0.630556 0.282813 0.763889
206 4 0.001563 0.772222 0.109375 1.000000 0.056250 1.272222
144 4 0.432812 0.647222 0.518750 0.922222 0.692187 1.108333
128 4 0.442188 0.383333 0.523438 0.608333 0.704688 0.688889
125 4 0.221875 0.122222 0.254688 0.202778 0.350000 0.225000
