408 5 0.193750 0.055556 0.253125 0.125000 0.320312 0.116667
406 4 0.271875 0.075000 0.303125 0.119444 0.423438 0.133333
403 5 0.251563 0.172222 0.300000 0.297222 0.401562 0.322222
401 4 0.379688 0.116667 0.410938 0.163889 0.585938 0.200000
400 5 0.189062 0.336111 0.268750 0.466667 0.325000 0.569444
398 4 0.001563 0.763889 0.118750 0.994444 0.060937 1.261111
395 4 0.362500 0.069444 0.385937 0.119444 0.556250 0.127778
389 4 0.267188 0.113889 0.309375 0.183333 0.421875 0.205556
388 4 0.320312 0.188889 0.362500 0.266667 0.501563 0.325000
383 4 0.106250 0.491667 0.218750 0.686111 0.217188 0.836111
367 4 0.395313 0.183333 0.440625 0.277778 0.615625 0.322222
364 4 0.440625 0.275000 0.493750 0.377778 0.687500 0.463889
361 4 0.165625 0.816667 0.289062 1.005556 0.309375 1.319444
352 4 0.250000 0.175000 0.298438 0.294444 0.400000 0.322222
344 4 0.306250 0.322222 0.354687 0.444444 0.484375 0.544444
323 4 0.468750 0.447222 0.534375 0.627778 0.735938 0.761111
125 4 0.220312 0.119444 0.254688 0.188889 0.348438 0.213889
