151 4 0.321875 0.102778 0.350000 0.161111 0.496875 0.183333
150 4 0.276562 0.044444 0.304688 0.091667 0.429688 0.088889
147 5 0.378125 0.088889 0.420312 0.166667 0.587500 0.172222
144 4 0.442188 0.277778 0.490625 0.383333 0.687500 0.469444
142 4 0.275000 0.344444 0.354687 0.613889 0.451562 0.652778
140 4 0.171875 0.413889 0.254688 0.586111 0.298438 0.708333
138 4 0.278125 0.119444 0.310937 0.191667 0.432812 0.213889
129 4 0.378125 0.088889 0.420312 0.166667 0.589063 0.172222
128 4 0.400000 0.152778 0.442188 0.250000 0.620313 0.277778
126 4 0.318750 0.208333 0.359375 0.313889 0.498437 0.366667
125 4 0.221875 0.122222 0.254688 0.191667 0.348438 0.219444
123 4 0.209375 0.613889 0.304688 0.850000 0.362500 1.038889
103 4 0.465625 0.502778 0.540625 0.755556 0.735938 0.883333
