213 4 0.328125 0.147222 0.357812 0.191667 0.507812 0.244444
212 4 0.323437 0.111111 0.350000 0.152778 0.498437 0.188889
211 4 0.360938 0.072222 0.389062 0.102778 0.556250 0.125000
210 4 0.315625 0.047222 0.335938 0.080556 0.484375 0.088889
209 4 0.285938 0.013889 0.303125 0.052778 0.437500 0.041667
208 4 0.321875 0.080556 0.343750 0.116667 0.493750 0.138889
206 4 0.282813 0.044444 0.300000 0.083333 0.432812 0.086111
201 4 0.429688 0.238889 0.500000 0.397222 0.679688 0.438889
200 5 0.318750 0.183333 0.364063 0.316667 0.501563 0.341667
189 4 0.271875 0.083333 0.298438 0.138889 0.421875 0.152778
178 4 0.271875 0.144444 0.303125 0.202778 0.423438 0.244444
171 4 0.279687 0.447222 0.354687 0.641667 0.457813 0.769444
170 4 0.242188 0.261111 0.292187 0.363889 0.389062 0.444444
162 4 0.176563 0.419444 0.257812 0.569444 0.306250 0.705556
153 4 0.320312 0.183333 0.364063 0.319444 0.503125 0.344444
144 4 0.450000 0.522222 0.518750 0.713889 0.710938 0.880556
128 4 0.456250 0.363889 0.515625 0.530556 0.714063 0.630556
125 4 0.221875 0.116667 0.254688 0.188889 0.350000 0.213889
