222 4 0.282813 0.033333 0.304688 0.072222 0.435937 0.069444
219 4 0.314063 0.222222 0.364063 0.380556 0.496875 0.413889
214 4 0.435937 0.272222 0.500000 0.383333 0.685937 0.466667
208 4 0.321875 0.100000 0.348438 0.144444 0.496875 0.175000
206 4 0.278125 0.069444 0.300000 0.111111 0.428125 0.125000
189 4 0.271875 0.111111 0.298438 0.172222 0.421875 0.197222
178 4 0.262500 0.175000 0.301563 0.247222 0.412500 0.300000
171 4 0.220312 0.630556 0.321875 0.897222 0.382812 1.080556
170 4 0.210938 0.313889 0.275000 0.450000 0.348438 0.541667
162 4 0.095312 0.547222 0.209375 0.750000 0.200000 0.922222
144 4 0.451562 0.522222 0.518750 0.713889 0.712500 0.880556
128 4 0.456250 0.369444 0.512500 0.533333 0.712500 0.636111
125 4 0.221875 0.116667 0.254688 0.194444 0.348438 0.216667
