25 4 0.337500 0.005556 0.360938 0.041667 0.518750 0.027778
24 4 0.351562 0.038889 0.376563 0.075000 0.540625 0.075000
23 4 0.310937 0.005556 0.329688 0.038889 0.476562 0.027778
22 4 0.315625 0.036111 0.339062 0.077778 0.485938 0.077778
21 4 0.279687 0.030556 0.301563 0.066667 0.429688 0.063889
19 4 0.314063 0.075000 0.339062 0.122222 0.484375 0.138889
16 4 0.321875 0.111111 0.346875 0.163889 0.495312 0.194444
15 4 0.303125 0.283333 0.348438 0.386111 0.478125 0.475000
5 4 0.221875 0.116667 0.257812 0.188889 0.351562 0.211111
2 4 0.456250 0.480556 0.518750 0.663889 0.715625 0.811111
