206 4 0.282813 0.038889 0.300000 0.077778 0.432812 0.077778
201 4 0.431250 0.233333 0.496875 0.386111 0.679688 0.427778
200 4 0.317188 0.175000 0.364063 0.311111 0.500000 0.333333
189 4 0.270313 0.075000 0.300000 0.133333 0.420312 0.144444
187 5 0.429688 0.230556 0.498437 0.388889 0.679688 0.425000
178 4 0.273438 0.133333 0.301563 0.191667 0.425000 0.227778
171 4 0.290625 0.433333 0.354687 0.597222 0.468750 0.733333
170 4 0.248438 0.250000 0.295312 0.344444 0.396875 0.425000
162 4 0.189062 0.394444 0.265625 0.541667 0.323437 0.663889
153 5 0.318750 0.172222 0.365625 0.311111 0.501563 0.330556
150 4 0.000000 0.841667 0.067187 0.997222 0.034375 1.341667
144 4 0.450000 0.519444 0.517188 0.716667 0.709375 0.877778
128 4 0.454688 0.372222 0.515625 0.536111 0.712500 0.638889
125 4 0.221875 0.119444 0.254688 0.191667 0.348438 0.216667
