27 4 0.275000 0.027778 0.303125 0.080556 0.426563 0.069444
25 4 0.342187 0.019444 0.365625 0.055556 0.525000 0.047222
24 4 0.359375 0.050000 0.384375 0.088889 0.551562 0.094444
23 4 0.310937 0.016667 0.331250 0.050000 0.476562 0.041667
22 4 0.318750 0.050000 0.342187 0.094444 0.490625 0.100000
21 5 0.275000 0.027778 0.303125 0.080556 0.426563 0.069444
19 4 0.312500 0.094444 0.342187 0.144444 0.484375 0.169444
16 4 0.321875 0.136111 0.350000 0.197222 0.496875 0.236111
15 4 0.279687 0.358333 0.335938 0.488889 0.448437 0.605556
5 4 0.221875 0.119444 0.259375 0.194444 0.351562 0.216667
2 4 0.454688 0.527778 0.523438 0.744444 0.717187 0.900000
