248 4 0.328125 0.136111 0.354687 0.180556 0.506250 0.227778
240 4 0.318750 0.061111 0.339062 0.097222 0.489063 0.108333
238 4 0.234375 0.413889 0.343750 0.719444 0.406250 0.775000
236 4 0.321875 0.086111 0.345313 0.125000 0.495312 0.150000
235 5 0.437500 0.283333 0.500000 0.386111 0.687500 0.477778
234 4 0.328125 0.172222 0.359375 0.247222 0.507812 0.297222
222 4 0.279687 0.083333 0.309375 0.141667 0.434375 0.155556
214 4 0.439063 0.280556 0.501563 0.383333 0.690625 0.472222
212 4 0.331250 0.258333 0.368750 0.333333 0.515625 0.425000
206 4 0.268750 0.136111 0.298438 0.191667 0.418750 0.233333
189 4 0.254688 0.200000 0.295312 0.291667 0.403125 0.344444
178 4 0.225000 0.294444 0.281250 0.416667 0.367188 0.502778
144 4 0.450000 0.519444 0.517188 0.716667 0.707812 0.877778
128 4 0.456250 0.372222 0.517188 0.530556 0.715625 0.638889
125 4 0.223438 0.122222 0.254688 0.191667 0.351562 0.216667
