200 4 0.317188 0.136111 0.360938 0.263889 0.498437 0.269444
196 4 0.321875 0.088889 0.346875 0.130556 0.495312 0.152778
194 4 0.714063 0.638889 0.840625 0.922222 1.135938 1.100000
189 4 0.278125 0.052778 0.300000 0.094444 0.428125 0.100000
187 4 0.421875 0.202778 0.489063 0.352778 0.667188 0.377778
186 4 0.318750 0.061111 0.339062 0.097222 0.489063 0.111111
178 4 0.275000 0.100000 0.303125 0.150000 0.428125 0.175000
171 4 0.314063 0.322222 0.367188 0.455556 0.498437 0.552778
170 4 0.259375 0.194444 0.303125 0.286111 0.410938 0.338889
162 4 0.229687 0.302778 0.285938 0.430556 0.373437 0.519444
157 4 0.237500 0.605556 0.342187 0.858333 0.409375 1.033333
153 5 0.314063 0.133333 0.360938 0.266667 0.495312 0.266667
150 4 0.004687 0.627778 0.162500 0.877778 0.087500 1.066667
144 4 0.451562 0.519444 0.517188 0.716667 0.710938 0.877778
128 4 0.454688 0.372222 0.515625 0.533333 0.712500 0.638889
125 4 0.221875 0.122222 0.254688 0.191667 0.350000 0.216667
