240 4 0.318750 0.050000 0.335938 0.083333 0.485938 0.091667
238 4 0.279687 0.338889 0.351562 0.563889 0.454688 0.622222
236 4 0.321875 0.075000 0.342187 0.113889 0.492188 0.130556
235 5 0.442188 0.286111 0.500000 0.386111 0.692187 0.477778
234 4 0.326562 0.147222 0.357812 0.227778 0.506250 0.261111
230 4 0.001563 0.875000 0.071875 0.997222 0.037500 1.372222
229 4 0.390625 0.138889 0.425000 0.194444 0.603125 0.238889
222 4 0.284375 0.069444 0.309375 0.119444 0.439063 0.130556
214 4 0.440625 0.286111 0.501563 0.380556 0.692187 0.477778
212 4 0.329688 0.213889 0.367188 0.291667 0.514062 0.361111
206 4 0.273438 0.113889 0.300000 0.161111 0.423438 0.194444
189 4 0.260937 0.163889 0.296875 0.250000 0.409375 0.288889
178 4 0.243750 0.255556 0.292187 0.350000 0.390625 0.430556
170 4 0.110937 0.438889 0.231250 0.688889 0.228125 0.783333
144 4 0.451562 0.522222 0.517188 0.713889 0.710938 0.880556
128 4 0.456250 0.372222 0.517188 0.533333 0.715625 0.638889
125 4 0.221875 0.122222 0.254688 0.188889 0.350000 0.216667
