197 4 0.310937 0.022222 0.332813 0.063889 0.478125 0.055556
194 4 0.770312 0.541667 0.884375 0.763889 1.212500 0.925000
189 4 0.276562 0.041667 0.298438 0.088889 0.425000 0.086111
187 5 0.420312 0.191667 0.487500 0.344444 0.664062 0.363889
186 4 0.317188 0.058333 0.340625 0.094444 0.489063 0.105556
178 4 0.268750 0.088889 0.307812 0.138889 0.423438 0.158333
171 4 0.317188 0.311111 0.367188 0.419444 0.501563 0.522222
170 4 0.262500 0.183333 0.304688 0.266667 0.415625 0.316667
162 4 0.235937 0.269444 0.292187 0.402778 0.382812 0.472222
157 4 0.254688 0.544444 0.345313 0.763889 0.428125 0.927778
153 5 0.323437 0.127778 0.364063 0.263889 0.506250 0.261111
150 4 0.051562 0.577778 0.181250 0.794444 0.142187 0.975000
144 4 0.451562 0.522222 0.517188 0.713889 0.710938 0.877778
128 4 0.453125 0.372222 0.514062 0.536111 0.710938 0.638889
125 4 0.221875 0.119444 0.254688 0.188889 0.350000 0.213889
