197 4 0.310937 0.022222 0.332813 0.063889 0.478125 0.055556
194 4 0.764062 0.550000 0.879687 0.777778 1.204687 0.938889
189 4 0.276562 0.041667 0.300000 0.088889 0.426563 0.088889
187 5 0.420312 0.191667 0.487500 0.344444 0.664062 0.363889
186 4 0.317188 0.058333 0.340625 0.094444 0.487500 0.105556
178 4 0.270313 0.088889 0.307812 0.141667 0.425000 0.161111
171 4 0.317188 0.313889 0.367188 0.422222 0.501563 0.525000
170 4 0.262500 0.183333 0.303125 0.266667 0.414062 0.316667
162 4 0.234375 0.272222 0.292187 0.405556 0.381250 0.475000
157 4 0.253125 0.550000 0.345313 0.777778 0.426563 0.938889
153 5 0.323437 0.127778 0.364063 0.266667 0.506250 0.261111
150 4 0.050000 0.583333 0.181250 0.802778 0.140625 0.986111
144 4 0.451562 0.522222 0.517188 0.713889 0.710938 0.880556
128 4 0.453125 0.369444 0.514062 0.536111 0.710938 0.638889
125 4 0.221875 0.119444 0.254688 0.188889 0.350000 0.213889
