236 4 0.318750 0.072222 0.342187 0.113889 0.490625 0.130556
235 5 0.442188 0.286111 0.501563 0.386111 0.693750 0.480556
234 5 0.325000 0.122222 0.354687 0.213889 0.503125 0.227778
233 4 0.307812 0.000000 0.325000 0.030556 0.470313 0.016667
230 4 0.001563 0.777778 0.121875 1.000000 0.062500 1.277778
229 4 0.385937 0.127778 0.418750 0.180556 0.595313 0.219444
225 4 0.326562 0.133333 0.356250 0.211111 0.506250 0.241667
222 4 0.284375 0.061111 0.306250 0.105556 0.439063 0.113889
214 4 0.442188 0.286111 0.501563 0.380556 0.692187 0.477778
212 4 0.331250 0.202778 0.370312 0.275000 0.517188 0.341667
208 4 0.325000 0.113889 0.351562 0.155556 0.501563 0.191667
206 4 0.273438 0.100000 0.300000 0.150000 0.423438 0.177778
189 4 0.262500 0.150000 0.298438 0.222222 0.412500 0.261111
178 4 0.253125 0.233333 0.296875 0.322222 0.401562 0.397222
170 4 0.146875 0.425000 0.243750 0.616667 0.268750 0.733333
144 4 0.450000 0.516667 0.518750 0.716667 0.709375 0.875000
128 4 0.456250 0.375000 0.515625 0.530556 0.714063 0.641667
125 4 0.223438 0.119444 0.254688 0.191667 0.351562 0.216667
