225 4 0.326562 0.125000 0.354687 0.180556 0.504687 0.216667
224 5 0.310937 0.236111 0.362500 0.408333 0.493750 0.438889
222 4 0.284375 0.036111 0.306250 0.077778 0.437500 0.075000
219 4 0.310937 0.236111 0.362500 0.405556 0.492188 0.441667
214 4 0.440625 0.283333 0.501563 0.383333 0.692187 0.475000
208 4 0.323437 0.091667 0.350000 0.133333 0.500000 0.158333
206 4 0.276562 0.077778 0.301563 0.119444 0.428125 0.136111
189 4 0.268750 0.116667 0.300000 0.180556 0.418750 0.208333
178 4 0.257812 0.183333 0.300000 0.258333 0.409375 0.313889
171 4 0.203125 0.669444 0.317188 0.969444 0.360938 1.155556
170 4 0.203125 0.327778 0.271875 0.475000 0.340625 0.566667
162 4 0.071875 0.575000 0.196875 0.797222 0.171875 0.975000
144 4 0.453125 0.522222 0.517188 0.713889 0.712500 0.880556
128 4 0.456250 0.369444 0.512500 0.533333 0.712500 0.636111
125 4 0.221875 0.116667 0.256250 0.213889 0.350000 0.225000
