219 4 0.314063 0.211111 0.362500 0.363889 0.496875 0.394444
216 4 0.315625 0.050000 0.335938 0.086111 0.484375 0.091667
214 4 0.431250 0.241667 0.498437 0.383333 0.681250 0.433333
212 4 0.326562 0.122222 0.351562 0.172222 0.503125 0.208333
208 4 0.320312 0.088889 0.346875 0.130556 0.493750 0.155556
206 4 0.279687 0.063889 0.300000 0.100000 0.429688 0.113889
200 5 0.315625 0.211111 0.364063 0.366667 0.498437 0.394444
189 4 0.271875 0.100000 0.298438 0.158333 0.421875 0.180556
178 4 0.264062 0.158333 0.300000 0.230556 0.414062 0.275000
171 4 0.246875 0.558333 0.339062 0.786111 0.417187 0.952778
170 4 0.225000 0.294444 0.282813 0.419444 0.367188 0.502778
162 4 0.125000 0.491667 0.229687 0.677778 0.240625 0.830556
144 4 0.451562 0.519444 0.518750 0.716667 0.710938 0.877778
128 4 0.456250 0.369444 0.512500 0.533333 0.712500 0.636111
125 4 0.221875 0.116667 0.253125 0.188889 0.348438 0.211111
