238 4 0.290625 0.294444 0.356250 0.505556 0.468750 0.547222
236 4 0.318750 0.069444 0.342187 0.108333 0.490625 0.122222
235 5 0.442188 0.286111 0.500000 0.386111 0.693750 0.480556
233 4 0.307812 0.000000 0.325000 0.030556 0.470313 0.016667
230 4 0.001563 0.766667 0.128125 1.000000 0.065625 1.266667
229 4 0.385937 0.127778 0.417187 0.177778 0.595313 0.219444
225 4 0.328125 0.144444 0.354687 0.211111 0.504687 0.250000
222 4 0.285938 0.058333 0.306250 0.105556 0.439063 0.111111
214 4 0.440625 0.286111 0.500000 0.380556 0.692187 0.477778
208 4 0.325000 0.111111 0.351562 0.152778 0.501563 0.188889
206 4 0.275000 0.100000 0.298438 0.150000 0.423438 0.175000
189 4 0.262500 0.147222 0.298438 0.219444 0.412500 0.258333
178 4 0.254688 0.230556 0.296875 0.316667 0.403125 0.388889
170 4 0.151562 0.419444 0.245312 0.613889 0.275000 0.727778
144 4 0.450000 0.519444 0.518750 0.713889 0.710938 0.877778
128 4 0.454688 0.375000 0.515625 0.530556 0.712500 0.641667
125 4 0.223438 0.119444 0.253125 0.191667 0.350000 0.216667
