201 4 0.425000 0.211111 0.487500 0.355556 0.668750 0.391667
200 5 0.321875 0.141667 0.362500 0.266667 0.504687 0.275000
194 4 0.676562 0.713889 0.814063 1.011111 1.084375 1.222222
189 4 0.276562 0.058333 0.300000 0.105556 0.426563 0.111111
187 5 0.425000 0.208333 0.489063 0.352778 0.670312 0.386111
186 4 0.318750 0.061111 0.340625 0.100000 0.489063 0.111111
178 4 0.275000 0.105556 0.304688 0.161111 0.428125 0.186111
171 4 0.310937 0.330556 0.368750 0.477778 0.495312 0.569444
170 4 0.260937 0.213889 0.300000 0.294444 0.410938 0.361111
162 4 0.223438 0.316667 0.285938 0.450000 0.367188 0.541667
157 4 0.218750 0.650000 0.329688 0.938889 0.384375 1.119444
153 4 0.321875 0.141667 0.364063 0.266667 0.504687 0.275000
150 4 0.000000 0.669444 0.153125 0.933333 0.076563 1.136111
144 4 0.450000 0.519444 0.518750 0.716667 0.709375 0.877778
128 4 0.454688 0.372222 0.515625 0.536111 0.712500 0.638889
125 4 0.221875 0.119444 0.254688 0.191667 0.350000 0.216667
