223 4 0.373437 0.094444 0.401562 0.138889 0.575000 0.166667
222 4 0.282813 0.033333 0.304688 0.075000 0.434375 0.072222
214 4 0.440625 0.280556 0.501563 0.383333 0.692187 0.475000
212 4 0.328125 0.163889 0.364063 0.233333 0.510938 0.280556
208 4 0.323437 0.091667 0.350000 0.136111 0.498437 0.161111
206 4 0.275000 0.072222 0.300000 0.116667 0.425000 0.133333
189 4 0.268750 0.116667 0.298438 0.177778 0.418750 0.205556
178 4 0.259375 0.180556 0.301563 0.255556 0.409375 0.311111
171 4 0.209375 0.658333 0.318750 0.944444 0.368750 1.130556
170 4 0.204687 0.325000 0.271875 0.469444 0.342187 0.558333
162 4 0.081250 0.563889 0.203125 0.777778 0.182812 0.952778
144 4 0.453125 0.522222 0.517188 0.713889 0.712500 0.880556
128 4 0.456250 0.369444 0.512500 0.533333 0.712500 0.636111
125 4 0.220312 0.119444 0.256250 0.213889 0.348438 0.227778
