240 4 0.317188 0.047222 0.337500 0.080556 0.485938 0.088889
238 4 0.282813 0.330556 0.353125 0.552778 0.459375 0.605556
236 4 0.318750 0.066667 0.340625 0.111111 0.490625 0.122222
235 5 0.442188 0.286111 0.501563 0.383333 0.693750 0.477778
234 4 0.326562 0.136111 0.357812 0.222222 0.506250 0.247222
233 4 0.309375 0.000000 0.326562 0.036111 0.473438 0.019444
230 4 0.000000 0.847222 0.082812 0.997222 0.040625 1.347222
229 4 0.389062 0.130556 0.423438 0.188889 0.601562 0.227778
225 5 0.325000 0.125000 0.357812 0.225000 0.504687 0.238889
222 4 0.284375 0.066667 0.307812 0.116667 0.439063 0.125000
214 4 0.442188 0.283333 0.501563 0.383333 0.693750 0.475000
212 4 0.329688 0.211111 0.368750 0.286111 0.514062 0.355556
206 4 0.273438 0.111111 0.300000 0.158333 0.425000 0.191667
189 4 0.260937 0.158333 0.298438 0.238889 0.410938 0.277778
178 4 0.246875 0.255556 0.292187 0.338889 0.393750 0.425000
170 4 0.120313 0.455556 0.229687 0.663889 0.235937 0.788889
144 4 0.451562 0.522222 0.517188 0.713889 0.710938 0.880556
128 4 0.457813 0.372222 0.515625 0.533333 0.715625 0.638889
125 4 0.223438 0.122222 0.254688 0.191667 0.351562 0.219444
