206 4 0.284375 0.036111 0.301563 0.075000 0.435937 0.075000
200 4 0.318750 0.169444 0.367188 0.311111 0.503125 0.325000
189 4 0.270313 0.072222 0.300000 0.130556 0.420312 0.138889
187 5 0.426563 0.230556 0.496875 0.391667 0.675000 0.425000
178 4 0.273438 0.130556 0.303125 0.188889 0.425000 0.225000
171 4 0.292187 0.419444 0.356250 0.586111 0.471875 0.713889
170 4 0.248438 0.244444 0.296875 0.341667 0.398438 0.413889
162 4 0.195312 0.391667 0.265625 0.530556 0.328125 0.658333
153 5 0.318750 0.169444 0.367188 0.308333 0.503125 0.325000
150 4 0.000000 0.830556 0.071875 0.997222 0.035937 1.330556
144 4 0.448437 0.519444 0.517188 0.716667 0.707812 0.877778
128 4 0.454688 0.372222 0.515625 0.533333 0.712500 0.638889
125 4 0.221875 0.116667 0.254688 0.191667 0.350000 0.211111
