200 5 0.321875 0.144444 0.365625 0.288889 0.506250 0.288889
189 4 0.273438 0.063889 0.300000 0.116667 0.423438 0.122222
186 4 0.317188 0.069444 0.340625 0.105556 0.489063 0.125000
178 4 0.271875 0.116667 0.303125 0.175000 0.423438 0.205556
171 4 0.303125 0.363889 0.365625 0.519444 0.485938 0.625000
170 4 0.256250 0.219444 0.300000 0.313889 0.407813 0.377778
162 4 0.210938 0.352778 0.276562 0.477778 0.348438 0.591667
157 4 0.195312 0.738889 0.317188 1.008333 0.354687 1.244444
153 4 0.323437 0.150000 0.364063 0.280556 0.506250 0.288889
150 4 0.000000 0.736111 0.117188 1.000000 0.057813 1.236111
144 4 0.451562 0.522222 0.517188 0.716667 0.710938 0.883333
128 4 0.454688 0.369444 0.517188 0.533333 0.712500 0.636111
125 4 0.223438 0.116667 0.253125 0.191667 0.350000 0.213889
