214 4 0.431250 0.244444 0.500000 0.380556 0.682813 0.436111
213 4 0.326562 0.133333 0.359375 0.197222 0.506250 0.233333
212 4 0.325000 0.113889 0.351562 0.166667 0.501563 0.197222
208 4 0.321875 0.083333 0.345313 0.122222 0.495312 0.147222
206 4 0.279687 0.052778 0.301563 0.091667 0.431250 0.100000
200 4 0.320312 0.205556 0.365625 0.338889 0.503125 0.375000
189 4 0.271875 0.091667 0.298438 0.147222 0.421875 0.166667
178 4 0.267188 0.150000 0.303125 0.219444 0.418750 0.261111
171 4 0.262500 0.508333 0.345313 0.713889 0.435937 0.866667
170 4 0.232813 0.277778 0.289062 0.386111 0.378125 0.472222
162 4 0.154688 0.452778 0.245312 0.616667 0.278125 0.761111
144 4 0.450000 0.522222 0.518750 0.713889 0.709375 0.880556
128 4 0.456250 0.366667 0.512500 0.536111 0.712500 0.636111
125 4 0.223438 0.119444 0.253125 0.188889 0.350000 0.213889
