222 4 0.284375 0.030556 0.304688 0.072222 0.437500 0.069444
221 4 0.317188 0.063889 0.340625 0.097222 0.487500 0.113889
219 4 0.314063 0.225000 0.364063 0.380556 0.496875 0.413889
214 4 0.434375 0.272222 0.500000 0.386111 0.684375 0.463889
212 4 0.326562 0.127778 0.353125 0.175000 0.503125 0.216667
208 4 0.323437 0.097222 0.346875 0.133333 0.496875 0.163889
206 4 0.278125 0.066667 0.300000 0.111111 0.428125 0.125000
189 4 0.271875 0.111111 0.300000 0.166667 0.421875 0.194444
178 4 0.262500 0.172222 0.301563 0.244444 0.414062 0.294444
171 4 0.225000 0.619444 0.325000 0.875000 0.389062 1.058333
170 4 0.214062 0.305556 0.278125 0.444444 0.353125 0.527778
162 4 0.098437 0.530556 0.214062 0.736111 0.206250 0.900000
144 4 0.451562 0.522222 0.518750 0.713889 0.710938 0.880556
128 4 0.456250 0.369444 0.512500 0.533333 0.712500 0.636111
125 4 0.221875 0.116667 0.253125 0.191667 0.348438 0.213889
