201 4 0.428125 0.230556 0.495312 0.380556 0.676562 0.422222
200 5 0.320312 0.150000 0.362500 0.297222 0.501563 0.300000
189 4 0.275000 0.069444 0.300000 0.119444 0.425000 0.127778
187 5 0.426563 0.225000 0.495312 0.383333 0.675000 0.416667
186 4 0.318750 0.072222 0.340625 0.108333 0.489063 0.125000
178 4 0.271875 0.119444 0.303125 0.177778 0.423438 0.208333
171 4 0.301563 0.380556 0.364063 0.536111 0.484375 0.650000
170 4 0.254688 0.222222 0.300000 0.316667 0.404687 0.380556
157 4 0.189062 0.763889 0.315625 1.005556 0.346875 1.266667
153 4 0.320312 0.155556 0.362500 0.288889 0.501563 0.300000
150 4 0.001563 0.747222 0.114062 1.000000 0.059375 1.247222
144 4 0.450000 0.522222 0.518750 0.716667 0.709375 0.880556
128 4 0.453125 0.369444 0.517188 0.536111 0.712500 0.638889
125 4 0.223438 0.119444 0.253125 0.191667 0.350000 0.216667
