237 4 0.251563 0.058333 0.270313 0.113889 0.385937 0.116667
236 4 0.320312 0.066667 0.340625 0.102778 0.490625 0.119444
235 5 0.443750 0.286111 0.501563 0.383333 0.693750 0.477778
233 4 0.307812 0.000000 0.325000 0.027778 0.470313 0.013889
230 4 0.001563 0.730556 0.140625 1.000000 0.071875 1.230556
229 4 0.384375 0.122222 0.414062 0.172222 0.592187 0.208333
225 4 0.325000 0.141667 0.356250 0.205556 0.503125 0.244444
222 4 0.285938 0.052778 0.306250 0.100000 0.439063 0.105556
219 4 0.296875 0.280556 0.359375 0.483333 0.476562 0.522222
214 4 0.442188 0.286111 0.501563 0.380556 0.693750 0.477778
212 4 0.331250 0.194444 0.365625 0.263889 0.514062 0.325000
208 4 0.325000 0.111111 0.351562 0.155556 0.501563 0.188889
206 4 0.275000 0.097222 0.298438 0.141667 0.425000 0.166667
189 4 0.262500 0.144444 0.298438 0.213889 0.412500 0.252778
178 4 0.256250 0.225000 0.298438 0.305556 0.406250 0.377778
170 4 0.162500 0.394444 0.248438 0.580556 0.285938 0.686111
144 4 0.450000 0.516667 0.518750 0.716667 0.709375 0.875000
128 4 0.456250 0.372222 0.515625 0.533333 0.714063 0.638889
125 4 0.221875 0.119444 0.254688 0.194444 0.350000 0.216667
