189 4 0.276562 0.027778 0.298438 0.066667 0.426563 0.063889
187 5 0.417187 0.183333 0.476562 0.311111 0.656250 0.338889
185 5 0.325000 0.125000 0.360938 0.230556 0.504687 0.241667
178 4 0.278125 0.069444 0.304688 0.113889 0.431250 0.127778
171 4 0.328125 0.258333 0.370312 0.358333 0.512500 0.438889
170 4 0.265625 0.147222 0.306250 0.236111 0.418750 0.266667
162 4 0.254688 0.255556 0.300000 0.341667 0.406250 0.427778
157 4 0.292187 0.441667 0.350000 0.602778 0.467187 0.744444
153 4 0.325000 0.127778 0.360938 0.227778 0.504687 0.241667
150 4 0.123438 0.472222 0.218750 0.644444 0.232813 0.797222
147 4 0.417187 0.183333 0.476562 0.308333 0.654687 0.338889
144 4 0.450000 0.519444 0.520312 0.713889 0.710938 0.875000
128 4 0.453125 0.352778 0.517188 0.530556 0.710938 0.619444
125 4 0.221875 0.116667 0.253125 0.188889 0.348438 0.211111
