206 4 0.284375 0.033333 0.303125 0.075000 0.435937 0.072222
204 4 0.317188 0.102778 0.348438 0.155556 0.492188 0.180556
201 4 0.428125 0.230556 0.495312 0.383333 0.676562 0.422222
200 5 0.318750 0.152778 0.364063 0.302778 0.501563 0.305556
189 4 0.271875 0.072222 0.298438 0.125000 0.421875 0.133333
187 5 0.428125 0.227778 0.495312 0.386111 0.676562 0.422222
178 4 0.271875 0.125000 0.303125 0.183333 0.423438 0.216667
171 4 0.298438 0.411111 0.357812 0.563889 0.478125 0.694444
170 4 0.251563 0.236111 0.296875 0.333333 0.401562 0.405556
162 4 0.196875 0.375000 0.270313 0.519444 0.332813 0.636111
153 4 0.317188 0.158333 0.364063 0.297222 0.500000 0.308333
150 4 0.000000 0.802778 0.082812 0.997222 0.040625 1.300000
144 4 0.450000 0.519444 0.517188 0.716667 0.707812 0.877778
128 4 0.454688 0.372222 0.514062 0.530556 0.712500 0.638889
125 4 0.223438 0.119444 0.254688 0.194444 0.351562 0.216667
