194 4 0.779687 0.519444 0.895312 0.738889 1.228125 0.888889
189 4 0.276562 0.038889 0.298438 0.086111 0.426563 0.083333
187 5 0.420312 0.191667 0.485938 0.344444 0.664062 0.363889
186 4 0.318750 0.055556 0.339062 0.094444 0.489063 0.105556
178 4 0.267188 0.086111 0.307812 0.136111 0.421875 0.155556
171 4 0.318750 0.311111 0.367188 0.413889 0.503125 0.516667
170 4 0.262500 0.183333 0.304688 0.263889 0.415625 0.316667
162 4 0.237500 0.266667 0.292187 0.394444 0.384375 0.463889
157 4 0.256250 0.533333 0.345313 0.750000 0.429688 0.908333
153 5 0.323437 0.125000 0.364063 0.261111 0.506250 0.258333
150 4 0.059375 0.569444 0.184375 0.777778 0.151562 0.958333
144 4 0.451562 0.519444 0.517188 0.716667 0.710938 0.877778
128 4 0.453125 0.366667 0.514062 0.536111 0.710938 0.636111
125 4 0.221875 0.116667 0.254688 0.188889 0.350000 0.211111
