242 4 0.326562 0.130556 0.354687 0.172222 0.504687 0.216667
238 4 0.259375 0.380556 0.348438 0.644444 0.434375 0.702778
235 5 0.439063 0.286111 0.501563 0.383333 0.690625 0.477778
234 4 0.326562 0.141667 0.360938 0.238889 0.507812 0.261111
222 4 0.282813 0.077778 0.309375 0.130556 0.437500 0.144444
214 4 0.439063 0.283333 0.503125 0.380556 0.690625 0.475000
212 4 0.329688 0.227778 0.370312 0.325000 0.515625 0.391667
206 4 0.270313 0.127778 0.298438 0.177778 0.420312 0.216667
189 4 0.259375 0.180556 0.295312 0.269444 0.406250 0.316667
178 4 0.234375 0.277778 0.287500 0.386111 0.378125 0.469444
170 4 0.073438 0.547222 0.201563 0.777778 0.175000 0.936111
144 4 0.448437 0.519444 0.518750 0.716667 0.707812 0.877778
128 4 0.457813 0.372222 0.515625 0.530556 0.715625 0.638889
125 4 0.223438 0.119444 0.253125 0.191667 0.350000 0.216667
