230 4 0.000000 0.702778 0.153125 0.997222 0.076563 1.202778
229 4 0.384375 0.119444 0.412500 0.166667 0.590625 0.202778
225 4 0.326562 0.138889 0.354687 0.197222 0.504687 0.236111
222 4 0.285938 0.052778 0.306250 0.094444 0.439063 0.100000
219 5 0.300000 0.263889 0.359375 0.466667 0.479687 0.500000
214 4 0.440625 0.283333 0.503125 0.383333 0.692187 0.475000
212 4 0.331250 0.191667 0.362500 0.255556 0.512500 0.319444
208 4 0.326562 0.105556 0.350000 0.150000 0.501563 0.180556
206 4 0.273438 0.088889 0.300000 0.141667 0.423438 0.161111
189 4 0.264062 0.141667 0.298438 0.208333 0.414062 0.247222
178 4 0.256250 0.219444 0.298438 0.291667 0.406250 0.363889
170 4 0.170313 0.372222 0.251563 0.555556 0.296875 0.650000
144 4 0.450000 0.516667 0.517188 0.716667 0.709375 0.875000
128 4 0.456250 0.372222 0.515625 0.533333 0.714063 0.638889
125 4 0.221875 0.122222 0.254688 0.194444 0.350000 0.219444
