241 4 0.353125 0.052778 0.376563 0.088889 0.542188 0.097222
240 4 0.317188 0.050000 0.337500 0.086111 0.485938 0.094444
238 4 0.267188 0.363889 0.348438 0.608333 0.442188 0.669444
236 4 0.320312 0.080556 0.343750 0.127778 0.493750 0.144444
235 5 0.439063 0.283333 0.500000 0.386111 0.689063 0.477778
234 4 0.326562 0.152778 0.359375 0.230556 0.506250 0.269444
222 4 0.282813 0.075000 0.309375 0.125000 0.437500 0.138889
214 4 0.439063 0.280556 0.503125 0.383333 0.690625 0.472222
212 4 0.328125 0.213889 0.373437 0.322222 0.515625 0.377778
206 4 0.273438 0.116667 0.298438 0.169444 0.423438 0.202778
189 4 0.257812 0.163889 0.300000 0.261111 0.407813 0.297222
178 4 0.239063 0.263889 0.292187 0.369444 0.385937 0.450000
170 4 0.093750 0.513889 0.212500 0.738889 0.201563 0.886111
144 4 0.448437 0.519444 0.517188 0.716667 0.707812 0.877778
128 4 0.457813 0.372222 0.515625 0.533333 0.715625 0.638889
125 4 0.221875 0.119444 0.254688 0.194444 0.350000 0.216667
