189 4 0.276562 0.036111 0.300000 0.080556 0.426563 0.077778
187 5 0.420312 0.188889 0.482812 0.333333 0.662500 0.355556
186 4 0.318750 0.050000 0.339062 0.088889 0.487500 0.094444
185 4 0.325000 0.127778 0.360938 0.241667 0.506250 0.247222
178 4 0.271875 0.080556 0.304688 0.127778 0.425000 0.147222
171 4 0.323437 0.269444 0.373437 0.388889 0.510938 0.463889
170 4 0.264062 0.177778 0.307812 0.255556 0.418750 0.305556
162 4 0.246875 0.258333 0.296875 0.372222 0.395313 0.444444
157 4 0.271875 0.491667 0.350000 0.688889 0.448437 0.836111
153 5 0.323437 0.122222 0.362500 0.247222 0.504687 0.247222
150 4 0.087500 0.525000 0.201563 0.719444 0.189062 0.883333
144 4 0.450000 0.522222 0.518750 0.713889 0.709375 0.880556
128 4 0.454688 0.361111 0.514062 0.533333 0.712500 0.627778
125 4 0.221875 0.122222 0.254688 0.191667 0.348438 0.219444
