223 4 0.373437 0.094444 0.401562 0.138889 0.575000 0.163889
222 4 0.282813 0.033333 0.304688 0.075000 0.435937 0.072222
219 4 0.312500 0.230556 0.362500 0.394444 0.493750 0.427778
214 4 0.440625 0.280556 0.501563 0.383333 0.692187 0.472222
212 4 0.328125 0.150000 0.362500 0.213889 0.509375 0.255556
208 4 0.323437 0.094444 0.350000 0.136111 0.498437 0.163889
206 4 0.275000 0.072222 0.300000 0.116667 0.426563 0.130556
189 4 0.268750 0.113889 0.298438 0.175000 0.418750 0.202778
178 4 0.259375 0.180556 0.301563 0.255556 0.410938 0.308333
171 4 0.212500 0.650000 0.320312 0.933333 0.371875 1.116667
170 4 0.206250 0.322222 0.273438 0.466667 0.343750 0.555556
162 4 0.085938 0.558333 0.204687 0.769444 0.189062 0.944444
144 4 0.453125 0.522222 0.517188 0.713889 0.712500 0.880556
128 4 0.456250 0.369444 0.512500 0.533333 0.712500 0.636111
125 4 0.221875 0.122222 0.256250 0.213889 0.350000 0.230556
