189 4 0.278125 0.030556 0.298438 0.069444 0.426563 0.063889
187 4 0.415625 0.183333 0.475000 0.311111 0.653125 0.338889
186 4 0.317188 0.047222 0.337500 0.088889 0.485938 0.091667
178 4 0.276562 0.072222 0.304688 0.113889 0.428125 0.130556
171 4 0.325000 0.258333 0.370312 0.361111 0.510938 0.438889
170 4 0.265625 0.152778 0.304688 0.238889 0.418750 0.272222
162 4 0.253125 0.258333 0.301563 0.341667 0.404687 0.427778
157 4 0.287500 0.444444 0.348438 0.608333 0.462500 0.750000
153 4 0.325000 0.127778 0.359375 0.227778 0.504687 0.241667
150 4 0.121875 0.477778 0.217188 0.650000 0.229687 0.802778
147 5 0.415625 0.183333 0.475000 0.311111 0.653125 0.338889
144 4 0.450000 0.516667 0.520312 0.711111 0.710938 0.875000
128 4 0.450000 0.347222 0.515625 0.530556 0.709375 0.613889
125 4 0.221875 0.116667 0.253125 0.186111 0.348438 0.211111
