241 4 0.353125 0.052778 0.375000 0.086111 0.540625 0.097222
240 4 0.317188 0.050000 0.335938 0.083333 0.484375 0.091667
238 4 0.276562 0.352778 0.354687 0.588889 0.454688 0.647222
236 4 0.320312 0.077778 0.343750 0.119444 0.493750 0.138889
235 5 0.440625 0.283333 0.500000 0.386111 0.690625 0.477778
234 4 0.321875 0.150000 0.357812 0.230556 0.500000 0.266667
225 5 0.320312 0.125000 0.357812 0.236111 0.500000 0.244444
222 4 0.285938 0.072222 0.309375 0.119444 0.440625 0.133333
214 4 0.440625 0.283333 0.501563 0.380556 0.692187 0.475000
212 4 0.331250 0.216667 0.371875 0.302778 0.517188 0.369444
206 4 0.273438 0.116667 0.298438 0.166667 0.423438 0.200000
189 4 0.260937 0.166667 0.295312 0.250000 0.409375 0.291667
178 4 0.240625 0.258333 0.292187 0.361111 0.385937 0.438889
170 4 0.101562 0.488889 0.220312 0.722222 0.210938 0.852778
144 4 0.450000 0.519444 0.517188 0.716667 0.709375 0.877778
128 4 0.456250 0.372222 0.517188 0.533333 0.715625 0.638889
125 4 0.221875 0.122222 0.254688 0.191667 0.350000 0.216667
