238 4 0.262500 0.375000 0.348438 0.630556 0.437500 0.688889
235 5 0.439063 0.286111 0.501563 0.383333 0.690625 0.477778
234 4 0.326562 0.144444 0.360938 0.236111 0.507812 0.263889
222 4 0.284375 0.077778 0.309375 0.125000 0.439063 0.141667
214 4 0.439063 0.283333 0.503125 0.383333 0.690625 0.475000
212 4 0.329688 0.222222 0.373437 0.327778 0.515625 0.386111
206 4 0.271875 0.122222 0.298438 0.177778 0.421875 0.213889
189 4 0.257812 0.177778 0.296875 0.266667 0.406250 0.313889
178 4 0.235937 0.277778 0.289062 0.380556 0.381250 0.469444
170 4 0.076563 0.538889 0.204687 0.769444 0.179688 0.925000
144 4 0.448437 0.519444 0.518750 0.716667 0.707812 0.877778
128 4 0.457813 0.375000 0.515625 0.530556 0.715625 0.641667
125 4 0.223438 0.119444 0.254688 0.191667 0.350000 0.216667
