189 4 0.278125 0.036111 0.298438 0.075000 0.428125 0.072222
187 5 0.418750 0.191667 0.479687 0.333333 0.659375 0.358333
186 4 0.318750 0.050000 0.339062 0.094444 0.489063 0.100000
185 4 0.325000 0.125000 0.360938 0.238889 0.506250 0.244444
178 4 0.275000 0.077778 0.304688 0.122222 0.428125 0.138889
171 4 0.325000 0.263889 0.370312 0.377778 0.510938 0.455556
170 4 0.264062 0.163889 0.306250 0.247222 0.417187 0.288889
162 4 0.246875 0.258333 0.298438 0.369444 0.396875 0.441667
157 4 0.276562 0.469444 0.350000 0.672222 0.451562 0.805556
153 5 0.325000 0.125000 0.360938 0.241667 0.504687 0.247222
150 4 0.098437 0.508333 0.206250 0.702778 0.201563 0.861111
144 4 0.450000 0.522222 0.517188 0.711111 0.709375 0.877778
128 4 0.453125 0.350000 0.515625 0.530556 0.710938 0.616667
125 4 0.220312 0.119444 0.253125 0.188889 0.346875 0.213889
