225 4 0.325000 0.130556 0.354687 0.191667 0.503125 0.227778
224 4 0.310937 0.250000 0.360938 0.416667 0.492188 0.458333
222 4 0.284375 0.036111 0.307812 0.080556 0.437500 0.077778
219 5 0.310937 0.250000 0.360938 0.416667 0.490625 0.458333
214 4 0.442188 0.283333 0.501563 0.380556 0.693750 0.475000
212 4 0.328125 0.169444 0.364063 0.244444 0.510938 0.291667
206 4 0.273438 0.077778 0.300000 0.125000 0.423438 0.141667
189 4 0.268750 0.119444 0.300000 0.188889 0.418750 0.216667
178 4 0.259375 0.191667 0.301563 0.266667 0.410938 0.325000
171 4 0.185938 0.700000 0.306250 1.008333 0.340625 1.205556
170 4 0.198437 0.338889 0.267188 0.488889 0.332813 0.583333
144 4 0.451562 0.522222 0.517188 0.713889 0.710938 0.880556
128 4 0.456250 0.369444 0.512500 0.533333 0.712500 0.636111
125 4 0.223438 0.113889 0.253125 0.188889 0.350000 0.208333
