206 4 0.282813 0.038889 0.300000 0.077778 0.432812 0.080556
201 4 0.431250 0.233333 0.496875 0.386111 0.679688 0.427778
200 4 0.317188 0.175000 0.364063 0.311111 0.500000 0.333333
189 4 0.270313 0.077778 0.300000 0.133333 0.420312 0.144444
187 5 0.429688 0.230556 0.498437 0.388889 0.679688 0.425000
178 4 0.271875 0.133333 0.301563 0.191667 0.423438 0.230556
171 4 0.289062 0.438889 0.353125 0.602778 0.465625 0.738889
170 4 0.248438 0.252778 0.295312 0.347222 0.395313 0.427778
162 4 0.187500 0.394444 0.265625 0.544444 0.321875 0.666667
153 5 0.317188 0.175000 0.364063 0.311111 0.500000 0.330556
150 4 0.000000 0.850000 0.062500 0.997222 0.031250 1.350000
144 4 0.450000 0.519444 0.517188 0.716667 0.709375 0.877778
128 4 0.453125 0.369444 0.517188 0.533333 0.712500 0.636111
125 4 0.221875 0.119444 0.253125 0.191667 0.348438 0.216667
