219 4 0.315625 0.216667 0.365625 0.372222 0.498437 0.402778
214 4 0.431250 0.255556 0.500000 0.394444 0.681250 0.452778
213 4 0.328125 0.150000 0.360938 0.219444 0.509375 0.258333
212 4 0.326562 0.125000 0.353125 0.175000 0.503125 0.213889
208 4 0.321875 0.091667 0.346875 0.130556 0.495312 0.158333
206 4 0.279687 0.063889 0.300000 0.105556 0.429688 0.116667
200 5 0.315625 0.211111 0.365625 0.372222 0.498437 0.397222
189 4 0.270313 0.100000 0.298438 0.161111 0.420312 0.183333
178 4 0.262500 0.161111 0.300000 0.233333 0.412500 0.280556
171 4 0.240625 0.577778 0.332813 0.805556 0.407813 0.980556
170 4 0.223438 0.297222 0.281250 0.425000 0.364063 0.511111
162 4 0.123438 0.502778 0.228125 0.691667 0.237500 0.847222
144 4 0.451562 0.519444 0.517188 0.716667 0.710938 0.877778
128 4 0.456250 0.369444 0.512500 0.533333 0.712500 0.636111
125 4 0.221875 0.119444 0.254688 0.188889 0.350000 0.213889
