196 4 0.320312 0.083333 0.345313 0.122222 0.493750 0.144444
194 4 0.798438 0.491667 0.915625 0.697222 1.256250 0.841667
189 4 0.276562 0.036111 0.300000 0.083333 0.426563 0.077778
187 5 0.418750 0.188889 0.484375 0.341667 0.660937 0.361111
186 4 0.318750 0.052778 0.339062 0.088889 0.489063 0.100000
178 4 0.268750 0.086111 0.306250 0.133333 0.421875 0.152778
171 4 0.323437 0.297222 0.368750 0.402778 0.507812 0.500000
170 4 0.264062 0.183333 0.306250 0.261111 0.417187 0.313889
162 4 0.242188 0.261111 0.295312 0.386111 0.390625 0.455556
157 4 0.262500 0.513889 0.346875 0.719444 0.437500 0.875000
153 5 0.325000 0.125000 0.362500 0.252778 0.506250 0.250000
150 4 0.071875 0.550000 0.195312 0.747222 0.170313 0.925000
144 4 0.450000 0.519444 0.518750 0.716667 0.709375 0.877778
128 4 0.454688 0.366667 0.514062 0.533333 0.712500 0.633333
125 4 0.221875 0.122222 0.254688 0.188889 0.350000 0.216667
