191 4 0.004687 0.780556 0.268750 1.002778 0.139063 1.283333
189 4 0.278125 0.030556 0.298438 0.069444 0.426563 0.066667
178 4 0.276562 0.072222 0.306250 0.119444 0.429688 0.133333
171 4 0.328125 0.266667 0.368750 0.363889 0.512500 0.450000
170 4 0.265625 0.152778 0.306250 0.241667 0.418750 0.275000
162 4 0.250000 0.258333 0.298438 0.350000 0.400000 0.436111
157 4 0.282813 0.444444 0.350000 0.625000 0.457813 0.758333
153 4 0.323437 0.127778 0.359375 0.238889 0.503125 0.247222
150 4 0.114062 0.488889 0.218750 0.669444 0.223438 0.825000
147 4 0.417187 0.188889 0.476562 0.313889 0.656250 0.344444
144 4 0.451562 0.519444 0.520312 0.711111 0.710938 0.875000
128 4 0.448437 0.344444 0.515625 0.533333 0.706250 0.611111
125 4 0.221875 0.119444 0.253125 0.186111 0.348438 0.211111
