214 4 0.432812 0.241667 0.500000 0.380556 0.682813 0.433333
213 4 0.326562 0.144444 0.359375 0.205556 0.506250 0.247222
212 4 0.325000 0.113889 0.351562 0.166667 0.500000 0.197222
208 4 0.321875 0.083333 0.345313 0.122222 0.495312 0.144444
206 4 0.279687 0.055556 0.301563 0.091667 0.431250 0.100000
200 4 0.320312 0.205556 0.365625 0.341667 0.503125 0.375000
189 4 0.271875 0.091667 0.298438 0.147222 0.421875 0.166667
178 4 0.264062 0.147222 0.301563 0.219444 0.415625 0.258333
171 4 0.260937 0.516667 0.343750 0.719444 0.432812 0.877778
170 4 0.232813 0.277778 0.289062 0.388889 0.376563 0.475000
162 4 0.153125 0.455556 0.243750 0.619444 0.275000 0.766667
144 4 0.450000 0.522222 0.518750 0.713889 0.709375 0.880556
128 4 0.456250 0.369444 0.514062 0.536111 0.714063 0.636111
125 4 0.223438 0.119444 0.253125 0.188889 0.350000 0.213889
