200 4 0.323437 0.130556 0.364063 0.261111 0.506250 0.261111
194 4 0.757812 0.561111 0.875000 0.794444 1.196875 0.958333
189 4 0.276562 0.044444 0.300000 0.088889 0.426563 0.091667
187 5 0.420312 0.194444 0.487500 0.344444 0.665625 0.366667
186 4 0.317188 0.058333 0.340625 0.094444 0.487500 0.105556
178 4 0.271875 0.091667 0.306250 0.141667 0.425000 0.163889
171 4 0.315625 0.313889 0.367188 0.422222 0.500000 0.525000
170 4 0.262500 0.186111 0.303125 0.269444 0.414062 0.319444
162 4 0.234375 0.272222 0.292187 0.405556 0.381250 0.475000
157 4 0.253125 0.552778 0.346875 0.786111 0.426563 0.947222
153 5 0.323437 0.127778 0.364063 0.266667 0.506250 0.261111
150 4 0.048438 0.588889 0.181250 0.811111 0.139063 0.994444
144 4 0.451562 0.522222 0.517188 0.713889 0.710938 0.880556
128 4 0.453125 0.369444 0.515625 0.536111 0.710938 0.636111
125 4 0.221875 0.119444 0.254688 0.188889 0.350000 0.213889
