25 4 0.339062 0.008333 0.360938 0.044444 0.520312 0.033333
24 4 0.354687 0.038889 0.378125 0.077778 0.543750 0.080556
23 4 0.310937 0.008333 0.329688 0.038889 0.476562 0.027778
22 4 0.317188 0.041667 0.339062 0.080556 0.487500 0.080556
21 4 0.276562 0.027778 0.301563 0.069444 0.428125 0.063889
19 4 0.312500 0.080556 0.339062 0.125000 0.482812 0.144444
16 4 0.321875 0.119444 0.345313 0.172222 0.493750 0.208333
15 4 0.296875 0.291667 0.346875 0.402778 0.470313 0.491667
5 4 0.221875 0.119444 0.257812 0.194444 0.351562 0.216667
2 4 0.456250 0.486111 0.520312 0.677778 0.717187 0.825000
