225 4 0.325000 0.125000 0.354687 0.186111 0.503125 0.219444
224 4 0.310937 0.241667 0.362500 0.408333 0.492188 0.447222
222 4 0.284375 0.038889 0.306250 0.077778 0.437500 0.077778
219 5 0.310937 0.238889 0.362500 0.411111 0.492188 0.447222
214 4 0.440625 0.283333 0.501563 0.383333 0.692187 0.475000
208 4 0.325000 0.091667 0.350000 0.133333 0.500000 0.158333
206 4 0.278125 0.077778 0.301563 0.119444 0.429688 0.138889
189 4 0.268750 0.116667 0.300000 0.183333 0.418750 0.211111
178 4 0.257812 0.186111 0.300000 0.261111 0.407813 0.316667
171 4 0.200000 0.672222 0.315625 0.983333 0.357812 1.163889
170 4 0.203125 0.330556 0.271875 0.477778 0.339062 0.569444
162 4 0.070312 0.577778 0.196875 0.805556 0.168750 0.983333
144 4 0.451562 0.522222 0.517188 0.713889 0.710938 0.880556
128 4 0.456250 0.369444 0.512500 0.533333 0.712500 0.636111
125 4 0.221875 0.111111 0.254688 0.202778 0.350000 0.213889
