200 4 0.323437 0.127778 0.362500 0.258333 0.504687 0.258333
199 4 0.348438 0.033333 0.371875 0.063889 0.534375 0.063889
196 4 0.320312 0.083333 0.346875 0.127778 0.495312 0.147222
194 4 0.734375 0.600000 0.856250 0.855556 1.162500 1.027778
189 4 0.278125 0.047222 0.300000 0.094444 0.428125 0.094444
187 5 0.423438 0.194444 0.487500 0.347222 0.667188 0.369444
186 4 0.317188 0.055556 0.340625 0.097222 0.487500 0.105556
178 4 0.273438 0.097222 0.304688 0.141667 0.426563 0.169444
171 4 0.317188 0.319444 0.367188 0.441667 0.501563 0.541667
170 4 0.260937 0.186111 0.301563 0.275000 0.412500 0.325000
162 4 0.232813 0.283333 0.290625 0.416667 0.378125 0.491667
157 4 0.245312 0.580556 0.346875 0.825000 0.418750 0.994444
153 5 0.321875 0.125000 0.362500 0.261111 0.503125 0.258333
150 4 0.032813 0.600000 0.171875 0.838889 0.118750 1.019444
144 4 0.451562 0.522222 0.517188 0.713889 0.710938 0.880556
128 4 0.453125 0.372222 0.515625 0.533333 0.710938 0.638889
125 4 0.220312 0.119444 0.256250 0.191667 0.348438 0.216667
