225 4 0.325000 0.133333 0.353125 0.191667 0.501563 0.230556
224 5 0.310937 0.255556 0.360938 0.419444 0.492188 0.463889
222 4 0.284375 0.038889 0.307812 0.083333 0.439063 0.083333
219 4 0.310937 0.252778 0.360938 0.419444 0.492188 0.463889
214 4 0.442188 0.283333 0.501563 0.380556 0.693750 0.475000
212 4 0.328125 0.172222 0.364063 0.244444 0.510938 0.294444
206 4 0.273438 0.080556 0.301563 0.127778 0.425000 0.144444
189 4 0.268750 0.125000 0.300000 0.188889 0.418750 0.219444
178 4 0.259375 0.194444 0.301563 0.269444 0.410938 0.327778
171 4 0.175000 0.716667 0.300000 1.008333 0.326562 1.222222
170 4 0.195312 0.344444 0.265625 0.497222 0.329688 0.594444
144 4 0.451562 0.522222 0.515625 0.713889 0.710938 0.880556
128 4 0.456250 0.369444 0.512500 0.533333 0.712500 0.636111
125 4 0.223438 0.113889 0.253125 0.188889 0.350000 0.211111
