420 4 0.329688 0.144444 0.360938 0.219444 0.510938 0.255556
418 4 0.321875 0.083333 0.348438 0.144444 0.496875 0.158333
417 4 0.221875 0.244444 0.285938 0.405556 0.365625 0.447222
406 4 0.265625 0.141667 0.304688 0.205556 0.418750 0.244444
401 4 0.431250 0.255556 0.473438 0.341667 0.668750 0.427778
395 4 0.387500 0.133333 0.426563 0.219444 0.601562 0.244444
389 4 0.256250 0.188889 0.300000 0.277778 0.406250 0.330556
388 4 0.253125 0.477778 0.342187 0.672222 0.425000 0.813889
367 4 0.435937 0.472222 0.506250 0.650000 0.690625 0.797222
125 4 0.223438 0.116667 0.253125 0.188889 0.350000 0.211111
