423 4 0.314063 0.044444 0.339062 0.086111 0.484375 0.086111
421 4 0.217188 0.252778 0.284375 0.425000 0.359375 0.466667
420 4 0.329688 0.152778 0.364063 0.238889 0.512500 0.275000
418 4 0.323437 0.091667 0.350000 0.152778 0.498437 0.166667
417 5 0.217188 0.252778 0.284375 0.427778 0.359375 0.466667
406 4 0.265625 0.141667 0.304688 0.213889 0.417187 0.250000
401 4 0.437500 0.269444 0.482812 0.363889 0.679688 0.450000
395 4 0.392188 0.152778 0.434375 0.244444 0.609375 0.277778
389 4 0.257812 0.200000 0.300000 0.288889 0.407813 0.344444
388 4 0.242188 0.536111 0.329688 0.752778 0.407813 0.913889
367 4 0.435937 0.538889 0.510938 0.750000 0.692187 0.916667
125 4 0.221875 0.113889 0.254688 0.191667 0.350000 0.211111
