45 4 0.276562 0.036111 0.303125 0.077778 0.428125 0.075000
43 5 0.260937 0.144444 0.307812 0.258333 0.415625 0.272222
38 4 0.354687 0.044444 0.378125 0.083333 0.545312 0.086111
37 4 0.323437 0.061111 0.342187 0.102778 0.493750 0.111111
30 4 0.273438 0.080556 0.304688 0.125000 0.426563 0.144444
25 4 0.398438 0.130556 0.432812 0.200000 0.614062 0.230556
24 4 0.429688 0.233333 0.471875 0.327778 0.667188 0.397222
23 4 0.320312 0.155556 0.357812 0.238889 0.500000 0.275000
22 4 0.304688 0.288889 0.353125 0.391667 0.481250 0.486111
19 4 0.150000 0.647222 0.276562 0.905556 0.289062 1.102778
5 4 0.221875 0.122222 0.260937 0.188889 0.353125 0.216667
