43 5 0.262500 0.111111 0.312500 0.241667 0.420312 0.230556
38 4 0.354687 0.041667 0.378125 0.080556 0.543750 0.083333
37 4 0.321875 0.055556 0.342187 0.097222 0.493750 0.105556
30 4 0.273438 0.077778 0.304688 0.122222 0.426563 0.141667
25 4 0.396875 0.122222 0.431250 0.191667 0.612500 0.219444
24 4 0.429688 0.225000 0.470313 0.313889 0.664062 0.383333
23 4 0.317188 0.150000 0.359375 0.230556 0.496875 0.266667
22 4 0.306250 0.277778 0.353125 0.377778 0.484375 0.466667
19 4 0.171875 0.608333 0.284375 0.844444 0.314063 1.030556
5 4 0.221875 0.122222 0.259375 0.188889 0.351562 0.216667
