417 4 0.231250 0.227778 0.290625 0.377778 0.376563 0.416667
414 4 0.000000 0.788889 0.098437 1.000000 0.050000 1.288889
406 4 0.262500 0.133333 0.309375 0.197222 0.417187 0.233333
401 4 0.418750 0.213889 0.460938 0.288889 0.650000 0.358333
395 4 0.379688 0.119444 0.417187 0.194444 0.589063 0.216667
389 4 0.259375 0.175000 0.301563 0.261111 0.410938 0.305556
388 4 0.290625 0.388889 0.353125 0.533333 0.467187 0.655556
367 4 0.440625 0.366667 0.496875 0.505556 0.689063 0.622222
364 4 0.468750 0.872222 0.551562 1.011111 0.745313 1.377778
125 4 0.221875 0.113889 0.254688 0.191667 0.350000 0.211111
