418 4 0.321875 0.075000 0.345313 0.127778 0.495312 0.138889
417 4 0.228125 0.230556 0.290625 0.383333 0.373437 0.422222
414 4 0.000000 0.822222 0.085938 1.000000 0.043750 1.322222
413 4 0.314063 0.036111 0.334375 0.072222 0.481250 0.072222
406 4 0.264062 0.138889 0.309375 0.200000 0.418750 0.241667
401 4 0.418750 0.213889 0.462500 0.297222 0.651563 0.361111
395 4 0.379688 0.119444 0.418750 0.197222 0.590625 0.219444
389 4 0.259375 0.180556 0.301563 0.263889 0.410938 0.311111
388 4 0.285938 0.388889 0.354687 0.547222 0.464062 0.663889
367 4 0.439063 0.386111 0.496875 0.525000 0.689063 0.650000
125 4 0.221875 0.116667 0.253125 0.191667 0.348438 0.213889
