420 4 0.331250 0.138889 0.359375 0.205556 0.510938 0.244444
419 4 0.384375 0.125000 0.421875 0.211111 0.595313 0.230556
418 4 0.321875 0.077778 0.348438 0.138889 0.495312 0.147222
417 4 0.225000 0.236111 0.287500 0.391667 0.368750 0.433333
406 4 0.264062 0.138889 0.307812 0.205556 0.418750 0.244444
401 4 0.425000 0.236111 0.467187 0.319444 0.659375 0.397222
389 4 0.260937 0.186111 0.301563 0.269444 0.412500 0.322222
388 4 0.271875 0.441667 0.343750 0.605556 0.443750 0.747222
367 4 0.439063 0.430556 0.501563 0.583333 0.690625 0.722222
125 4 0.221875 0.116667 0.254688 0.188889 0.350000 0.211111
