420 4 0.331250 0.136111 0.359375 0.205556 0.510938 0.241667
419 5 0.384375 0.125000 0.421875 0.208333 0.596875 0.230556
418 4 0.320312 0.077778 0.346875 0.136111 0.495312 0.147222
417 4 0.225000 0.236111 0.289062 0.391667 0.370312 0.433333
414 4 0.000000 0.872222 0.060937 0.997222 0.031250 1.372222
413 4 0.314063 0.033333 0.337500 0.075000 0.482812 0.072222
406 4 0.264062 0.138889 0.309375 0.202778 0.418750 0.241667
401 4 0.425000 0.230556 0.467187 0.316667 0.657813 0.388889
395 4 0.384375 0.125000 0.423438 0.208333 0.595313 0.227778
389 4 0.260937 0.183333 0.300000 0.269444 0.410938 0.319444
388 4 0.275000 0.438889 0.345313 0.594444 0.448437 0.736111
367 4 0.437500 0.419444 0.503125 0.575000 0.690625 0.708333
125 4 0.221875 0.116667 0.254688 0.188889 0.350000 0.211111
