425 5 0.393750 0.152778 0.440625 0.283333 0.614062 0.297222
423 4 0.317188 0.044444 0.335938 0.080556 0.485938 0.086111
421 4 0.209375 0.263889 0.278125 0.441667 0.350000 0.486111
418 4 0.323437 0.100000 0.351562 0.158333 0.500000 0.180556
406 4 0.262500 0.138889 0.312500 0.227778 0.418750 0.252778
401 4 0.443750 0.291667 0.490625 0.394444 0.690625 0.491667
395 4 0.392188 0.155556 0.442188 0.277778 0.614062 0.297222
389 4 0.257812 0.208333 0.300000 0.300000 0.409375 0.358333
388 4 0.218750 0.594444 0.315625 0.847222 0.376563 1.019444
367 4 0.426563 0.616667 0.514062 0.877778 0.684375 1.055556
125 4 0.221875 0.116667 0.254688 0.191667 0.350000 0.213889
