421 4 0.220312 0.247222 0.285938 0.413889 0.364063 0.455556
420 4 0.329688 0.144444 0.364063 0.227778 0.512500 0.258333
418 4 0.321875 0.086111 0.350000 0.150000 0.496875 0.161111
417 5 0.220312 0.247222 0.285938 0.413889 0.364063 0.455556
406 4 0.267188 0.144444 0.304688 0.211111 0.420312 0.250000
401 4 0.432812 0.263889 0.479687 0.350000 0.673438 0.438889
395 4 0.390625 0.144444 0.429688 0.227778 0.606250 0.258333
389 4 0.256250 0.191667 0.300000 0.277778 0.406250 0.330556
388 4 0.251563 0.502778 0.335938 0.702778 0.420312 0.855556
367 4 0.432812 0.494444 0.509375 0.694444 0.687500 0.844444
125 4 0.221875 0.116667 0.254688 0.188889 0.350000 0.211111
