44 4 0.276562 0.033333 0.303125 0.069444 0.428125 0.069444
43 5 0.265625 0.075000 0.312500 0.222222 0.421875 0.186111
38 4 0.351562 0.036111 0.375000 0.069444 0.539062 0.072222
37 4 0.321875 0.052778 0.340625 0.088889 0.492188 0.097222
30 4 0.279687 0.072222 0.303125 0.108333 0.431250 0.127778
24 4 0.423438 0.205556 0.462500 0.283333 0.654687 0.347222
23 4 0.321875 0.130556 0.357812 0.202778 0.501563 0.233333
22 4 0.315625 0.230556 0.356250 0.319444 0.493750 0.391667
19 4 0.226562 0.469444 0.310937 0.655556 0.382812 0.797222
5 4 0.221875 0.125000 0.259375 0.186111 0.353125 0.219444
