427 5 0.201563 0.266667 0.278125 0.452778 0.342187 0.494444
425 4 0.395313 0.161111 0.443750 0.277778 0.617188 0.300000
423 4 0.315625 0.047222 0.337500 0.083333 0.484375 0.088889
421 4 0.203125 0.266667 0.276562 0.452778 0.342187 0.494444
401 4 0.446875 0.297222 0.496875 0.411111 0.696875 0.502778
395 5 0.395313 0.158333 0.445312 0.283333 0.617188 0.300000
389 4 0.257812 0.213889 0.296875 0.300000 0.407813 0.363889
388 4 0.201563 0.633333 0.309375 0.919444 0.356250 1.094444
367 4 0.426563 0.683333 0.517188 0.991667 0.685937 1.180556
125 4 0.221875 0.116667 0.254688 0.191667 0.350000 0.213889
