418 4 0.320312 0.077778 0.346875 0.130556 0.493750 0.141667
417 4 0.226562 0.230556 0.290625 0.386111 0.371875 0.425000
414 4 0.000000 0.850000 0.071875 0.997222 0.035937 1.350000
406 4 0.264062 0.141667 0.306250 0.202778 0.417187 0.241667
401 4 0.421875 0.225000 0.462500 0.305556 0.654687 0.377778
395 5 0.381250 0.122222 0.420312 0.200000 0.592187 0.222222
389 4 0.259375 0.183333 0.301563 0.266667 0.410938 0.316667
388 4 0.279687 0.413889 0.351562 0.575000 0.456250 0.700000
367 4 0.437500 0.400000 0.498437 0.544444 0.687500 0.672222
125 4 0.221875 0.116667 0.253125 0.191667 0.348438 0.213889
