419 4 0.385937 0.125000 0.420312 0.202778 0.596875 0.227778
417 4 0.225000 0.233333 0.289062 0.388889 0.370312 0.430556
414 4 0.000000 0.866667 0.067187 0.997222 0.034375 1.366667
406 4 0.262500 0.141667 0.306250 0.202778 0.417187 0.244444
401 4 0.423438 0.230556 0.464062 0.311111 0.654687 0.386111
395 5 0.382812 0.122222 0.421875 0.202778 0.593750 0.225000
389 4 0.259375 0.183333 0.301563 0.269444 0.410938 0.319444
388 4 0.276562 0.427778 0.348438 0.586111 0.451562 0.722222
367 4 0.434375 0.402778 0.501563 0.561111 0.685937 0.683333
125 4 0.221875 0.116667 0.253125 0.188889 0.348438 0.211111
