313 4 0.273438 0.130556 0.307812 0.188889 0.428125 0.225000
310 4 0.204687 0.333333 0.270313 0.475000 0.340625 0.572222
299 5 0.310937 0.044444 0.353125 0.158333 0.487500 0.125000
285 4 0.296875 0.397222 0.359375 0.544444 0.476562 0.669444
283 4 0.325000 0.175000 0.359375 0.250000 0.504687 0.302778
281 4 0.320312 0.255556 0.364063 0.361111 0.501563 0.436111
280 4 0.442188 0.291667 0.515625 0.463889 0.700000 0.525000
266 4 0.165625 0.691667 0.301563 1.008333 0.315625 1.197222
222 4 0.121875 0.502778 0.226562 0.722222 0.235937 0.866667
128 4 0.454688 0.480556 0.534375 0.716667 0.721875 0.838889
125 4 0.220312 0.122222 0.257812 0.197222 0.350000 0.219444
