333 4 0.278125 0.016667 0.306250 0.063889 0.431250 0.050000
330 4 0.385937 0.144444 0.412500 0.191667 0.592187 0.241667
327 4 0.434375 0.261111 0.479687 0.344444 0.675000 0.433333
323 4 0.373437 0.111111 0.395313 0.152778 0.571875 0.188889
313 4 0.256250 0.186111 0.300000 0.280556 0.406250 0.327778
310 4 0.182812 0.372222 0.254688 0.541667 0.310937 0.644444
299 5 0.312500 0.052778 0.359375 0.188889 0.492188 0.147222
285 4 0.214062 0.605556 0.328125 0.872222 0.378125 1.044444
283 4 0.318750 0.216667 0.360938 0.311111 0.500000 0.372222
281 4 0.298438 0.355556 0.354687 0.488889 0.476562 0.602778
222 4 0.050000 0.602778 0.185938 0.877778 0.143750 1.041667
128 4 0.439063 0.655556 0.540625 1.011111 0.709375 1.161111
125 4 0.218750 0.116667 0.256250 0.197222 0.348438 0.216667
