334 4 0.450000 0.347222 0.501563 0.422222 0.701562 0.558333
333 4 0.278125 0.022222 0.304688 0.066667 0.431250 0.055556
327 4 0.437500 0.263889 0.481250 0.350000 0.678125 0.438889
313 4 0.257812 0.205556 0.295312 0.280556 0.404687 0.344444
310 4 0.181250 0.383333 0.253125 0.550000 0.307812 0.658333
299 5 0.312500 0.058333 0.360938 0.194444 0.492188 0.155556
285 4 0.200000 0.638889 0.321875 0.925000 0.360938 1.102778
283 4 0.317188 0.225000 0.360938 0.319444 0.498437 0.386111
281 4 0.293750 0.372222 0.354687 0.511111 0.471875 0.627778
222 4 0.040625 0.627778 0.182812 0.902778 0.131250 1.080556
125 4 0.220312 0.116667 0.254688 0.194444 0.348438 0.216667
