327 4 0.431250 0.252778 0.476562 0.338889 0.670312 0.422222
323 4 0.371875 0.108333 0.396875 0.155556 0.570312 0.186111
313 4 0.256250 0.144444 0.301563 0.263889 0.407813 0.275000
310 4 0.187500 0.369444 0.253125 0.525000 0.314063 0.633333
299 5 0.310937 0.050000 0.357812 0.180556 0.490625 0.141667
285 4 0.239063 0.544444 0.339062 0.786111 0.407813 0.938889
283 4 0.320312 0.211111 0.360938 0.294444 0.500000 0.358333
281 4 0.306250 0.333333 0.356250 0.455556 0.485938 0.561111
222 4 0.070312 0.577778 0.196875 0.838889 0.170313 0.997222
128 4 0.453125 0.613889 0.543750 0.972222 0.726562 1.100000
125 4 0.217188 0.122222 0.259375 0.213889 0.346875 0.230556
