313 4 0.271875 0.133333 0.307812 0.191667 0.426563 0.227778
310 4 0.204687 0.336111 0.270313 0.477778 0.340625 0.575000
299 5 0.310937 0.044444 0.353125 0.158333 0.487500 0.125000
285 4 0.295312 0.400000 0.359375 0.552778 0.475000 0.677778
283 4 0.325000 0.175000 0.360938 0.250000 0.506250 0.300000
281 4 0.317188 0.255556 0.362500 0.361111 0.500000 0.436111
280 4 0.442188 0.311111 0.514062 0.469444 0.700000 0.547222
266 4 0.162500 0.700000 0.296875 1.008333 0.310937 1.202778
222 4 0.118750 0.502778 0.225000 0.727778 0.232813 0.866667
128 4 0.453125 0.486111 0.532813 0.719444 0.720313 0.847222
125 4 0.220312 0.122222 0.259375 0.200000 0.350000 0.222222
