304 4 0.276562 0.036111 0.301563 0.083333 0.428125 0.077778
303 4 0.310937 0.080556 0.343750 0.119444 0.482812 0.141667
302 4 0.348438 0.047222 0.370312 0.080556 0.534375 0.088889
301 4 0.362500 0.075000 0.389062 0.113889 0.557813 0.133333
300 4 0.698438 0.663889 0.823438 0.969444 1.110937 1.150000
299 5 0.309375 0.011111 0.343750 0.102778 0.481250 0.063889
291 4 0.373437 0.113889 0.396875 0.158333 0.571875 0.194444
285 4 0.334375 0.222222 0.368750 0.308333 0.518750 0.377778
283 4 0.321875 0.122222 0.351562 0.175000 0.498437 0.208333
281 4 0.326562 0.172222 0.359375 0.233333 0.506250 0.288889
280 4 0.442188 0.288889 0.503125 0.386111 0.693750 0.480556
266 4 0.310937 0.316667 0.364063 0.444444 0.493750 0.541667
264 4 0.387500 0.141667 0.412500 0.188889 0.593750 0.236111
261 4 0.225000 0.272222 0.282813 0.402778 0.367188 0.475000
252 4 0.400000 0.175000 0.431250 0.227778 0.615625 0.288889
248 4 0.218750 0.561111 0.323437 0.838889 0.381250 0.983333
235 5 0.442188 0.288889 0.503125 0.388889 0.693750 0.486111
222 4 0.192188 0.388889 0.262500 0.544444 0.325000 0.661111
206 4 0.064062 0.600000 0.181250 0.819444 0.154688 1.011111
144 4 0.445312 0.527778 0.518750 0.741667 0.704688 0.900000
128 4 0.457813 0.372222 0.515625 0.538889 0.715625 0.641667
125 4 0.221875 0.116667 0.254688 0.191667 0.350000 0.213889
