313 4 0.273438 0.127778 0.307812 0.186111 0.428125 0.222222
310 4 0.206250 0.333333 0.270313 0.472222 0.342187 0.569444
299 5 0.312500 0.055556 0.353125 0.161111 0.489063 0.136111
285 4 0.298438 0.388889 0.360938 0.536111 0.479687 0.655556
283 4 0.326562 0.172222 0.360938 0.244444 0.506250 0.294444
281 4 0.321875 0.255556 0.364063 0.355556 0.504687 0.433333
280 4 0.439063 0.288889 0.514062 0.461111 0.696875 0.522222
266 4 0.170313 0.677778 0.304688 0.997222 0.321875 1.177778
222 4 0.123438 0.500000 0.229687 0.719444 0.237500 0.861111
128 4 0.457813 0.466667 0.537500 0.708333 0.726562 0.822222
125 4 0.220312 0.122222 0.259375 0.197222 0.351562 0.219444
