306 4 0.310937 0.086111 0.345313 0.122222 0.484375 0.147222
304 4 0.273438 0.030556 0.301563 0.091667 0.425000 0.077778
301 4 0.365625 0.083333 0.392188 0.119444 0.562500 0.144444
300 4 0.692187 0.772222 0.803125 1.005556 1.095312 1.275000
299 5 0.307812 0.011111 0.346875 0.122222 0.481250 0.072222
291 4 0.373437 0.116667 0.396875 0.155556 0.571875 0.194444
285 4 0.329688 0.236111 0.373437 0.330556 0.517188 0.400000
283 4 0.318750 0.125000 0.351562 0.186111 0.495312 0.219444
281 4 0.329688 0.180556 0.360938 0.247222 0.509375 0.305556
280 5 0.435937 0.291667 0.503125 0.397222 0.687500 0.491667
266 4 0.304688 0.338889 0.362500 0.483333 0.485938 0.580556
264 4 0.387500 0.144444 0.414062 0.188889 0.595313 0.238889
261 4 0.226562 0.291667 0.279687 0.416667 0.365625 0.500000
252 4 0.398438 0.175000 0.431250 0.227778 0.614062 0.288889
248 4 0.189062 0.638889 0.309375 0.975000 0.345313 1.127778
235 4 0.439063 0.288889 0.504687 0.386111 0.692187 0.480556
222 4 0.184375 0.397222 0.260937 0.563889 0.315625 0.680556
206 4 0.040625 0.636111 0.164062 0.866667 0.121875 1.072222
144 4 0.446875 0.544444 0.518750 0.755556 0.706250 0.925000
128 4 0.456250 0.375000 0.518750 0.552778 0.717187 0.652778
125 4 0.220312 0.119444 0.256250 0.200000 0.348438 0.219444
