306 4 0.310937 0.088889 0.345313 0.125000 0.484375 0.152778
301 4 0.367188 0.088889 0.392188 0.119444 0.562500 0.150000
300 4 0.696875 0.863889 0.793750 1.005556 1.093750 1.366667
299 5 0.309375 0.011111 0.346875 0.125000 0.482812 0.075000
291 4 0.375000 0.113889 0.396875 0.158333 0.573438 0.194444
285 4 0.331250 0.250000 0.371875 0.336111 0.517188 0.419444
283 4 0.317188 0.127778 0.353125 0.188889 0.493750 0.225000
281 4 0.328125 0.188889 0.357812 0.250000 0.507812 0.313889
280 5 0.437500 0.294444 0.506250 0.400000 0.690625 0.494444
266 4 0.298438 0.372222 0.359375 0.513889 0.478125 0.630556
264 4 0.387500 0.144444 0.412500 0.191667 0.593750 0.241667
261 4 0.223438 0.297222 0.276562 0.419444 0.360938 0.508333
252 4 0.398438 0.177778 0.432812 0.225000 0.615625 0.291667
248 4 0.160938 0.688889 0.292187 1.008333 0.307812 1.191667
222 4 0.178125 0.411111 0.257812 0.577778 0.307812 0.700000
206 4 0.007812 0.666667 0.156250 0.913889 0.085938 1.125000
144 4 0.443750 0.561111 0.518750 0.772222 0.704688 0.950000
128 4 0.453125 0.372222 0.521875 0.563889 0.714063 0.655556
125 4 0.221875 0.119444 0.254688 0.200000 0.350000 0.219444
