299 5 0.307812 0.008333 0.340625 0.100000 0.478125 0.058333
292 4 0.359375 0.052778 0.382812 0.097222 0.550000 0.102778
291 4 0.371875 0.111111 0.393750 0.161111 0.568750 0.191667
285 4 0.331250 0.194444 0.367188 0.261111 0.515625 0.325000
283 4 0.318750 0.102778 0.346875 0.152778 0.493750 0.180556
281 4 0.323437 0.147222 0.354687 0.197222 0.501563 0.247222
280 5 0.439063 0.286111 0.501563 0.383333 0.690625 0.477778
266 4 0.326562 0.258333 0.371875 0.375000 0.512500 0.447222
264 4 0.387500 0.141667 0.410938 0.191667 0.593750 0.238889
261 4 0.239063 0.255556 0.287500 0.363889 0.382812 0.438889
252 4 0.398438 0.161111 0.431250 0.227778 0.614062 0.275000
248 4 0.285938 0.380556 0.359375 0.583333 0.467187 0.672222
235 4 0.440625 0.286111 0.503125 0.383333 0.692187 0.477778
234 4 0.110937 0.786111 0.250000 1.005556 0.235937 1.288889
222 4 0.212500 0.350000 0.273438 0.491667 0.348438 0.597222
206 4 0.120313 0.502778 0.212500 0.680556 0.226562 0.844444
144 4 0.446875 0.519444 0.518750 0.716667 0.706250 0.877778
128 4 0.457813 0.369444 0.515625 0.533333 0.715625 0.636111
125 4 0.221875 0.116667 0.256250 0.197222 0.350000 0.216667
