299 5 0.310937 0.030556 0.345313 0.136111 0.484375 0.100000
291 4 0.371875 0.111111 0.396875 0.152778 0.570312 0.188889
285 4 0.323437 0.277778 0.373437 0.380556 0.510938 0.469444
283 4 0.323437 0.136111 0.356250 0.205556 0.501563 0.238889
281 4 0.326562 0.197222 0.360938 0.280556 0.507812 0.338889
280 4 0.440625 0.300000 0.510938 0.400000 0.696875 0.500000
266 4 0.273438 0.433333 0.351562 0.616667 0.450000 0.741667
264 4 0.387500 0.144444 0.410938 0.191667 0.593750 0.241667
261 4 0.218750 0.300000 0.268750 0.436111 0.353125 0.519444
252 4 0.398438 0.175000 0.432812 0.227778 0.615625 0.288889
222 4 0.165625 0.436111 0.248438 0.613889 0.289062 0.744444
206 4 0.000000 0.736111 0.129688 1.000000 0.065625 1.236111
144 4 0.431250 0.611111 0.521875 0.869444 0.692187 1.047222
128 4 0.454688 0.386111 0.525000 0.583333 0.717187 0.677778
125 4 0.221875 0.125000 0.254688 0.200000 0.350000 0.225000
