292 4 0.353125 0.041667 0.376563 0.080556 0.540625 0.083333
291 4 0.370312 0.111111 0.395313 0.155556 0.568750 0.188889
289 4 0.729688 0.627778 0.859375 0.888889 1.160937 1.072222
285 4 0.331250 0.175000 0.365625 0.236111 0.514062 0.291667
283 4 0.318750 0.088889 0.346875 0.138889 0.492188 0.158333
281 4 0.323437 0.133333 0.354687 0.183333 0.501563 0.225000
280 5 0.440625 0.288889 0.501563 0.383333 0.692187 0.480556
266 4 0.329688 0.219444 0.367188 0.316667 0.514062 0.380556
264 4 0.387500 0.141667 0.412500 0.188889 0.593750 0.236111
261 4 0.246875 0.252778 0.287500 0.338889 0.390625 0.425000
252 4 0.398438 0.175000 0.432812 0.225000 0.615625 0.288889
248 4 0.306250 0.319444 0.368750 0.480556 0.490625 0.561111
235 4 0.440625 0.286111 0.503125 0.383333 0.693750 0.477778
234 4 0.192188 0.591667 0.301563 0.858333 0.343750 1.019444
222 4 0.225000 0.327778 0.281250 0.452778 0.365625 0.555556
206 4 0.154688 0.447222 0.235937 0.602778 0.273438 0.750000
189 4 0.000000 0.733333 0.110937 1.000000 0.054688 1.233333
144 4 0.450000 0.522222 0.518750 0.713889 0.709375 0.880556
128 4 0.457813 0.372222 0.515625 0.530556 0.715625 0.636111
125 4 0.220312 0.116667 0.256250 0.191667 0.348438 0.213889
