299 5 0.307812 0.011111 0.340625 0.102778 0.478125 0.061111
298 4 0.339062 0.016667 0.362500 0.061111 0.521875 0.047222
292 4 0.357812 0.052778 0.382812 0.097222 0.550000 0.100000
291 4 0.371875 0.111111 0.393750 0.161111 0.568750 0.191667
285 4 0.331250 0.194444 0.367188 0.261111 0.515625 0.325000
283 4 0.318750 0.100000 0.348438 0.152778 0.493750 0.177778
281 4 0.323437 0.150000 0.356250 0.197222 0.501563 0.250000
280 5 0.439063 0.286111 0.501563 0.386111 0.689063 0.480556
266 4 0.326562 0.255556 0.370312 0.366667 0.510938 0.438889
264 4 0.387500 0.141667 0.410938 0.191667 0.593750 0.238889
261 4 0.237500 0.255556 0.285938 0.363889 0.381250 0.438889
252 4 0.398438 0.161111 0.431250 0.227778 0.614062 0.275000
248 4 0.287500 0.380556 0.359375 0.577778 0.468750 0.669444
235 4 0.439063 0.283333 0.503125 0.386111 0.690625 0.477778
234 4 0.110937 0.775000 0.251563 1.005556 0.237500 1.277778
222 4 0.210938 0.347222 0.273438 0.486111 0.348438 0.591667
206 4 0.121875 0.500000 0.215625 0.675000 0.229687 0.838889
144 4 0.446875 0.519444 0.518750 0.716667 0.706250 0.877778
128 4 0.457813 0.369444 0.515625 0.533333 0.715625 0.636111
125 4 0.221875 0.116667 0.256250 0.197222 0.350000 0.216667
