299 5 0.309375 0.008333 0.340625 0.097222 0.479687 0.058333
291 4 0.371875 0.111111 0.393750 0.163889 0.568750 0.194444
285 4 0.331250 0.188889 0.365625 0.252778 0.514062 0.316667
283 4 0.318750 0.100000 0.346875 0.150000 0.492188 0.175000
281 4 0.325000 0.144444 0.356250 0.194444 0.503125 0.241667
280 5 0.439063 0.286111 0.501563 0.386111 0.689063 0.480556
266 4 0.328125 0.244444 0.371875 0.344444 0.514062 0.416667
264 4 0.385937 0.144444 0.412500 0.191667 0.592187 0.241667
261 4 0.239063 0.255556 0.287500 0.361111 0.382812 0.436111
252 4 0.396875 0.158333 0.432812 0.227778 0.614062 0.272222
248 4 0.293750 0.377778 0.357812 0.552778 0.473438 0.655556
235 4 0.439063 0.283333 0.503125 0.386111 0.690625 0.477778
234 4 0.121875 0.741667 0.271875 1.008333 0.257812 1.244444
222 4 0.210938 0.347222 0.271875 0.483333 0.348438 0.591667
206 4 0.129688 0.497222 0.217188 0.663889 0.239063 0.827778
189 4 0.000000 0.836111 0.065625 0.997222 0.032813 1.336111
144 4 0.448437 0.519444 0.518750 0.716667 0.707812 0.877778
128 4 0.457813 0.369444 0.514062 0.533333 0.715625 0.636111
125 4 0.223438 0.116667 0.254688 0.194444 0.351562 0.216667
