330 4 0.387500 0.141667 0.410938 0.194444 0.593750 0.238889
327 4 0.434375 0.258333 0.479687 0.336111 0.675000 0.425000
323 4 0.373437 0.108333 0.395313 0.152778 0.571875 0.186111
313 4 0.256250 0.144444 0.301563 0.266667 0.407813 0.277778
310 4 0.185938 0.372222 0.254688 0.533333 0.312500 0.638889
299 5 0.312500 0.052778 0.357812 0.186111 0.490625 0.147222
285 4 0.226562 0.577778 0.331250 0.819444 0.392188 0.988889
283 4 0.323437 0.211111 0.362500 0.297222 0.504687 0.361111
281 4 0.306250 0.341667 0.356250 0.466667 0.484375 0.575000
222 4 0.067187 0.594444 0.195312 0.858333 0.165625 1.025000
128 4 0.448437 0.622222 0.545312 0.997222 0.721875 1.122222
125 4 0.218750 0.116667 0.257812 0.200000 0.348438 0.216667
