321 4 0.385937 0.144444 0.407813 0.194444 0.590625 0.241667
313 4 0.270313 0.141667 0.306250 0.200000 0.423438 0.241667
310 4 0.203125 0.341667 0.267188 0.480556 0.337500 0.583333
299 5 0.309375 0.041667 0.354687 0.163889 0.487500 0.125000
285 4 0.287500 0.416667 0.354687 0.580556 0.465625 0.708333
283 4 0.328125 0.180556 0.359375 0.255556 0.507812 0.308333
281 4 0.320312 0.275000 0.364063 0.377778 0.501563 0.463889
280 4 0.445312 0.336111 0.514062 0.475000 0.703125 0.575000
266 4 0.151562 0.738889 0.293750 1.008333 0.298438 1.244444
222 4 0.109375 0.516667 0.220312 0.744444 0.218750 0.888889
128 4 0.456250 0.500000 0.534375 0.744444 0.723437 0.872222
125 4 0.218750 0.122222 0.259375 0.202778 0.350000 0.222222
