300 4 0.779687 0.491667 0.906250 0.675000 1.232813 0.830556
299 5 0.309375 0.011111 0.340625 0.105556 0.479687 0.063889
292 4 0.360938 0.055556 0.385937 0.102778 0.553125 0.108333
285 4 0.332813 0.200000 0.368750 0.272222 0.517188 0.336111
283 4 0.318750 0.105556 0.345313 0.155556 0.492188 0.183333
281 4 0.325000 0.152778 0.356250 0.205556 0.503125 0.258333
280 5 0.439063 0.286111 0.501563 0.383333 0.690625 0.477778
266 4 0.323437 0.263889 0.373437 0.383333 0.510938 0.455556
264 4 0.387500 0.144444 0.410938 0.191667 0.593750 0.241667
261 4 0.235937 0.255556 0.285938 0.372222 0.379688 0.444444
252 4 0.396875 0.161111 0.431250 0.225000 0.612500 0.275000
248 4 0.276562 0.411111 0.353125 0.622222 0.454688 0.722222
235 4 0.442188 0.286111 0.501563 0.380556 0.693750 0.477778
222 4 0.204687 0.350000 0.271875 0.500000 0.340625 0.600000
206 4 0.110937 0.522222 0.206250 0.711111 0.214062 0.877778
144 4 0.448437 0.522222 0.517188 0.713889 0.707812 0.880556
128 4 0.456250 0.372222 0.514062 0.530556 0.714063 0.638889
125 4 0.223438 0.119444 0.253125 0.191667 0.350000 0.216667
