303 5 0.310937 0.077778 0.345313 0.116667 0.484375 0.138889
301 4 0.364063 0.072222 0.390625 0.113889 0.560937 0.130556
300 4 0.693750 0.700000 0.817187 1.005556 1.103125 1.202778
299 5 0.309375 0.013889 0.345313 0.111111 0.482812 0.072222
291 4 0.373437 0.113889 0.396875 0.155556 0.571875 0.191667
285 4 0.332813 0.233333 0.368750 0.316667 0.517188 0.391667
283 4 0.321875 0.125000 0.351562 0.177778 0.498437 0.213889
281 4 0.326562 0.175000 0.359375 0.236111 0.506250 0.291667
280 4 0.440625 0.288889 0.503125 0.386111 0.692187 0.483333
266 4 0.312500 0.327778 0.364063 0.455556 0.493750 0.555556
264 4 0.389062 0.141667 0.414062 0.188889 0.596875 0.236111
261 4 0.228125 0.280556 0.281250 0.405556 0.368750 0.483333
252 4 0.400000 0.175000 0.431250 0.227778 0.615625 0.288889
248 4 0.210938 0.583333 0.318750 0.872222 0.371875 1.019444
235 5 0.435937 0.288889 0.501563 0.394444 0.687500 0.488889
222 4 0.192188 0.394444 0.259375 0.544444 0.321875 0.666667
206 4 0.056250 0.611111 0.175000 0.833333 0.143750 1.027778
144 4 0.445312 0.533333 0.518750 0.744444 0.704688 0.905556
128 4 0.456250 0.369444 0.517188 0.538889 0.715625 0.641667
125 4 0.220312 0.119444 0.256250 0.197222 0.348438 0.219444
