301 4 0.368750 0.086111 0.392188 0.119444 0.564063 0.147222
299 5 0.310937 0.030556 0.346875 0.136111 0.484375 0.100000
291 4 0.373437 0.113889 0.395313 0.150000 0.571875 0.188889
285 4 0.321875 0.280556 0.373437 0.397222 0.509375 0.480556
283 4 0.320312 0.138889 0.356250 0.211111 0.498437 0.244444
281 4 0.323437 0.205556 0.364063 0.291667 0.506250 0.352778
280 4 0.442188 0.300000 0.509375 0.405556 0.696875 0.502778
266 4 0.262500 0.458333 0.343750 0.655556 0.434375 0.788889
264 4 0.387500 0.144444 0.409375 0.191667 0.592187 0.241667
252 4 0.398438 0.175000 0.432812 0.227778 0.615625 0.288889
222 4 0.157812 0.444444 0.248438 0.627778 0.282813 0.761111
206 4 0.000000 0.761111 0.115625 1.000000 0.059375 1.261111
144 4 0.437500 0.641667 0.523438 0.908333 0.698438 1.097222
128 4 0.446875 0.380556 0.523438 0.600000 0.709375 0.683333
125 4 0.220312 0.122222 0.256250 0.200000 0.348438 0.222222
