300 4 0.815625 0.455556 0.939063 0.616667 1.285937 0.763889
299 5 0.307812 0.011111 0.340625 0.100000 0.478125 0.061111
298 4 0.339062 0.013889 0.362500 0.061111 0.520312 0.044444
292 4 0.357812 0.050000 0.382812 0.094444 0.550000 0.100000
291 4 0.371875 0.111111 0.393750 0.163889 0.568750 0.194444
285 4 0.331250 0.194444 0.365625 0.261111 0.514062 0.325000
283 4 0.318750 0.100000 0.348438 0.152778 0.493750 0.177778
281 4 0.323437 0.147222 0.356250 0.197222 0.503125 0.247222
280 5 0.437500 0.286111 0.501563 0.386111 0.689063 0.480556
266 4 0.326562 0.252778 0.368750 0.358333 0.512500 0.433333
264 4 0.387500 0.141667 0.410938 0.191667 0.593750 0.238889
261 4 0.237500 0.255556 0.285938 0.361111 0.381250 0.436111
252 4 0.396875 0.158333 0.432812 0.225000 0.614062 0.272222
248 4 0.289062 0.377778 0.359375 0.572222 0.470313 0.666667
235 4 0.439063 0.283333 0.503125 0.386111 0.690625 0.477778
234 4 0.112500 0.758333 0.256250 1.002778 0.240625 1.261111
222 4 0.210938 0.347222 0.273438 0.486111 0.348438 0.588889
206 4 0.123438 0.502778 0.215625 0.675000 0.231250 0.841667
144 4 0.446875 0.519444 0.518750 0.716667 0.706250 0.877778
128 4 0.457813 0.369444 0.514062 0.533333 0.715625 0.636111
125 4 0.221875 0.119444 0.256250 0.202778 0.350000 0.219444
