301 4 0.367188 0.086111 0.392188 0.119444 0.564063 0.147222
299 5 0.309375 0.030556 0.346875 0.138889 0.482812 0.100000
291 4 0.371875 0.113889 0.395313 0.150000 0.570312 0.188889
285 4 0.321875 0.280556 0.373437 0.391667 0.509375 0.477778
283 4 0.320312 0.138889 0.356250 0.208333 0.498437 0.244444
281 4 0.325000 0.202778 0.364063 0.286111 0.507812 0.347222
280 4 0.442188 0.300000 0.510938 0.402778 0.698438 0.502778
266 4 0.268750 0.438889 0.348438 0.633333 0.443750 0.758333
264 4 0.387500 0.144444 0.409375 0.191667 0.592187 0.241667
261 4 0.218750 0.300000 0.271875 0.444444 0.354687 0.522222
252 4 0.398438 0.175000 0.432812 0.227778 0.615625 0.288889
222 4 0.160938 0.444444 0.248438 0.622222 0.285938 0.755556
206 4 0.000000 0.744444 0.123438 1.000000 0.062500 1.244444
144 4 0.435937 0.619444 0.521875 0.883333 0.696875 1.061111
128 4 0.453125 0.388889 0.525000 0.591667 0.715625 0.686111
125 4 0.221875 0.122222 0.254688 0.200000 0.350000 0.222222
