294 4 0.310937 0.066667 0.339062 0.094444 0.479687 0.113889
292 4 0.353125 0.050000 0.376563 0.083333 0.542188 0.091667
291 4 0.370312 0.111111 0.395313 0.158333 0.568750 0.191667
289 4 0.714063 0.702778 0.843750 1.002778 1.135938 1.205556
285 4 0.331250 0.177778 0.365625 0.241667 0.514062 0.300000
283 4 0.321875 0.102778 0.345313 0.141667 0.495312 0.172222
281 4 0.323437 0.133333 0.354687 0.183333 0.501563 0.225000
280 5 0.442188 0.286111 0.500000 0.380556 0.692187 0.477778
266 4 0.331250 0.233333 0.367188 0.325000 0.515625 0.394444
264 4 0.385937 0.144444 0.412500 0.188889 0.592187 0.238889
261 4 0.245312 0.252778 0.287500 0.350000 0.389062 0.427778
252 4 0.396875 0.163889 0.432812 0.225000 0.614062 0.277778
248 4 0.301563 0.327778 0.365625 0.500000 0.484375 0.577778
235 4 0.440625 0.286111 0.503125 0.383333 0.692187 0.477778
234 4 0.167187 0.627778 0.293750 0.936111 0.314063 1.094444
222 4 0.217188 0.316667 0.281250 0.463889 0.359375 0.550000
206 4 0.148438 0.463889 0.229687 0.619444 0.264062 0.775000
189 4 0.000000 0.752778 0.090625 0.994444 0.045312 1.250000
144 4 0.450000 0.519444 0.515625 0.708333 0.707812 0.875000
128 4 0.457813 0.372222 0.514062 0.530556 0.715625 0.638889
125 4 0.221875 0.119444 0.256250 0.191667 0.350000 0.216667
