313 4 0.275000 0.105556 0.307812 0.158333 0.428125 0.186111
312 4 0.373437 0.111111 0.396875 0.147222 0.571875 0.183333
311 4 0.420312 0.225000 0.460938 0.294444 0.651563 0.372222
310 4 0.214062 0.322222 0.273438 0.461111 0.351562 0.552778
301 4 0.367188 0.086111 0.392188 0.116667 0.564063 0.144444
299 5 0.310937 0.052778 0.350000 0.155556 0.485938 0.130556
285 4 0.314063 0.333333 0.365625 0.458333 0.496875 0.563889
283 4 0.326562 0.155556 0.359375 0.225000 0.506250 0.269444
281 4 0.320312 0.227778 0.364063 0.325000 0.503125 0.391667
280 4 0.443750 0.305556 0.512500 0.430556 0.700000 0.519444
266 4 0.223438 0.563889 0.325000 0.800000 0.387500 0.966667
264 4 0.385937 0.147222 0.409375 0.191667 0.592187 0.241667
252 4 0.398438 0.175000 0.432812 0.227778 0.615625 0.288889
222 4 0.143750 0.475000 0.237500 0.669444 0.262500 0.811111
206 4 0.000000 0.836111 0.079687 1.000000 0.039062 1.336111
144 4 0.434375 0.738889 0.521875 1.005556 0.695312 1.241667
128 4 0.456250 0.419444 0.529687 0.627778 0.721875 0.736111
125 4 0.221875 0.125000 0.260937 0.205556 0.351562 0.227778
