323 4 0.371875 0.108333 0.396875 0.152778 0.571875 0.186111
321 4 0.385937 0.141667 0.409375 0.191667 0.590625 0.238889
313 4 0.265625 0.138889 0.304688 0.219444 0.418750 0.250000
310 4 0.198437 0.350000 0.267188 0.494444 0.331250 0.597222
299 5 0.309375 0.047222 0.356250 0.172222 0.487500 0.133333
285 4 0.271875 0.461111 0.348438 0.647222 0.445312 0.786111
283 4 0.318750 0.191667 0.360938 0.272222 0.500000 0.327778
281 4 0.315625 0.291667 0.360938 0.391667 0.496875 0.486111
222 4 0.093750 0.541667 0.210938 0.777778 0.200000 0.930556
128 4 0.456250 0.533333 0.540625 0.819444 0.726562 0.944444
125 4 0.217188 0.119444 0.256250 0.197222 0.345313 0.219444
