318 4 0.251563 0.061111 0.271875 0.119444 0.387500 0.119444
317 5 0.442188 0.305556 0.512500 0.455556 0.698438 0.533333
313 4 0.273438 0.105556 0.306250 0.166667 0.426563 0.188889
310 4 0.209375 0.327778 0.271875 0.469444 0.345313 0.563889
299 5 0.310937 0.055556 0.351562 0.144444 0.487500 0.127778
285 4 0.307812 0.352778 0.364063 0.480556 0.490625 0.594444
283 4 0.323437 0.163889 0.357812 0.236111 0.503125 0.283333
281 4 0.325000 0.244444 0.364063 0.327778 0.507812 0.411111
280 4 0.440625 0.308333 0.514062 0.452778 0.698438 0.536111
266 4 0.207813 0.602778 0.317188 0.863889 0.367188 1.036111
264 4 0.385937 0.147222 0.409375 0.191667 0.590625 0.244444
252 4 0.398438 0.175000 0.431250 0.227778 0.614062 0.288889
222 4 0.135937 0.483333 0.231250 0.683333 0.251563 0.825000
206 4 0.000000 0.872222 0.064062 1.000000 0.032813 1.375000
144 4 0.434375 0.794444 0.518750 1.005556 0.695312 1.297222
128 4 0.459375 0.436111 0.523438 0.647222 0.721875 0.761111
125 4 0.221875 0.122222 0.257812 0.200000 0.350000 0.222222
