314 4 0.356250 0.063889 0.375000 0.102778 0.543750 0.116667
313 4 0.276562 0.105556 0.306250 0.161111 0.429688 0.188889
312 4 0.371875 0.108333 0.396875 0.147222 0.570312 0.183333
310 4 0.212500 0.325000 0.273438 0.466667 0.350000 0.558333
299 5 0.312500 0.069444 0.350000 0.152778 0.487500 0.144444
285 4 0.312500 0.341667 0.365625 0.466667 0.496875 0.575000
283 4 0.325000 0.158333 0.357812 0.230556 0.504687 0.275000
281 4 0.323437 0.233333 0.364063 0.322222 0.506250 0.394444
266 4 0.215625 0.580556 0.323437 0.825000 0.378125 0.994444
264 4 0.385937 0.147222 0.409375 0.191667 0.590625 0.244444
252 4 0.398438 0.175000 0.432812 0.227778 0.615625 0.291667
222 4 0.139063 0.475000 0.237500 0.675000 0.259375 0.811111
206 4 0.000000 0.841667 0.075000 0.997222 0.035937 1.341667
144 4 0.434375 0.755556 0.520312 1.005556 0.695312 1.258333
128 4 0.457813 0.425000 0.528125 0.636111 0.723437 0.744444
125 4 0.220312 0.122222 0.257812 0.200000 0.350000 0.222222
