329 4 0.448437 0.313889 0.493750 0.377778 0.695312 0.502778
327 4 0.429688 0.244444 0.475000 0.327778 0.667188 0.408333
323 4 0.373437 0.108333 0.395313 0.155556 0.571875 0.186111
313 4 0.262500 0.141667 0.303125 0.238889 0.414062 0.261111
310 4 0.193750 0.366667 0.259375 0.516667 0.323437 0.625000
299 5 0.310937 0.050000 0.356250 0.175000 0.489063 0.136111
285 4 0.250000 0.480556 0.343750 0.722222 0.421875 0.841667
281 4 0.310937 0.305556 0.359375 0.425000 0.490625 0.519444
280 4 0.440625 0.319444 0.520312 0.530556 0.701562 0.586111
222 4 0.073438 0.566667 0.201563 0.819444 0.175000 0.977778
128 4 0.453125 0.586111 0.540625 0.902778 0.723437 1.038889
125 4 0.215625 0.119444 0.254688 0.194444 0.343750 0.216667
