306 4 0.310937 0.088889 0.345313 0.127778 0.484375 0.155556
301 4 0.367188 0.088889 0.390625 0.122222 0.562500 0.152778
299 5 0.310937 0.011111 0.345313 0.127778 0.484375 0.077778
291 4 0.375000 0.113889 0.396875 0.155556 0.573438 0.194444
285 4 0.328125 0.258333 0.371875 0.347222 0.514062 0.433333
283 4 0.321875 0.133333 0.354687 0.194444 0.500000 0.230556
266 4 0.295312 0.386111 0.359375 0.533333 0.475000 0.652778
264 4 0.389062 0.141667 0.412500 0.191667 0.595313 0.238889
261 4 0.220312 0.300000 0.273438 0.425000 0.357812 0.513889
252 4 0.400000 0.177778 0.431250 0.225000 0.615625 0.291667
248 4 0.145313 0.744444 0.290625 1.008333 0.290625 1.250000
235 4 0.431250 0.300000 0.509375 0.419444 0.685937 0.511111
222 4 0.175000 0.422222 0.256250 0.588889 0.304688 0.716667
206 4 0.000000 0.688889 0.146875 0.938889 0.075000 1.158333
144 4 0.445312 0.572222 0.520312 0.788889 0.706250 0.969444
128 4 0.446875 0.375000 0.525000 0.575000 0.709375 0.661111
125 4 0.221875 0.119444 0.254688 0.202778 0.350000 0.222222
