294 4 0.309375 0.061111 0.339062 0.094444 0.479687 0.108333
292 4 0.353125 0.044444 0.378125 0.086111 0.543750 0.088889
291 4 0.370312 0.111111 0.395313 0.161111 0.568750 0.191667
289 4 0.712500 0.755556 0.831250 1.005556 1.128125 1.258333
285 4 0.331250 0.180556 0.367188 0.250000 0.515625 0.305556
283 4 0.320312 0.097222 0.346875 0.141667 0.493750 0.169444
281 4 0.323437 0.136111 0.354687 0.188889 0.501563 0.233333
280 5 0.439063 0.286111 0.501563 0.383333 0.690625 0.477778
266 4 0.331250 0.236111 0.368750 0.327778 0.515625 0.402778
264 4 0.385937 0.144444 0.410938 0.188889 0.592187 0.238889
261 4 0.243750 0.252778 0.285938 0.352778 0.385937 0.430556
252 4 0.396875 0.161111 0.432812 0.225000 0.614062 0.275000
248 4 0.300000 0.355556 0.360938 0.522222 0.481250 0.616667
235 4 0.440625 0.286111 0.503125 0.383333 0.692187 0.477778
234 4 0.143750 0.669444 0.284375 1.000000 0.285938 1.172222
222 4 0.217188 0.336111 0.278125 0.477778 0.356250 0.575000
206 4 0.140625 0.477778 0.223438 0.633333 0.253125 0.797222
189 4 0.000000 0.794444 0.081250 1.002778 0.040625 1.294444
144 4 0.448437 0.522222 0.517188 0.711111 0.707812 0.877778
128 4 0.457813 0.369444 0.512500 0.533333 0.714063 0.636111
125 4 0.221875 0.119444 0.256250 0.194444 0.350000 0.216667
