304 4 0.276562 0.030556 0.301563 0.075000 0.428125 0.069444
303 4 0.310937 0.075000 0.343750 0.111111 0.482812 0.130556
302 4 0.346875 0.036111 0.368750 0.075000 0.531250 0.075000
301 4 0.362500 0.069444 0.389062 0.111111 0.557813 0.125000
300 4 0.718750 0.613889 0.843750 0.863889 1.140625 1.047222
299 5 0.309375 0.011111 0.343750 0.111111 0.481250 0.066667
291 4 0.371875 0.116667 0.398438 0.158333 0.571875 0.197222
285 4 0.332813 0.211111 0.370312 0.297222 0.518750 0.361111
283 4 0.315625 0.113889 0.350000 0.169444 0.492188 0.200000
281 4 0.326562 0.166667 0.357812 0.225000 0.504687 0.280556
280 5 0.440625 0.286111 0.501563 0.388889 0.692187 0.480556
266 4 0.314063 0.297222 0.367188 0.416667 0.498437 0.505556
264 4 0.385937 0.144444 0.412500 0.186111 0.592187 0.238889
261 4 0.228125 0.275000 0.284375 0.394444 0.370312 0.472222
252 4 0.400000 0.172222 0.431250 0.227778 0.615625 0.286111
248 4 0.242188 0.516667 0.335938 0.763889 0.410938 0.900000
235 4 0.440625 0.286111 0.501563 0.386111 0.692187 0.480556
222 4 0.195312 0.361111 0.265625 0.525000 0.328125 0.625000
206 4 0.073438 0.588889 0.189062 0.788889 0.167187 0.986111
144 4 0.445312 0.525000 0.517188 0.730556 0.704688 0.891667
128 4 0.456250 0.372222 0.517188 0.538889 0.715625 0.641667
125 4 0.221875 0.116667 0.254688 0.194444 0.350000 0.213889
