312 4 0.373437 0.108333 0.395313 0.147222 0.571875 0.183333
310 4 0.214062 0.313889 0.271875 0.452778 0.351562 0.541667
301 4 0.368750 0.086111 0.392188 0.119444 0.564063 0.147222
299 5 0.310937 0.030556 0.350000 0.147222 0.485938 0.105556
285 4 0.315625 0.316667 0.368750 0.438889 0.500000 0.536111
283 4 0.323437 0.150000 0.359375 0.227778 0.503125 0.263889
281 4 0.321875 0.222222 0.365625 0.311111 0.506250 0.377778
280 4 0.442188 0.305556 0.509375 0.422222 0.696875 0.516667
266 4 0.239063 0.536111 0.332813 0.747222 0.406250 0.911111
264 4 0.387500 0.144444 0.409375 0.194444 0.592187 0.241667
252 4 0.400000 0.175000 0.431250 0.227778 0.615625 0.291667
222 4 0.150000 0.463889 0.242188 0.652778 0.271875 0.788889
206 4 0.000000 0.813889 0.092188 1.000000 0.045312 1.313889
144 4 0.429688 0.702778 0.520312 1.002778 0.690625 1.202778
128 4 0.446875 0.411111 0.525000 0.625000 0.709375 0.725000
125 4 0.220312 0.122222 0.257812 0.202778 0.350000 0.225000
