306 4 0.310937 0.086111 0.343750 0.122222 0.482812 0.147222
304 4 0.273438 0.030556 0.301563 0.086111 0.425000 0.075000
303 5 0.309375 0.069444 0.345313 0.116667 0.482812 0.127778
301 4 0.364063 0.077778 0.392188 0.119444 0.560937 0.138889
300 4 0.695312 0.738889 0.809375 1.005556 1.100000 1.241667
299 5 0.309375 0.011111 0.345313 0.119444 0.482812 0.072222
291 4 0.375000 0.113889 0.396875 0.155556 0.573438 0.194444
285 4 0.331250 0.233333 0.371875 0.325000 0.517188 0.397222
283 4 0.318750 0.125000 0.351562 0.186111 0.495312 0.216667
281 4 0.326562 0.177778 0.359375 0.241667 0.506250 0.300000
280 5 0.437500 0.288889 0.501563 0.391667 0.689063 0.486111
266 4 0.309375 0.330556 0.364063 0.469444 0.492188 0.566667
264 4 0.389062 0.141667 0.414062 0.188889 0.596875 0.236111
261 4 0.225000 0.275000 0.279687 0.411111 0.365625 0.480556
252 4 0.398438 0.175000 0.431250 0.227778 0.614062 0.288889
248 4 0.200000 0.611111 0.314063 0.925000 0.357812 1.075000
235 4 0.435937 0.291667 0.501563 0.394444 0.687500 0.488889
222 4 0.187500 0.397222 0.259375 0.555556 0.317188 0.677778
206 4 0.046875 0.630556 0.168750 0.855556 0.132812 1.061111
144 4 0.448437 0.538889 0.520312 0.747222 0.707812 0.913889
128 4 0.454688 0.375000 0.515625 0.544444 0.712500 0.647222
125 4 0.220312 0.119444 0.256250 0.200000 0.348438 0.219444
