310 4 0.206250 0.330556 0.268750 0.472222 0.340625 0.569444
299 5 0.309375 0.038889 0.353125 0.155556 0.485938 0.116667
285 4 0.301563 0.372222 0.362500 0.519444 0.482812 0.630556
283 4 0.325000 0.169444 0.359375 0.244444 0.504687 0.291667
281 4 0.320312 0.255556 0.364063 0.347222 0.503125 0.430556
280 4 0.440625 0.288889 0.515625 0.458333 0.698438 0.519444
266 4 0.184375 0.661111 0.307812 0.961111 0.339062 1.141667
222 4 0.128125 0.500000 0.231250 0.705556 0.243750 0.852778
144 4 0.432812 0.852778 0.520312 1.002778 0.693750 1.352778
128 4 0.457813 0.455556 0.537500 0.694444 0.726562 0.802778
125 4 0.221875 0.122222 0.257812 0.197222 0.351562 0.222222
