300 4 0.787500 0.480556 0.915625 0.652778 1.245313 0.805556
299 5 0.309375 0.011111 0.340625 0.105556 0.479687 0.063889
298 4 0.339062 0.013889 0.364063 0.063889 0.521875 0.047222
292 4 0.359375 0.055556 0.382812 0.100000 0.551562 0.105556
291 4 0.371875 0.116667 0.393750 0.163889 0.568750 0.197222
285 4 0.331250 0.197222 0.367188 0.269444 0.515625 0.333333
283 4 0.318750 0.105556 0.346875 0.152778 0.492188 0.180556
281 4 0.323437 0.150000 0.356250 0.202778 0.501563 0.252778
280 5 0.439063 0.286111 0.501563 0.383333 0.690625 0.477778
266 4 0.325000 0.255556 0.371875 0.383333 0.510938 0.447222
264 4 0.385937 0.144444 0.412500 0.191667 0.592187 0.241667
261 4 0.237500 0.255556 0.285938 0.369444 0.381250 0.441667
252 4 0.398438 0.161111 0.431250 0.225000 0.614062 0.275000
248 4 0.281250 0.400000 0.356250 0.600000 0.459375 0.702778
235 4 0.442188 0.283333 0.501563 0.380556 0.693750 0.475000
222 4 0.206250 0.350000 0.271875 0.497222 0.342187 0.600000
206 4 0.117188 0.516667 0.209375 0.697222 0.221875 0.866667
144 4 0.448437 0.522222 0.517188 0.716667 0.707812 0.880556
128 4 0.457813 0.372222 0.514062 0.530556 0.714063 0.638889
125 4 0.221875 0.116667 0.253125 0.191667 0.350000 0.213889
