333 4 0.278125 0.019444 0.304688 0.066667 0.431250 0.052778
327 4 0.437500 0.261111 0.481250 0.347222 0.678125 0.436111
313 4 0.256250 0.197222 0.298438 0.280556 0.406250 0.338889
310 4 0.182812 0.377778 0.253125 0.544444 0.309375 0.652778
299 5 0.312500 0.055556 0.359375 0.191667 0.492188 0.152778
285 4 0.207813 0.619444 0.326562 0.897222 0.371875 1.069444
283 4 0.317188 0.219444 0.360938 0.316667 0.498437 0.377778
281 4 0.296875 0.363889 0.354687 0.500000 0.475000 0.613889
222 4 0.045312 0.611111 0.184375 0.886111 0.137500 1.055556
128 4 0.442188 0.658333 0.542188 1.002778 0.714063 1.161111
125 4 0.220312 0.116667 0.254688 0.194444 0.348438 0.213889
