294 4 0.309375 0.063889 0.339062 0.091667 0.478125 0.111111
292 4 0.354687 0.050000 0.376563 0.083333 0.543750 0.091667
291 4 0.370312 0.111111 0.395313 0.158333 0.568750 0.191667
289 4 0.714063 0.711111 0.842187 1.005556 1.135938 1.213889
285 4 0.331250 0.177778 0.365625 0.244444 0.514062 0.302778
283 4 0.321875 0.097222 0.345313 0.138889 0.495312 0.169444
281 4 0.323437 0.133333 0.354687 0.186111 0.501563 0.227778
280 5 0.442188 0.286111 0.500000 0.380556 0.692187 0.477778
266 4 0.331250 0.233333 0.367188 0.325000 0.515625 0.397222
264 4 0.385937 0.144444 0.412500 0.188889 0.592187 0.238889
261 4 0.243750 0.252778 0.287500 0.350000 0.387500 0.427778
252 4 0.396875 0.166667 0.432812 0.227778 0.614062 0.280556
248 4 0.301563 0.333333 0.365625 0.505556 0.484375 0.586111
235 4 0.440625 0.286111 0.503125 0.383333 0.692187 0.477778
234 4 0.162500 0.633333 0.292187 0.947222 0.309375 1.105556
222 4 0.217188 0.316667 0.279687 0.466667 0.357812 0.550000
206 4 0.146875 0.469444 0.228125 0.622222 0.262500 0.780556
189 4 0.000000 0.752778 0.089063 0.994444 0.043750 1.250000
144 4 0.450000 0.519444 0.515625 0.708333 0.707812 0.875000
128 4 0.459375 0.372222 0.514062 0.530556 0.715625 0.638889
125 4 0.221875 0.119444 0.256250 0.191667 0.350000 0.216667
