318 4 0.251563 0.061111 0.270313 0.119444 0.387500 0.122222
317 4 0.443750 0.308333 0.512500 0.458333 0.700000 0.538889
310 4 0.207813 0.327778 0.271875 0.469444 0.343750 0.563889
299 5 0.309375 0.044444 0.353125 0.147222 0.485938 0.119444
285 4 0.307812 0.355556 0.364063 0.486111 0.489063 0.600000
283 4 0.323437 0.166667 0.357812 0.236111 0.503125 0.286111
281 4 0.323437 0.247222 0.362500 0.333333 0.504687 0.413889
266 4 0.204687 0.613889 0.315625 0.877778 0.362500 1.052778
264 4 0.387500 0.144444 0.407813 0.191667 0.592187 0.241667
252 4 0.398438 0.175000 0.431250 0.227778 0.614062 0.288889
222 4 0.134375 0.488889 0.232813 0.691667 0.251563 0.833333
206 4 0.000000 0.877778 0.062500 0.997222 0.032813 1.377778
144 4 0.432812 0.805556 0.517188 1.005556 0.692187 1.308333
128 4 0.460938 0.436111 0.526563 0.652778 0.723437 0.763889
125 4 0.220312 0.122222 0.257812 0.200000 0.350000 0.222222
