300 4 0.759375 0.511111 0.890625 0.711111 1.204687 0.869444
299 5 0.309375 0.011111 0.342187 0.105556 0.479687 0.063889
285 4 0.331250 0.205556 0.370312 0.277778 0.517188 0.344444
283 4 0.318750 0.108333 0.345313 0.158333 0.492188 0.188889
281 4 0.325000 0.155556 0.356250 0.211111 0.503125 0.261111
280 5 0.440625 0.286111 0.500000 0.383333 0.690625 0.477778
266 4 0.325000 0.277778 0.370312 0.380556 0.510938 0.469444
264 4 0.387500 0.147222 0.410938 0.188889 0.593750 0.241667
261 4 0.234375 0.261111 0.285938 0.380556 0.378125 0.450000
252 4 0.398438 0.161111 0.432812 0.227778 0.614062 0.277778
248 4 0.265625 0.416667 0.346875 0.650000 0.439063 0.744444
235 4 0.440625 0.286111 0.503125 0.383333 0.692187 0.477778
222 4 0.203125 0.369444 0.270313 0.511111 0.337500 0.625000
206 4 0.101562 0.538889 0.203125 0.727778 0.203125 0.902778
144 4 0.446875 0.525000 0.518750 0.719444 0.706250 0.883333
128 4 0.457813 0.369444 0.514062 0.533333 0.715625 0.636111
125 4 0.223438 0.116667 0.253125 0.191667 0.350000 0.213889
