318 4 0.251563 0.061111 0.270313 0.119444 0.387500 0.122222
310 4 0.206250 0.327778 0.270313 0.469444 0.342187 0.563889
299 5 0.309375 0.041667 0.353125 0.150000 0.485938 0.116667
285 4 0.306250 0.361111 0.364063 0.491667 0.489063 0.608333
283 4 0.323437 0.166667 0.357812 0.236111 0.503125 0.286111
281 4 0.323437 0.247222 0.364063 0.333333 0.506250 0.413889
266 4 0.201563 0.619444 0.314063 0.886111 0.359375 1.063889
264 4 0.387500 0.144444 0.407813 0.191667 0.592187 0.241667
252 4 0.398438 0.175000 0.431250 0.225000 0.614062 0.288889
222 4 0.134375 0.491667 0.232813 0.694444 0.250000 0.838889
206 4 0.000000 0.883333 0.060937 1.000000 0.031250 1.383333
144 4 0.434375 0.813889 0.517188 1.002778 0.693750 1.313889
128 4 0.464062 0.441667 0.531250 0.663889 0.729688 0.775000
125 4 0.221875 0.122222 0.256250 0.197222 0.350000 0.222222
