306 4 0.310937 0.086111 0.343750 0.122222 0.482812 0.147222
304 4 0.273438 0.030556 0.303125 0.086111 0.425000 0.075000
303 5 0.310937 0.075000 0.345313 0.116667 0.484375 0.136111
301 4 0.365625 0.077778 0.390625 0.119444 0.560937 0.138889
300 4 0.695312 0.725000 0.810937 1.005556 1.101562 1.227778
299 5 0.309375 0.013889 0.345313 0.116667 0.482812 0.072222
291 4 0.375000 0.116667 0.396875 0.155556 0.573438 0.194444
285 4 0.332813 0.233333 0.371875 0.322222 0.518750 0.394444
283 4 0.320312 0.125000 0.351562 0.183333 0.496875 0.216667
281 4 0.328125 0.177778 0.357812 0.238889 0.507812 0.297222
280 4 0.439063 0.288889 0.503125 0.388889 0.690625 0.483333
266 4 0.309375 0.327778 0.364063 0.463889 0.492188 0.561111
264 4 0.389062 0.141667 0.415625 0.188889 0.596875 0.236111
261 4 0.226562 0.275000 0.279687 0.408333 0.367188 0.477778
252 4 0.398438 0.175000 0.431250 0.227778 0.614062 0.288889
248 4 0.204687 0.602778 0.315625 0.911111 0.362500 1.058333
235 5 0.435937 0.288889 0.503125 0.394444 0.687500 0.486111
222 4 0.189062 0.400000 0.260937 0.555556 0.320312 0.677778
206 4 0.048438 0.627778 0.170313 0.852778 0.134375 1.055556
144 4 0.448437 0.536111 0.520312 0.744444 0.707812 0.908333
128 4 0.456250 0.375000 0.517188 0.544444 0.714063 0.647222
125 4 0.220312 0.119444 0.256250 0.200000 0.348438 0.219444
