306 4 0.310937 0.086111 0.345313 0.119444 0.484375 0.144444
304 4 0.275000 0.030556 0.301563 0.086111 0.425000 0.075000
301 4 0.365625 0.077778 0.390625 0.119444 0.560937 0.138889
300 4 0.693750 0.711111 0.812500 1.005556 1.101562 1.213889
299 5 0.309375 0.013889 0.345313 0.116667 0.482812 0.072222
291 4 0.375000 0.116667 0.395313 0.155556 0.573438 0.194444
285 4 0.332813 0.230556 0.370312 0.319444 0.517188 0.391667
283 4 0.323437 0.125000 0.351562 0.180556 0.498437 0.216667
281 4 0.328125 0.175000 0.357812 0.236111 0.506250 0.294444
280 4 0.439063 0.288889 0.501563 0.388889 0.690625 0.483333
266 4 0.310937 0.327778 0.364063 0.458333 0.493750 0.558333
264 4 0.389062 0.141667 0.415625 0.188889 0.596875 0.236111
261 4 0.226562 0.272222 0.281250 0.405556 0.367188 0.477778
252 4 0.400000 0.175000 0.431250 0.227778 0.615625 0.291667
248 4 0.207813 0.591667 0.317188 0.894444 0.365625 1.041667
235 5 0.435937 0.288889 0.501563 0.394444 0.687500 0.486111
222 4 0.190625 0.394444 0.260937 0.547222 0.320312 0.669444
206 4 0.050000 0.622222 0.171875 0.850000 0.137500 1.047222
144 4 0.446875 0.536111 0.518750 0.744444 0.707812 0.908333
128 4 0.457813 0.372222 0.517188 0.541667 0.717187 0.644444
125 4 0.220312 0.119444 0.256250 0.200000 0.348438 0.219444
