300 4 0.756250 0.513889 0.887500 0.716667 1.200000 0.875000
299 5 0.309375 0.011111 0.342187 0.105556 0.479687 0.063889
285 4 0.331250 0.205556 0.370312 0.277778 0.517188 0.344444
283 4 0.318750 0.108333 0.345313 0.161111 0.492188 0.188889
281 4 0.325000 0.155556 0.356250 0.211111 0.503125 0.261111
266 4 0.325000 0.277778 0.370312 0.380556 0.510938 0.469444
264 4 0.387500 0.147222 0.410938 0.188889 0.593750 0.241667
261 4 0.232813 0.258333 0.285938 0.380556 0.376563 0.447222
252 4 0.396875 0.161111 0.431250 0.225000 0.612500 0.275000
248 4 0.265625 0.422222 0.348438 0.655556 0.440625 0.752778
235 4 0.440625 0.286111 0.503125 0.383333 0.692187 0.477778
222 4 0.201563 0.369444 0.270313 0.511111 0.337500 0.625000
206 4 0.100000 0.541667 0.203125 0.733333 0.201563 0.911111
144 4 0.446875 0.522222 0.517188 0.719444 0.706250 0.883333
128 4 0.457813 0.369444 0.515625 0.533333 0.715625 0.636111
125 4 0.223438 0.116667 0.253125 0.191667 0.350000 0.213889
