306 4 0.310937 0.088889 0.345313 0.130556 0.484375 0.155556
301 4 0.367188 0.088889 0.392188 0.119444 0.564063 0.150000
299 5 0.310937 0.016667 0.345313 0.127778 0.484375 0.083333
291 4 0.375000 0.113889 0.396875 0.155556 0.573438 0.191667
285 4 0.325000 0.261111 0.370312 0.355556 0.510938 0.438889
283 4 0.317188 0.133333 0.353125 0.194444 0.493750 0.230556
281 4 0.328125 0.194444 0.357812 0.266667 0.507812 0.327778
280 4 0.432812 0.297222 0.507812 0.405556 0.687500 0.502778
266 4 0.290625 0.388889 0.359375 0.547222 0.470313 0.663889
264 4 0.389062 0.141667 0.412500 0.191667 0.595313 0.238889
261 4 0.220312 0.300000 0.273438 0.425000 0.357812 0.513889
252 4 0.400000 0.177778 0.431250 0.225000 0.615625 0.291667
222 4 0.175000 0.425000 0.254688 0.591667 0.303125 0.722222
206 4 0.000000 0.700000 0.142187 0.955556 0.070312 1.177778
144 4 0.445312 0.583333 0.520312 0.805556 0.706250 0.986111
128 4 0.454688 0.380556 0.523438 0.569444 0.717187 0.666667
125 4 0.220312 0.119444 0.256250 0.202778 0.348438 0.222222
