327 4 0.432812 0.252778 0.476562 0.336111 0.670312 0.422222
313 4 0.256250 0.144444 0.301563 0.263889 0.407813 0.277778
310 4 0.185938 0.369444 0.253125 0.525000 0.314063 0.633333
299 5 0.310937 0.052778 0.357812 0.180556 0.490625 0.144444
285 4 0.232813 0.558333 0.334375 0.794444 0.401562 0.955556
283 4 0.321875 0.211111 0.360938 0.294444 0.501563 0.358333
281 4 0.306250 0.336111 0.356250 0.458333 0.485938 0.566667
222 4 0.070312 0.580556 0.195312 0.844444 0.167187 1.002778
128 4 0.451562 0.613889 0.543750 0.983333 0.723437 1.105556
125 4 0.217188 0.119444 0.259375 0.213889 0.346875 0.227778
