327 4 0.431250 0.244444 0.476562 0.336111 0.670312 0.411111
323 4 0.371875 0.108333 0.396875 0.152778 0.570312 0.186111
313 4 0.260937 0.144444 0.303125 0.252778 0.412500 0.272222
310 4 0.190625 0.369444 0.256250 0.519444 0.320312 0.630556
299 5 0.310937 0.052778 0.357812 0.177778 0.490625 0.141667
285 4 0.245312 0.533333 0.337500 0.758333 0.415625 0.913889
283 4 0.320312 0.205556 0.359375 0.291667 0.500000 0.352778
281 4 0.309375 0.316667 0.359375 0.436111 0.489063 0.536111
222 4 0.073438 0.566667 0.200000 0.827778 0.173437 0.983333
128 4 0.456250 0.602778 0.542188 0.930556 0.728125 1.069444
125 4 0.217188 0.119444 0.256250 0.194444 0.346875 0.216667
