300 4 0.796875 0.469444 0.921875 0.638889 1.257812 0.791667
299 5 0.309375 0.008333 0.340625 0.100000 0.479687 0.058333
292 4 0.359375 0.055556 0.384375 0.097222 0.551562 0.105556
291 4 0.371875 0.113889 0.393750 0.161111 0.568750 0.194444
285 4 0.331250 0.194444 0.367188 0.263889 0.515625 0.327778
283 4 0.318750 0.105556 0.346875 0.152778 0.492188 0.180556
281 4 0.323437 0.150000 0.356250 0.200000 0.501563 0.250000
266 4 0.325000 0.258333 0.373437 0.380556 0.510938 0.450000
264 4 0.385937 0.144444 0.412500 0.191667 0.592187 0.238889
261 4 0.239063 0.255556 0.287500 0.366667 0.382812 0.438889
252 4 0.398438 0.163889 0.431250 0.227778 0.614062 0.277778
248 4 0.282813 0.388889 0.356250 0.588889 0.460938 0.683333
235 4 0.440625 0.283333 0.503125 0.383333 0.693750 0.477778
222 4 0.209375 0.347222 0.273438 0.494444 0.345313 0.594444
206 4 0.120313 0.513889 0.210938 0.691667 0.225000 0.858333
144 4 0.446875 0.519444 0.518750 0.716667 0.706250 0.877778
128 4 0.456250 0.372222 0.514062 0.530556 0.714063 0.638889
125 4 0.221875 0.116667 0.254688 0.194444 0.350000 0.213889
