51 4 0.312500 0.027778 0.335938 0.069444 0.481250 0.063889
48 4 0.217188 0.275000 0.279687 0.413889 0.357812 0.483333
47 4 0.323437 0.080556 0.346875 0.125000 0.496875 0.144444
45 4 0.275000 0.080556 0.307812 0.125000 0.429688 0.144444
43 5 0.217188 0.275000 0.281250 0.416667 0.357812 0.483333
37 4 0.328125 0.125000 0.354687 0.169444 0.506250 0.208333
30 4 0.275000 0.133333 0.304688 0.191667 0.428125 0.230556
25 4 0.429688 0.216667 0.471875 0.305556 0.665625 0.369444
24 4 0.454688 0.358333 0.512500 0.516667 0.712500 0.616667
23 4 0.296875 0.341667 0.353125 0.483333 0.473438 0.583333
5 4 0.221875 0.125000 0.259375 0.188889 0.351562 0.219444
