262 1 0.298438 0.263889 0.318750 0.350000 0.457813 0.441667
261 4 0.300000 0.033333 0.320312 0.075000 0.460938 0.069444
260 4 0.350000 0.055556 0.370312 0.091667 0.535937 0.102778
259 5 0.320312 0.144444 0.364063 0.286111 0.501563 0.288889
257 4 0.323437 0.102778 0.350000 0.152778 0.498437 0.180556
255 4 0.001563 0.802778 0.095312 1.000000 0.050000 1.302778
253 4 0.396875 0.169444 0.443750 0.272222 0.618750 0.305556
252 4 0.378125 0.116667 0.407813 0.158333 0.582812 0.194444
249 4 0.362500 0.077778 0.387500 0.116667 0.557813 0.136111
240 4 0.317188 0.069444 0.340625 0.108333 0.489063 0.125000
238 4 0.140625 0.594444 0.300000 1.011111 0.290625 1.100000
235 5 0.435937 0.283333 0.500000 0.383333 0.685937 0.477778
234 4 0.320312 0.158333 0.365625 0.277778 0.503125 0.297222
222 4 0.281250 0.111111 0.310937 0.172222 0.437500 0.197222
214 4 0.439063 0.283333 0.501563 0.383333 0.690625 0.475000
212 4 0.326562 0.286111 0.371875 0.405556 0.512500 0.488889
206 4 0.262500 0.152778 0.296875 0.233333 0.410938 0.269444
189 4 0.243750 0.247222 0.287500 0.352778 0.387500 0.425000
178 4 0.192188 0.361111 0.264062 0.513889 0.325000 0.619444
144 4 0.451562 0.522222 0.517188 0.711111 0.709375 0.877778
128 4 0.456250 0.372222 0.514062 0.530556 0.712500 0.636111
125 4 0.221875 0.119444 0.254688 0.186111 0.350000 0.213889
