289 4 0.795312 0.505556 0.917188 0.683333 1.254687 0.850000
285 4 0.331250 0.161111 0.362500 0.216667 0.512500 0.269444
281 4 0.323437 0.125000 0.354687 0.169444 0.501563 0.211111
280 5 0.435937 0.288889 0.501563 0.386111 0.687500 0.483333
266 4 0.332813 0.202778 0.367188 0.283333 0.515625 0.344444
264 4 0.387500 0.138889 0.410938 0.183333 0.593750 0.230556
261 4 0.253125 0.236111 0.290625 0.322222 0.400000 0.397222
252 4 0.398438 0.172222 0.431250 0.227778 0.614062 0.286111
248 4 0.314063 0.288889 0.367188 0.430556 0.498437 0.502778
235 4 0.439063 0.288889 0.501563 0.383333 0.690625 0.480556
234 4 0.235937 0.480556 0.329688 0.702778 0.401562 0.830556
222 4 0.231250 0.300000 0.285938 0.427778 0.375000 0.513889
206 4 0.175000 0.413889 0.245312 0.550000 0.298438 0.688889
189 4 0.001563 0.655556 0.142187 0.944444 0.071875 1.127778
144 4 0.448437 0.522222 0.518750 0.713889 0.707812 0.880556
128 4 0.456250 0.369444 0.515625 0.533333 0.714063 0.636111
125 4 0.221875 0.116667 0.254688 0.191667 0.348438 0.213889
