264 4 0.371875 0.105556 0.400000 0.147222 0.571875 0.180556
261 4 0.281250 0.075000 0.310937 0.133333 0.437500 0.141667
253 4 0.410938 0.202778 0.450000 0.275000 0.635938 0.341667
252 4 0.390625 0.147222 0.421875 0.194444 0.601562 0.244444
235 5 0.439063 0.286111 0.500000 0.386111 0.689063 0.480556
234 4 0.321875 0.252778 0.364063 0.369444 0.503125 0.438889
222 4 0.275000 0.175000 0.306250 0.244444 0.428125 0.297222
214 4 0.440625 0.286111 0.503125 0.383333 0.692187 0.477778
212 4 0.290625 0.419444 0.356250 0.591667 0.468750 0.716667
206 4 0.246875 0.247222 0.285938 0.330556 0.389062 0.413889
189 4 0.190625 0.344444 0.257812 0.491667 0.320312 0.591667
178 4 0.081250 0.541667 0.206250 0.772222 0.185938 0.927778
144 4 0.448437 0.522222 0.518750 0.713889 0.707812 0.880556
128 4 0.454688 0.369444 0.514062 0.536111 0.712500 0.638889
125 4 0.221875 0.119444 0.254688 0.194444 0.350000 0.219444
