278 4 0.000000 0.700000 0.151562 0.997222 0.075000 1.200000
275 4 0.770312 0.588889 0.881250 0.800000 1.210938 0.991667
264 4 0.376563 0.119444 0.403125 0.166667 0.578125 0.202778
261 4 0.278125 0.122222 0.310937 0.183333 0.434375 0.213889
260 4 0.365625 0.091667 0.387500 0.130556 0.559375 0.158333
253 4 0.417187 0.213889 0.453125 0.277778 0.643750 0.352778
252 4 0.393750 0.161111 0.426563 0.213889 0.607812 0.269444
248 4 0.331250 0.211111 0.367188 0.302778 0.515625 0.361111
235 5 0.439063 0.286111 0.500000 0.386111 0.689063 0.480556
234 4 0.310937 0.300000 0.356250 0.422222 0.490625 0.511111
222 4 0.264062 0.222222 0.303125 0.302778 0.417187 0.375000
212 4 0.248438 0.566667 0.345313 0.791667 0.421875 0.961111
206 4 0.226562 0.302778 0.275000 0.402778 0.364063 0.505556
189 4 0.143750 0.430556 0.232813 0.613889 0.260937 0.738889
144 4 0.446875 0.522222 0.518750 0.713889 0.706250 0.877778
128 4 0.454688 0.372222 0.510938 0.533333 0.710938 0.638889
125 4 0.221875 0.122222 0.256250 0.191667 0.350000 0.216667
