285 4 0.329688 0.152778 0.357812 0.197222 0.509375 0.252778
283 4 0.332813 0.075000 0.354687 0.113889 0.510938 0.133333
281 4 0.323437 0.116667 0.351562 0.161111 0.500000 0.197222
280 5 0.435937 0.288889 0.501563 0.383333 0.687500 0.480556
266 4 0.332813 0.191667 0.365625 0.269444 0.517188 0.325000
264 4 0.385937 0.138889 0.409375 0.180556 0.590625 0.230556
261 4 0.257812 0.213889 0.296875 0.291667 0.406250 0.361111
252 4 0.398438 0.169444 0.431250 0.222222 0.614062 0.280556
248 4 0.323437 0.269444 0.365625 0.388889 0.506250 0.463889
235 4 0.434375 0.288889 0.503125 0.383333 0.685937 0.480556
234 4 0.262500 0.411111 0.348438 0.613889 0.437500 0.716667
222 4 0.237500 0.297222 0.289062 0.400000 0.382812 0.497222
206 4 0.189062 0.386111 0.250000 0.511111 0.314063 0.641667
189 4 0.028125 0.586111 0.170313 0.861111 0.112500 1.016667
144 4 0.450000 0.519444 0.517188 0.713889 0.709375 0.877778
128 4 0.456250 0.369444 0.515625 0.530556 0.714063 0.636111
125 4 0.221875 0.116667 0.253125 0.191667 0.348438 0.213889
