266 4 0.328125 0.144444 0.356250 0.188889 0.506250 0.238889
264 4 0.371875 0.102778 0.398438 0.147222 0.571875 0.177778
261 4 0.284375 0.072222 0.310937 0.127778 0.440625 0.136111
260 4 0.359375 0.075000 0.379688 0.111111 0.550000 0.130556
253 4 0.409375 0.202778 0.450000 0.272222 0.634375 0.338889
252 4 0.387500 0.141667 0.418750 0.188889 0.596875 0.236111
248 4 0.329688 0.186111 0.364063 0.252778 0.512500 0.313889
235 5 0.437500 0.288889 0.500000 0.386111 0.687500 0.480556
234 4 0.321875 0.241667 0.364063 0.341667 0.504687 0.411111
222 4 0.275000 0.155556 0.309375 0.233333 0.429688 0.272222
214 4 0.439063 0.283333 0.501563 0.383333 0.690625 0.475000
212 4 0.296875 0.405556 0.359375 0.558333 0.476562 0.686111
206 4 0.248438 0.236111 0.289062 0.316667 0.393750 0.394444
189 4 0.198437 0.336111 0.262500 0.477778 0.329688 0.577778
178 4 0.098437 0.511111 0.217188 0.736111 0.207813 0.880556
144 4 0.450000 0.519444 0.517188 0.713889 0.709375 0.877778
128 4 0.457813 0.372222 0.514062 0.530556 0.715625 0.638889
125 4 0.221875 0.119444 0.254688 0.191667 0.350000 0.216667
