266 4 0.325000 0.127778 0.354687 0.180556 0.503125 0.219444
264 4 0.370312 0.094444 0.398438 0.136111 0.568750 0.163889
260 4 0.354687 0.072222 0.378125 0.105556 0.543750 0.125000
253 4 0.409375 0.191667 0.450000 0.269444 0.634375 0.325000
252 4 0.385937 0.136111 0.417187 0.183333 0.595313 0.227778
248 4 0.326562 0.175000 0.362500 0.233333 0.507812 0.291667
234 4 0.317188 0.225000 0.365625 0.325000 0.500000 0.388889
222 4 0.275000 0.147222 0.309375 0.213889 0.429688 0.255556
212 4 0.310937 0.380556 0.365625 0.505556 0.493750 0.633333
206 4 0.254688 0.213889 0.290625 0.286111 0.400000 0.358333
189 4 0.214062 0.302778 0.271875 0.436111 0.350000 0.522222
178 4 0.135937 0.466667 0.232813 0.658333 0.251563 0.797222
144 4 0.453125 0.522222 0.515625 0.711111 0.710938 0.877778
128 4 0.454688 0.372222 0.515625 0.533333 0.712500 0.638889
125 4 0.221875 0.122222 0.254688 0.191667 0.350000 0.219444
