289 4 0.820312 0.480556 0.932813 0.633333 1.287500 0.797222
288 4 0.370312 0.113889 0.396875 0.152778 0.568750 0.191667
285 4 0.329688 0.155556 0.360938 0.208333 0.510938 0.261111
281 4 0.325000 0.125000 0.353125 0.163889 0.501563 0.208333
280 5 0.435937 0.288889 0.501563 0.383333 0.687500 0.480556
266 4 0.331250 0.200000 0.365625 0.283333 0.514062 0.341667
264 4 0.384375 0.138889 0.412500 0.183333 0.590625 0.230556
261 4 0.254688 0.230556 0.293750 0.313889 0.403125 0.388889
252 4 0.398438 0.169444 0.431250 0.227778 0.614062 0.283333
248 4 0.318750 0.283333 0.365625 0.419444 0.501563 0.494444
235 4 0.437500 0.286111 0.503125 0.383333 0.689063 0.477778
234 4 0.246875 0.463889 0.331250 0.666667 0.412500 0.797222
222 4 0.234375 0.302778 0.287500 0.413889 0.378125 0.511111
206 4 0.179688 0.402778 0.246875 0.536111 0.303125 0.672222
189 4 0.000000 0.636111 0.153125 0.922222 0.076563 1.097222
144 4 0.450000 0.522222 0.517188 0.711111 0.709375 0.877778
128 4 0.457813 0.366667 0.517188 0.533333 0.715625 0.633333
125 4 0.220312 0.119444 0.254688 0.191667 0.348438 0.216667
