259 5 0.325000 0.150000 0.362500 0.266667 0.506250 0.286111
255 4 0.000000 0.750000 0.120313 1.000000 0.060937 1.250000
253 4 0.403125 0.172222 0.440625 0.244444 0.623437 0.294444
252 4 0.378125 0.111111 0.406250 0.150000 0.581250 0.186111
249 4 0.362500 0.075000 0.385937 0.113889 0.554688 0.133333
248 4 0.326562 0.147222 0.356250 0.194444 0.504687 0.244444
240 4 0.318750 0.066667 0.339062 0.100000 0.489063 0.116667
238 4 0.165625 0.561111 0.309375 0.975000 0.320312 1.047222
236 4 0.323437 0.094444 0.346875 0.136111 0.498437 0.163889
235 5 0.435937 0.286111 0.500000 0.388889 0.685937 0.480556
234 4 0.326562 0.188889 0.362500 0.272222 0.507812 0.325000
222 4 0.279687 0.102778 0.310937 0.163889 0.435937 0.186111
214 4 0.437500 0.283333 0.503125 0.386111 0.689063 0.477778
212 4 0.328125 0.277778 0.371875 0.380556 0.514062 0.469444
206 4 0.264062 0.147222 0.295312 0.222222 0.412500 0.258333
189 4 0.246875 0.236111 0.287500 0.336111 0.390625 0.405556
178 4 0.200000 0.341667 0.268750 0.488889 0.334375 0.586111
144 4 0.451562 0.522222 0.518750 0.713889 0.710938 0.880556
128 4 0.453125 0.372222 0.512500 0.530556 0.709375 0.638889
125 4 0.221875 0.119444 0.254688 0.186111 0.350000 0.213889
