266 4 0.328125 0.141667 0.356250 0.188889 0.506250 0.236111
264 4 0.371875 0.102778 0.398438 0.147222 0.571875 0.177778
261 4 0.284375 0.072222 0.309375 0.127778 0.439063 0.136111
260 4 0.359375 0.075000 0.379688 0.111111 0.550000 0.133333
253 4 0.409375 0.202778 0.450000 0.275000 0.634375 0.341667
252 4 0.389062 0.144444 0.418750 0.188889 0.598437 0.238889
248 4 0.329688 0.186111 0.364063 0.252778 0.512500 0.313889
235 5 0.437500 0.288889 0.500000 0.386111 0.687500 0.483333
234 4 0.323437 0.244444 0.364063 0.344444 0.506250 0.419444
222 4 0.275000 0.155556 0.309375 0.233333 0.429688 0.272222
214 4 0.439063 0.283333 0.501563 0.383333 0.690625 0.477778
212 4 0.296875 0.411111 0.357812 0.563889 0.476562 0.691667
206 4 0.248438 0.238889 0.287500 0.316667 0.392188 0.397222
189 4 0.198437 0.338889 0.260937 0.480556 0.328125 0.580556
178 4 0.098437 0.516667 0.214062 0.741667 0.204687 0.888889
144 4 0.448437 0.519444 0.518750 0.713889 0.707812 0.877778
128 4 0.457813 0.369444 0.514062 0.533333 0.715625 0.636111
125 4 0.221875 0.119444 0.254688 0.191667 0.350000 0.216667
