282 5 0.304688 0.000000 0.329688 0.050000 0.470313 0.022222
281 4 0.321875 0.108333 0.350000 0.150000 0.496875 0.183333
280 4 0.442188 0.283333 0.501563 0.383333 0.693750 0.477778
278 4 0.001563 0.780556 0.114062 0.997222 0.057813 1.277778
275 4 0.737500 0.697222 0.856250 0.977778 1.165625 1.186111
266 4 0.331250 0.163889 0.360938 0.230556 0.512500 0.280556
264 4 0.379688 0.125000 0.407813 0.172222 0.584375 0.211111
261 4 0.273438 0.141667 0.304688 0.211111 0.425000 0.247222
260 4 0.365625 0.088889 0.387500 0.138889 0.560937 0.158333
252 4 0.396875 0.161111 0.428125 0.213889 0.612500 0.269444
248 4 0.329688 0.225000 0.367188 0.327778 0.514062 0.391667
235 5 0.440625 0.286111 0.500000 0.383333 0.690625 0.480556
234 4 0.303125 0.330556 0.353125 0.458333 0.479687 0.558333
222 4 0.257812 0.250000 0.298438 0.333333 0.407813 0.416667
212 4 0.210938 0.650000 0.326562 0.936111 0.375000 1.119444
206 4 0.217188 0.327778 0.270313 0.430556 0.353125 0.544444
189 4 0.112500 0.458333 0.215625 0.677778 0.220312 0.800000
144 4 0.450000 0.522222 0.517188 0.713889 0.709375 0.880556
128 4 0.454688 0.369444 0.514062 0.530556 0.712500 0.636111
125 4 0.221875 0.116667 0.256250 0.188889 0.350000 0.213889
