286 4 0.365625 0.100000 0.390625 0.141667 0.560937 0.172222
285 4 0.328125 0.144444 0.357812 0.186111 0.507812 0.236111
283 4 0.335938 0.061111 0.359375 0.100000 0.515625 0.111111
282 5 0.304688 0.000000 0.331250 0.058333 0.470313 0.030556
281 4 0.323437 0.113889 0.348438 0.150000 0.498437 0.188889
280 5 0.435937 0.283333 0.501563 0.386111 0.687500 0.477778
266 4 0.331250 0.177778 0.364063 0.250000 0.514062 0.302778
264 4 0.381250 0.130556 0.410938 0.177778 0.587500 0.219444
261 4 0.264062 0.172222 0.304688 0.255556 0.415625 0.300000
252 4 0.396875 0.163889 0.429688 0.222222 0.612500 0.275000
248 4 0.326562 0.250000 0.368750 0.380556 0.510938 0.438889
235 4 0.434375 0.286111 0.503125 0.386111 0.685937 0.480556
234 4 0.287500 0.369444 0.348438 0.522222 0.462500 0.630556
222 4 0.248438 0.263889 0.295312 0.369444 0.396875 0.450000
212 4 0.171875 0.786111 0.306250 1.002778 0.325000 1.286111
206 4 0.203125 0.355556 0.260937 0.472222 0.334375 0.591667
189 4 0.076563 0.527778 0.198437 0.761111 0.176563 0.908333
144 4 0.450000 0.519444 0.517188 0.713889 0.709375 0.877778
128 4 0.457813 0.369444 0.514062 0.530556 0.715625 0.636111
125 4 0.221875 0.116667 0.254688 0.197222 0.350000 0.216667
