289 4 0.770312 0.555556 0.889062 0.755556 1.215625 0.936111
285 4 0.331250 0.163889 0.364063 0.225000 0.514062 0.277778
283 4 0.321875 0.083333 0.351562 0.130556 0.498437 0.150000
281 4 0.325000 0.127778 0.353125 0.172222 0.501563 0.213889
280 5 0.437500 0.288889 0.501563 0.383333 0.687500 0.480556
266 4 0.332813 0.213889 0.370312 0.297222 0.518750 0.363889
264 4 0.385937 0.141667 0.414062 0.186111 0.593750 0.236111
261 4 0.250000 0.241667 0.290625 0.330556 0.395313 0.408333
252 4 0.398438 0.169444 0.434375 0.227778 0.617188 0.283333
248 4 0.312500 0.297222 0.367188 0.450000 0.495312 0.525000
235 4 0.439063 0.286111 0.503125 0.383333 0.690625 0.477778
234 4 0.221875 0.533333 0.315625 0.766667 0.379688 0.916667
222 4 0.226562 0.313889 0.282813 0.433333 0.367188 0.530556
206 4 0.164062 0.427778 0.242188 0.572222 0.285938 0.713889
189 4 0.000000 0.683333 0.131250 0.994444 0.065625 1.183333
144 4 0.450000 0.522222 0.517188 0.713889 0.709375 0.877778
128 4 0.457813 0.369444 0.515625 0.530556 0.715625 0.636111
125 4 0.221875 0.116667 0.256250 0.191667 0.350000 0.213889
