27 4 0.276562 0.030556 0.303125 0.083333 0.428125 0.072222
25 4 0.342187 0.019444 0.365625 0.058333 0.526563 0.050000
24 4 0.362500 0.055556 0.387500 0.094444 0.556250 0.105556
22 4 0.320312 0.055556 0.342187 0.100000 0.490625 0.105556
21 5 0.275000 0.030556 0.304688 0.086111 0.428125 0.072222
19 4 0.312500 0.102778 0.345313 0.155556 0.485938 0.180556
16 4 0.321875 0.147222 0.351562 0.208333 0.498437 0.252778
15 4 0.268750 0.391667 0.329688 0.536111 0.434375 0.661111
5 4 0.223438 0.116667 0.257812 0.194444 0.353125 0.213889
2 4 0.454688 0.547222 0.528125 0.780556 0.718750 0.938889
