291 4 0.371875 0.116667 0.395313 0.158333 0.570312 0.197222
289 4 0.762500 0.580556 0.879687 0.786111 1.201563 0.975000
285 4 0.331250 0.163889 0.364063 0.227778 0.514062 0.277778
283 4 0.320312 0.086111 0.348438 0.136111 0.495312 0.152778
281 4 0.325000 0.130556 0.353125 0.175000 0.501563 0.219444
280 5 0.439063 0.288889 0.501563 0.383333 0.690625 0.480556
266 4 0.331250 0.216667 0.367188 0.300000 0.515625 0.366667
264 4 0.387500 0.141667 0.412500 0.188889 0.593750 0.236111
261 4 0.248438 0.250000 0.289062 0.333333 0.393750 0.416667
252 4 0.400000 0.172222 0.432812 0.227778 0.617188 0.288889
248 4 0.310937 0.308333 0.364063 0.458333 0.493750 0.538889
235 4 0.439063 0.286111 0.503125 0.383333 0.690625 0.477778
234 4 0.210938 0.544444 0.309375 0.791667 0.365625 0.938889
222 4 0.225000 0.319444 0.282813 0.441667 0.367188 0.538889
206 4 0.159375 0.436111 0.243750 0.580556 0.281250 0.727778
189 4 0.000000 0.697222 0.121875 0.997222 0.059375 1.197222
144 4 0.450000 0.522222 0.518750 0.713889 0.709375 0.880556
128 4 0.457813 0.372222 0.515625 0.533333 0.715625 0.638889
125 4 0.220312 0.119444 0.256250 0.191667 0.348438 0.216667
