261 4 0.300000 0.033333 0.320312 0.077778 0.460938 0.072222
259 5 0.317188 0.144444 0.362500 0.288889 0.500000 0.291667
257 4 0.323437 0.102778 0.350000 0.152778 0.498437 0.180556
255 4 0.003125 0.805556 0.098437 1.000000 0.053125 1.305556
253 4 0.395313 0.166667 0.443750 0.275000 0.617188 0.302778
252 4 0.378125 0.116667 0.407813 0.158333 0.582812 0.194444
240 4 0.318750 0.069444 0.340625 0.108333 0.489063 0.125000
238 4 0.135937 0.602778 0.300000 1.008333 0.285938 1.108333
235 5 0.435937 0.286111 0.501563 0.383333 0.687500 0.477778
234 4 0.317188 0.155556 0.364063 0.280556 0.500000 0.294444
222 4 0.281250 0.111111 0.310937 0.172222 0.435937 0.197222
214 4 0.439063 0.283333 0.501563 0.383333 0.690625 0.475000
212 4 0.325000 0.294444 0.370312 0.413889 0.510938 0.500000
206 4 0.264062 0.158333 0.296875 0.236111 0.412500 0.275000
189 4 0.242188 0.247222 0.287500 0.355556 0.385937 0.425000
178 4 0.190625 0.361111 0.265625 0.519444 0.323437 0.622222
144 4 0.451562 0.522222 0.517188 0.711111 0.710938 0.877778
128 4 0.456250 0.369444 0.514062 0.533333 0.712500 0.636111
125 4 0.221875 0.119444 0.254688 0.186111 0.350000 0.213889
