285 4 0.329688 0.155556 0.360938 0.208333 0.510938 0.261111
281 4 0.325000 0.122222 0.353125 0.163889 0.501563 0.205556
280 5 0.435937 0.286111 0.500000 0.386111 0.685937 0.480556
266 4 0.331250 0.194444 0.365625 0.277778 0.514062 0.336111
264 4 0.384375 0.136111 0.412500 0.186111 0.592187 0.230556
261 4 0.257812 0.225000 0.293750 0.305556 0.404687 0.377778
252 4 0.400000 0.166667 0.429688 0.225000 0.615625 0.280556
248 4 0.320312 0.280556 0.367188 0.405556 0.504687 0.483333
235 4 0.437500 0.286111 0.503125 0.383333 0.689063 0.477778
234 4 0.256250 0.444444 0.337500 0.636111 0.426563 0.763889
222 4 0.237500 0.302778 0.290625 0.408333 0.382812 0.505556
206 4 0.182812 0.397222 0.246875 0.525000 0.306250 0.661111
189 4 0.000000 0.602778 0.162500 0.894444 0.082812 1.050000
144 4 0.450000 0.522222 0.517188 0.711111 0.709375 0.877778
128 4 0.457813 0.366667 0.515625 0.533333 0.715625 0.633333
125 4 0.221875 0.116667 0.254688 0.191667 0.348438 0.213889
