251 4 0.332813 0.011111 0.357812 0.044444 0.512500 0.033333
250 4 0.346875 0.044444 0.367188 0.080556 0.531250 0.083333
249 4 0.359375 0.072222 0.382812 0.105556 0.551562 0.125000
248 4 0.326562 0.141667 0.356250 0.186111 0.506250 0.236111
238 4 0.209375 0.475000 0.323437 0.822222 0.370312 0.886111
235 5 0.437500 0.286111 0.501563 0.383333 0.689063 0.477778
234 4 0.326562 0.177778 0.360938 0.258333 0.507812 0.308333
222 4 0.281250 0.088889 0.310937 0.152778 0.437500 0.166667
214 4 0.439063 0.283333 0.503125 0.380556 0.692187 0.475000
212 4 0.328125 0.258333 0.371875 0.380556 0.514062 0.450000
206 4 0.262500 0.141667 0.295312 0.211111 0.410938 0.247222
189 4 0.253125 0.213889 0.292187 0.311111 0.400000 0.369444
178 4 0.217188 0.311111 0.276562 0.444444 0.356250 0.533333
144 4 0.448437 0.519444 0.518750 0.716667 0.707812 0.877778
128 4 0.453125 0.369444 0.517188 0.536111 0.712500 0.638889
125 4 0.221875 0.119444 0.256250 0.191667 0.350000 0.216667
