266 4 0.328125 0.150000 0.357812 0.202778 0.507812 0.252778
264 4 0.373437 0.105556 0.400000 0.150000 0.573438 0.183333
261 4 0.279687 0.077778 0.309375 0.141667 0.435937 0.150000
260 4 0.360938 0.077778 0.381250 0.119444 0.551562 0.136111
253 4 0.410938 0.202778 0.450000 0.277778 0.635938 0.341667
252 4 0.392188 0.150000 0.421875 0.194444 0.603125 0.247222
248 4 0.331250 0.191667 0.364063 0.263889 0.512500 0.322222
235 5 0.439063 0.286111 0.500000 0.386111 0.689063 0.480556
234 4 0.320312 0.255556 0.364063 0.380556 0.503125 0.444444
222 4 0.275000 0.175000 0.306250 0.247222 0.428125 0.300000
214 4 0.440625 0.283333 0.501563 0.386111 0.692187 0.477778
212 4 0.287500 0.427778 0.353125 0.608333 0.464062 0.733333
206 4 0.243750 0.255556 0.284375 0.338889 0.387500 0.425000
189 4 0.184375 0.355556 0.256250 0.508333 0.314063 0.611111
178 4 0.073438 0.552778 0.200000 0.788889 0.173437 0.947222
144 4 0.448437 0.522222 0.518750 0.711111 0.707812 0.877778
128 4 0.453125 0.369444 0.514062 0.536111 0.710938 0.638889
125 4 0.221875 0.119444 0.254688 0.194444 0.350000 0.216667
