292 4 0.351562 0.038889 0.376563 0.080556 0.540625 0.080556
291 4 0.371875 0.111111 0.395313 0.158333 0.570312 0.191667
289 4 0.745313 0.616667 0.865625 0.858333 1.178125 1.044444
285 4 0.331250 0.169444 0.364063 0.233333 0.514062 0.288889
283 4 0.318750 0.088889 0.346875 0.138889 0.493750 0.158333
281 4 0.323437 0.133333 0.354687 0.177778 0.501563 0.222222
280 5 0.440625 0.286111 0.501563 0.383333 0.692187 0.480556
266 4 0.331250 0.219444 0.367188 0.311111 0.515625 0.375000
264 4 0.387500 0.138889 0.412500 0.188889 0.593750 0.236111
261 4 0.246875 0.255556 0.287500 0.338889 0.392188 0.425000
252 4 0.400000 0.172222 0.432812 0.227778 0.617188 0.286111
248 4 0.306250 0.319444 0.365625 0.475000 0.490625 0.555556
235 4 0.440625 0.283333 0.503125 0.383333 0.693750 0.477778
234 4 0.196875 0.577778 0.307812 0.841667 0.351562 1.000000
222 4 0.225000 0.322222 0.282813 0.447222 0.367188 0.547222
206 4 0.154688 0.441667 0.235937 0.591667 0.273438 0.738889
189 4 0.001563 0.722222 0.121875 1.002778 0.064062 1.225000
144 4 0.451562 0.522222 0.518750 0.713889 0.710938 0.880556
128 4 0.456250 0.369444 0.515625 0.533333 0.715625 0.636111
125 4 0.221875 0.119444 0.254688 0.191667 0.350000 0.216667
