259 5 0.325000 0.155556 0.362500 0.263889 0.506250 0.288889
255 4 0.000000 0.733333 0.126562 0.997222 0.064062 1.233333
253 4 0.401562 0.169444 0.440625 0.247222 0.623437 0.294444
252 4 0.378125 0.111111 0.404687 0.150000 0.581250 0.186111
249 4 0.362500 0.075000 0.384375 0.113889 0.554688 0.133333
248 4 0.326562 0.147222 0.356250 0.194444 0.504687 0.244444
240 4 0.317188 0.066667 0.337500 0.102778 0.487500 0.119444
238 4 0.167187 0.547222 0.307812 0.944444 0.321875 1.019444
235 5 0.435937 0.286111 0.500000 0.388889 0.685937 0.480556
234 4 0.326562 0.186111 0.362500 0.269444 0.507812 0.322222
222 4 0.279687 0.105556 0.309375 0.163889 0.435937 0.186111
214 4 0.437500 0.283333 0.503125 0.386111 0.689063 0.477778
212 4 0.328125 0.280556 0.370312 0.377778 0.514062 0.469444
206 4 0.264062 0.144444 0.296875 0.216667 0.414062 0.255556
189 4 0.246875 0.236111 0.289062 0.336111 0.392188 0.402778
178 4 0.201563 0.338889 0.268750 0.483333 0.337500 0.580556
144 4 0.451562 0.522222 0.518750 0.713889 0.710938 0.880556
128 4 0.453125 0.372222 0.512500 0.530556 0.709375 0.638889
125 4 0.221875 0.119444 0.254688 0.186111 0.350000 0.213889
