292 4 0.350000 0.038889 0.376563 0.080556 0.539062 0.080556
289 4 0.750000 0.597222 0.870313 0.827778 1.185938 1.013889
285 4 0.331250 0.169444 0.364063 0.233333 0.514062 0.286111
283 4 0.318750 0.086111 0.346875 0.136111 0.492188 0.155556
281 4 0.323437 0.133333 0.354687 0.175000 0.501563 0.222222
280 5 0.440625 0.288889 0.501563 0.383333 0.692187 0.480556
266 4 0.331250 0.219444 0.367188 0.311111 0.515625 0.375000
264 4 0.387500 0.138889 0.412500 0.188889 0.593750 0.233333
261 4 0.248438 0.255556 0.287500 0.336111 0.392188 0.425000
252 4 0.398438 0.172222 0.432812 0.227778 0.615625 0.286111
248 4 0.309375 0.316667 0.364063 0.466667 0.492188 0.550000
235 4 0.440625 0.286111 0.503125 0.383333 0.692187 0.477778
234 4 0.203125 0.563889 0.309375 0.822222 0.357812 0.975000
222 4 0.225000 0.319444 0.282813 0.444444 0.367188 0.541667
206 4 0.156250 0.438889 0.237500 0.588889 0.276562 0.733333
189 4 0.000000 0.708333 0.117188 1.000000 0.057813 1.208333
144 4 0.451562 0.522222 0.518750 0.713889 0.710938 0.877778
128 4 0.457813 0.369444 0.515625 0.533333 0.715625 0.636111
125 4 0.221875 0.116667 0.254688 0.191667 0.350000 0.213889
