285 4 0.329688 0.161111 0.362500 0.216667 0.510938 0.269444
281 4 0.323437 0.125000 0.354687 0.169444 0.501563 0.211111
280 5 0.435937 0.288889 0.501563 0.386111 0.687500 0.483333
266 4 0.332813 0.205556 0.365625 0.286111 0.515625 0.347222
264 4 0.387500 0.138889 0.412500 0.183333 0.593750 0.230556
261 4 0.253125 0.236111 0.290625 0.319444 0.400000 0.397222
252 4 0.398438 0.172222 0.431250 0.227778 0.614062 0.286111
248 4 0.315625 0.288889 0.367188 0.425000 0.500000 0.502778
235 4 0.439063 0.288889 0.501563 0.383333 0.690625 0.480556
234 4 0.239063 0.477778 0.331250 0.697222 0.406250 0.827778
222 4 0.232813 0.300000 0.287500 0.425000 0.376563 0.511111
206 4 0.176563 0.411111 0.245312 0.547222 0.300000 0.686111
189 4 0.000000 0.650000 0.142187 0.936111 0.071875 1.119444
144 4 0.448437 0.522222 0.518750 0.713889 0.707812 0.880556
128 4 0.456250 0.369444 0.515625 0.533333 0.715625 0.636111
125 4 0.221875 0.116667 0.254688 0.191667 0.348438 0.213889
