264 4 0.365625 0.088889 0.392188 0.127778 0.562500 0.152778
261 4 0.293750 0.044444 0.317188 0.088889 0.453125 0.088889
260 4 0.353125 0.061111 0.373437 0.097222 0.540625 0.111111
257 4 0.325000 0.108333 0.351562 0.163889 0.500000 0.191667
253 4 0.404687 0.186111 0.448437 0.272222 0.629687 0.325000
252 4 0.381250 0.122222 0.412500 0.166667 0.589063 0.208333
248 4 0.328125 0.158333 0.359375 0.211111 0.507812 0.263889
240 4 0.318750 0.075000 0.342187 0.111111 0.490625 0.130556
235 5 0.437500 0.288889 0.501563 0.383333 0.689063 0.480556
234 4 0.326562 0.205556 0.364063 0.297222 0.509375 0.355556
222 4 0.279687 0.127778 0.310937 0.188889 0.435937 0.222222
214 4 0.439063 0.283333 0.503125 0.383333 0.690625 0.477778
212 4 0.318750 0.327778 0.367188 0.447222 0.503125 0.552778
206 4 0.257812 0.186111 0.293750 0.263889 0.404687 0.319444
189 4 0.234375 0.261111 0.281250 0.377778 0.375000 0.450000
178 4 0.170313 0.408333 0.251563 0.572222 0.296875 0.694444
144 4 0.451562 0.522222 0.517188 0.716667 0.710938 0.880556
128 4 0.454688 0.372222 0.512500 0.530556 0.710938 0.638889
125 4 0.221875 0.116667 0.253125 0.188889 0.348438 0.211111
