289 4 0.765625 0.572222 0.882812 0.775000 1.206250 0.961111
285 4 0.331250 0.163889 0.364063 0.227778 0.514062 0.277778
283 4 0.320312 0.086111 0.348438 0.136111 0.495312 0.152778
281 4 0.323437 0.130556 0.354687 0.172222 0.501563 0.216667
280 5 0.439063 0.288889 0.501563 0.383333 0.690625 0.480556
266 4 0.331250 0.213889 0.367188 0.297222 0.515625 0.363889
264 4 0.387500 0.141667 0.414062 0.188889 0.595313 0.236111
261 4 0.248438 0.247222 0.289062 0.333333 0.393750 0.416667
252 4 0.400000 0.172222 0.432812 0.227778 0.615625 0.286111
248 4 0.310937 0.305556 0.365625 0.452778 0.493750 0.533333
235 4 0.439063 0.286111 0.503125 0.383333 0.690625 0.477778
234 4 0.215625 0.541667 0.312500 0.783333 0.371875 0.933333
222 4 0.225000 0.316667 0.284375 0.438889 0.367188 0.536111
206 4 0.160938 0.433333 0.242188 0.577778 0.282813 0.722222
189 4 0.000000 0.691667 0.125000 0.997222 0.060937 1.191667
144 4 0.450000 0.522222 0.518750 0.713889 0.709375 0.880556
128 4 0.456250 0.369444 0.515625 0.533333 0.715625 0.638889
125 4 0.220312 0.119444 0.256250 0.191667 0.348438 0.213889
