288 4 0.370312 0.113889 0.396875 0.152778 0.568750 0.191667
285 4 0.331250 0.158333 0.362500 0.213889 0.512500 0.266667
283 4 0.326562 0.080556 0.353125 0.127778 0.503125 0.147222
281 4 0.325000 0.127778 0.353125 0.166667 0.501563 0.211111
280 4 0.435937 0.286111 0.501563 0.386111 0.687500 0.480556
266 4 0.332813 0.202778 0.365625 0.283333 0.515625 0.344444
264 4 0.385937 0.138889 0.412500 0.183333 0.593750 0.230556
261 4 0.254688 0.233333 0.292187 0.316667 0.401562 0.391667
252 4 0.398438 0.169444 0.431250 0.227778 0.614062 0.283333
248 4 0.317188 0.286111 0.365625 0.419444 0.501563 0.497222
235 5 0.437500 0.286111 0.501563 0.386111 0.689063 0.480556
234 4 0.243750 0.469444 0.332813 0.680556 0.410938 0.811111
222 4 0.231250 0.294444 0.287500 0.416667 0.375000 0.502778
206 4 0.178125 0.405556 0.246875 0.538889 0.301563 0.677778
189 4 0.000000 0.644444 0.146875 0.930556 0.073438 1.111111
144 4 0.448437 0.522222 0.518750 0.713889 0.707812 0.877778
128 4 0.456250 0.366667 0.517188 0.533333 0.715625 0.633333
125 4 0.220312 0.116667 0.254688 0.191667 0.348438 0.213889
