275 4 0.825000 0.480556 0.932813 0.655556 1.290625 0.808333
266 4 0.328125 0.150000 0.357812 0.208333 0.507812 0.255556
264 4 0.373437 0.111111 0.401562 0.158333 0.575000 0.191667
261 4 0.278125 0.083333 0.310937 0.152778 0.434375 0.158333
253 4 0.412500 0.205556 0.450000 0.277778 0.637500 0.344444
252 4 0.390625 0.152778 0.423438 0.200000 0.603125 0.252778
248 4 0.331250 0.194444 0.365625 0.272222 0.514062 0.330556
235 5 0.439063 0.288889 0.501563 0.383333 0.690625 0.480556
234 4 0.320312 0.266667 0.362500 0.383333 0.501563 0.458333
222 4 0.271875 0.188889 0.306250 0.263889 0.425000 0.322222
212 4 0.278125 0.461111 0.353125 0.661111 0.454688 0.791667
206 4 0.239063 0.272222 0.281250 0.355556 0.381250 0.450000
189 4 0.175000 0.380556 0.248438 0.538889 0.300000 0.652778
144 4 0.446875 0.522222 0.517188 0.716667 0.706250 0.880556
128 4 0.453125 0.369444 0.514062 0.536111 0.710938 0.638889
125 4 0.221875 0.116667 0.254688 0.194444 0.350000 0.213889
