278 4 0.000000 0.686111 0.157812 0.986111 0.076563 1.180556
275 4 0.775000 0.575000 0.885938 0.777778 1.218750 0.963889
266 4 0.328125 0.158333 0.359375 0.216667 0.507812 0.266667
264 4 0.376563 0.116667 0.403125 0.166667 0.578125 0.200000
261 4 0.275000 0.116667 0.310937 0.180556 0.431250 0.208333
260 4 0.364063 0.091667 0.387500 0.133333 0.557813 0.158333
253 4 0.415625 0.213889 0.451562 0.277778 0.642188 0.352778
252 4 0.393750 0.158333 0.426563 0.211111 0.607812 0.263889
248 4 0.331250 0.211111 0.367188 0.297222 0.515625 0.361111
235 5 0.439063 0.288889 0.500000 0.386111 0.689063 0.483333
234 4 0.312500 0.291667 0.359375 0.422222 0.492188 0.502778
222 4 0.265625 0.219444 0.304688 0.300000 0.418750 0.369444
212 4 0.251563 0.552778 0.345313 0.775000 0.425000 0.938889
206 4 0.228125 0.300000 0.275000 0.397222 0.365625 0.500000
189 4 0.148438 0.430556 0.232813 0.602778 0.265625 0.733333
144 4 0.446875 0.522222 0.518750 0.713889 0.706250 0.880556
128 4 0.454688 0.372222 0.510938 0.530556 0.710938 0.638889
125 4 0.221875 0.119444 0.254688 0.191667 0.350000 0.216667
