289 4 0.787500 0.513889 0.910937 0.705556 1.243750 0.866667
285 4 0.329688 0.161111 0.362500 0.216667 0.512500 0.269444
283 4 0.321875 0.083333 0.350000 0.127778 0.496875 0.147222
281 4 0.323437 0.127778 0.354687 0.169444 0.501563 0.213889
280 5 0.437500 0.288889 0.501563 0.383333 0.689063 0.480556
266 4 0.332813 0.205556 0.367188 0.286111 0.517188 0.350000
264 4 0.387500 0.138889 0.412500 0.183333 0.593750 0.233333
261 4 0.253125 0.241667 0.290625 0.327778 0.400000 0.405556
252 4 0.398438 0.172222 0.431250 0.227778 0.614062 0.286111
248 4 0.314063 0.291667 0.368750 0.438889 0.498437 0.511111
235 4 0.439063 0.286111 0.503125 0.386111 0.690625 0.480556
234 4 0.232813 0.483333 0.328125 0.713889 0.396875 0.838889
222 4 0.232813 0.305556 0.287500 0.425000 0.376563 0.519444
206 4 0.171875 0.416667 0.245312 0.555556 0.295312 0.694444
189 4 0.001563 0.663889 0.143750 0.961111 0.073438 1.147222
144 4 0.448437 0.522222 0.518750 0.716667 0.707812 0.880556
128 4 0.456250 0.369444 0.514062 0.530556 0.714063 0.636111
125 4 0.220312 0.116667 0.254688 0.191667 0.348438 0.213889
