285 4 0.328125 0.152778 0.359375 0.202778 0.507812 0.252778
281 4 0.323437 0.119444 0.351562 0.163889 0.500000 0.202778
280 5 0.435937 0.288889 0.501563 0.383333 0.687500 0.480556
266 4 0.331250 0.191667 0.364063 0.269444 0.514062 0.327778
264 4 0.384375 0.136111 0.412500 0.183333 0.590625 0.227778
261 4 0.259375 0.216667 0.296875 0.297222 0.407813 0.366667
252 4 0.398438 0.169444 0.431250 0.225000 0.614062 0.283333
248 4 0.321875 0.272222 0.365625 0.394444 0.504687 0.469444
235 4 0.434375 0.288889 0.503125 0.383333 0.685937 0.480556
234 4 0.260937 0.416667 0.348438 0.622222 0.435937 0.727778
222 4 0.237500 0.300000 0.289062 0.405556 0.382812 0.502778
206 4 0.185938 0.388889 0.248438 0.516667 0.310937 0.647222
189 4 0.012500 0.588889 0.165625 0.872222 0.095312 1.027778
144 4 0.450000 0.519444 0.517188 0.713889 0.709375 0.877778
128 4 0.457813 0.369444 0.514062 0.530556 0.715625 0.636111
125 4 0.220312 0.116667 0.254688 0.191667 0.348438 0.213889
