268 2 0.670312 0.636111 0.857812 0.997222 1.100000 1.136111
266 4 0.326562 0.141667 0.354687 0.186111 0.504687 0.233333
264 4 0.371875 0.100000 0.400000 0.144444 0.573438 0.172222
261 4 0.285938 0.069444 0.310937 0.119444 0.442188 0.130556
260 4 0.356250 0.072222 0.381250 0.111111 0.546875 0.130556
253 4 0.410938 0.200000 0.448437 0.272222 0.635938 0.336111
252 4 0.387500 0.138889 0.418750 0.188889 0.596875 0.236111
248 4 0.326562 0.180556 0.362500 0.247222 0.509375 0.305556
235 5 0.440625 0.286111 0.501563 0.383333 0.692187 0.480556
234 4 0.318750 0.238889 0.364063 0.336111 0.501563 0.408333
222 4 0.273438 0.144444 0.307812 0.225000 0.428125 0.258333
214 4 0.442188 0.283333 0.501563 0.383333 0.692187 0.477778
212 4 0.301563 0.402778 0.362500 0.550000 0.482812 0.677778
206 4 0.253125 0.230556 0.289062 0.305556 0.398438 0.386111
189 4 0.204687 0.316667 0.268750 0.463889 0.339062 0.550000
178 4 0.109375 0.494444 0.223438 0.713889 0.221875 0.852778
144 4 0.453125 0.525000 0.515625 0.713889 0.710938 0.883333
128 4 0.456250 0.372222 0.514062 0.530556 0.714063 0.638889
125 4 0.220312 0.122222 0.253125 0.194444 0.346875 0.219444
