261 4 0.296875 0.041667 0.317188 0.080556 0.456250 0.083333
260 4 0.351562 0.061111 0.371875 0.094444 0.537500 0.108333
259 5 0.326562 0.138889 0.360938 0.233333 0.507812 0.258333
257 4 0.323437 0.102778 0.350000 0.158333 0.500000 0.183333
253 4 0.395313 0.175000 0.445312 0.280556 0.618750 0.316667
248 4 0.326562 0.152778 0.359375 0.202778 0.506250 0.255556
240 4 0.317188 0.075000 0.340625 0.108333 0.487500 0.130556
238 4 0.064062 0.666667 0.276562 1.013889 0.201563 1.175000
235 5 0.437500 0.286111 0.500000 0.383333 0.687500 0.477778
234 4 0.328125 0.197222 0.364063 0.286111 0.510938 0.341667
222 4 0.278125 0.119444 0.309375 0.183333 0.432812 0.211111
214 4 0.439063 0.283333 0.501563 0.383333 0.690625 0.475000
212 4 0.321875 0.316667 0.367188 0.427778 0.506250 0.530556
206 4 0.262500 0.175000 0.293750 0.244444 0.409375 0.297222
189 4 0.237500 0.252778 0.284375 0.369444 0.379688 0.438889
178 4 0.181250 0.383333 0.257812 0.544444 0.310937 0.655556
144 4 0.451562 0.522222 0.517188 0.716667 0.709375 0.880556
128 4 0.453125 0.372222 0.514062 0.533333 0.710938 0.638889
125 4 0.221875 0.119444 0.254688 0.188889 0.350000 0.213889
