286 4 0.365625 0.102778 0.390625 0.144444 0.560937 0.175000
285 4 0.328125 0.144444 0.357812 0.186111 0.507812 0.238889
282 5 0.306250 0.000000 0.331250 0.061111 0.471875 0.030556
281 4 0.323437 0.113889 0.348438 0.150000 0.498437 0.188889
280 5 0.437500 0.286111 0.500000 0.386111 0.687500 0.480556
266 4 0.332813 0.177778 0.364063 0.252778 0.514062 0.305556
264 4 0.381250 0.130556 0.410938 0.177778 0.587500 0.222222
261 4 0.262500 0.175000 0.303125 0.258333 0.414062 0.305556
252 4 0.398438 0.163889 0.429688 0.222222 0.612500 0.277778
248 4 0.323437 0.250000 0.367188 0.383333 0.507812 0.441667
235 4 0.434375 0.286111 0.503125 0.386111 0.685937 0.480556
234 4 0.285938 0.372222 0.346875 0.530556 0.459375 0.636111
222 4 0.246875 0.263889 0.295312 0.375000 0.395313 0.452778
212 4 0.171875 0.808333 0.296875 1.002778 0.320312 1.308333
206 4 0.201563 0.361111 0.259375 0.475000 0.331250 0.597222
189 4 0.071875 0.533333 0.198437 0.775000 0.171875 0.922222
144 4 0.448437 0.519444 0.518750 0.713889 0.707812 0.877778
128 4 0.456250 0.369444 0.515625 0.530556 0.714063 0.636111
125 4 0.220312 0.116667 0.254688 0.194444 0.348438 0.213889
