259 5 0.323437 0.147222 0.362500 0.269444 0.504687 0.283333
255 4 0.000000 0.761111 0.115625 1.000000 0.057813 1.261111
253 4 0.403125 0.175000 0.440625 0.241667 0.623437 0.294444
251 4 0.335938 0.016667 0.354687 0.050000 0.514062 0.041667
249 4 0.362500 0.075000 0.385937 0.113889 0.554688 0.133333
248 4 0.326562 0.147222 0.356250 0.194444 0.504687 0.244444
240 4 0.317188 0.066667 0.337500 0.102778 0.487500 0.119444
238 4 0.160938 0.569444 0.307812 0.994444 0.314063 1.066667
235 5 0.435937 0.286111 0.500000 0.388889 0.685937 0.480556
234 4 0.326562 0.188889 0.362500 0.272222 0.507812 0.325000
222 4 0.281250 0.102778 0.310937 0.163889 0.435937 0.186111
214 4 0.437500 0.283333 0.503125 0.386111 0.689063 0.477778
212 4 0.328125 0.277778 0.371875 0.383333 0.514062 0.469444
206 4 0.262500 0.150000 0.295312 0.225000 0.410938 0.261111
189 4 0.246875 0.236111 0.289062 0.336111 0.390625 0.405556
178 4 0.198437 0.344444 0.268750 0.494444 0.332813 0.591667
144 4 0.451562 0.522222 0.517188 0.713889 0.710938 0.880556
128 4 0.453125 0.372222 0.512500 0.533333 0.709375 0.638889
125 4 0.221875 0.119444 0.254688 0.186111 0.350000 0.213889
