266 4 0.325000 0.127778 0.354687 0.177778 0.503125 0.216667
264 4 0.365625 0.088889 0.393750 0.130556 0.564063 0.155556
261 4 0.290625 0.052778 0.314063 0.097222 0.448437 0.102778
260 4 0.354687 0.069444 0.376563 0.100000 0.543750 0.119444
253 4 0.410938 0.191667 0.448437 0.272222 0.634375 0.327778
252 4 0.384375 0.127778 0.414062 0.175000 0.592187 0.216667
248 4 0.328125 0.172222 0.360938 0.227778 0.509375 0.286111
240 4 0.320312 0.083333 0.342187 0.116667 0.492188 0.141667
235 5 0.439063 0.286111 0.501563 0.386111 0.690625 0.480556
234 4 0.321875 0.216667 0.365625 0.311111 0.504687 0.372222
222 4 0.275000 0.138889 0.310937 0.202778 0.431250 0.238889
214 4 0.439063 0.283333 0.503125 0.383333 0.690625 0.477778
212 4 0.314063 0.366667 0.364063 0.477778 0.496875 0.605556
206 4 0.256250 0.202778 0.290625 0.272222 0.401562 0.338889
189 4 0.223438 0.280556 0.279687 0.413889 0.364063 0.488889
178 4 0.153125 0.433333 0.243750 0.616667 0.276562 0.741667
144 4 0.451562 0.522222 0.517188 0.716667 0.710938 0.880556
128 4 0.454688 0.369444 0.514062 0.536111 0.712500 0.638889
125 4 0.221875 0.119444 0.256250 0.191667 0.350000 0.216667
