285 4 0.329688 0.147222 0.357812 0.191667 0.509375 0.244444
283 4 0.334375 0.069444 0.356250 0.108333 0.514062 0.122222
282 5 0.306250 0.000000 0.332813 0.066667 0.471875 0.033333
281 4 0.325000 0.116667 0.350000 0.155556 0.500000 0.194444
280 5 0.437500 0.288889 0.500000 0.383333 0.687500 0.480556
266 4 0.331250 0.183333 0.364063 0.258333 0.514062 0.313889
264 4 0.382812 0.136111 0.410938 0.180556 0.589063 0.227778
261 4 0.260937 0.191667 0.304688 0.280556 0.412500 0.333333
252 4 0.398438 0.169444 0.429688 0.225000 0.614062 0.280556
248 4 0.323437 0.258333 0.367188 0.380556 0.507812 0.447222
235 4 0.434375 0.286111 0.501563 0.386111 0.684375 0.480556
234 4 0.275000 0.386111 0.345313 0.566667 0.448437 0.669444
222 4 0.245312 0.286111 0.290625 0.386111 0.390625 0.477778
206 4 0.193750 0.369444 0.254688 0.494444 0.321875 0.616667
189 4 0.056250 0.561111 0.179688 0.805556 0.146875 0.963889
144 4 0.450000 0.522222 0.517188 0.711111 0.709375 0.877778
128 4 0.456250 0.369444 0.515625 0.530556 0.714063 0.636111
125 4 0.223438 0.116667 0.253125 0.191667 0.350000 0.213889
