274 4 0.678125 0.822222 0.851562 1.002778 1.104688 1.325000
273 4 0.326562 0.125000 0.351562 0.161111 0.503125 0.205556
264 4 0.373437 0.111111 0.400000 0.152778 0.573438 0.186111
261 4 0.279687 0.080556 0.309375 0.141667 0.434375 0.152778
260 4 0.360938 0.075000 0.381250 0.119444 0.551562 0.136111
253 4 0.412500 0.202778 0.450000 0.277778 0.637500 0.341667
252 4 0.392188 0.150000 0.421875 0.194444 0.603125 0.247222
248 4 0.329688 0.194444 0.364063 0.266667 0.512500 0.327778
235 5 0.439063 0.286111 0.501563 0.383333 0.690625 0.477778
234 4 0.320312 0.255556 0.364063 0.380556 0.503125 0.447222
222 4 0.273438 0.183333 0.307812 0.255556 0.428125 0.311111
214 4 0.440625 0.283333 0.503125 0.383333 0.692187 0.475000
212 4 0.285938 0.438889 0.353125 0.619444 0.462500 0.747222
206 4 0.243750 0.258333 0.284375 0.341667 0.385937 0.430556
189 4 0.182812 0.363889 0.254688 0.516667 0.310937 0.622222
178 4 0.070312 0.563889 0.193750 0.805556 0.167187 0.969444
144 4 0.448437 0.522222 0.517188 0.711111 0.707812 0.877778
128 4 0.454688 0.369444 0.515625 0.536111 0.712500 0.638889
125 4 0.221875 0.122222 0.254688 0.191667 0.350000 0.219444
