285 4 0.328125 0.144444 0.356250 0.186111 0.506250 0.236111
282 5 0.303125 0.000000 0.329688 0.055556 0.468750 0.027778
281 4 0.325000 0.113889 0.348438 0.150000 0.500000 0.188889
280 5 0.435937 0.283333 0.501563 0.386111 0.687500 0.477778
278 4 0.003125 0.877778 0.075000 0.994444 0.040625 1.375000
275 4 0.731250 0.891667 0.834375 1.005556 1.148438 1.394444
266 4 0.331250 0.177778 0.362500 0.250000 0.512500 0.302778
264 4 0.379688 0.130556 0.409375 0.177778 0.584375 0.222222
261 4 0.262500 0.161111 0.304688 0.250000 0.414062 0.286111
252 4 0.396875 0.163889 0.431250 0.219444 0.612500 0.275000
248 4 0.326562 0.252778 0.367188 0.375000 0.510938 0.441667
235 4 0.434375 0.286111 0.501563 0.386111 0.684375 0.480556
234 4 0.289062 0.366667 0.346875 0.513889 0.462500 0.625000
222 4 0.250000 0.263889 0.296875 0.363889 0.398438 0.447222
212 4 0.171875 0.769444 0.312500 1.005556 0.328125 1.275000
206 4 0.203125 0.355556 0.260937 0.469444 0.334375 0.588889
189 4 0.082812 0.522222 0.196875 0.752778 0.181250 0.900000
144 4 0.450000 0.519444 0.517188 0.713889 0.709375 0.877778
128 4 0.457813 0.369444 0.515625 0.530556 0.715625 0.636111
125 4 0.221875 0.119444 0.254688 0.197222 0.350000 0.216667
