275 4 0.829688 0.466667 0.940625 0.638889 1.301562 0.786111
264 4 0.373437 0.108333 0.403125 0.155556 0.575000 0.188889
261 4 0.278125 0.080556 0.310937 0.150000 0.434375 0.158333
260 4 0.360938 0.077778 0.382812 0.122222 0.551562 0.141667
253 4 0.412500 0.202778 0.450000 0.277778 0.637500 0.341667
252 4 0.392188 0.152778 0.423438 0.200000 0.603125 0.252778
248 4 0.331250 0.194444 0.365625 0.272222 0.514062 0.330556
235 5 0.439063 0.288889 0.501563 0.383333 0.690625 0.480556
234 4 0.320312 0.258333 0.362500 0.383333 0.501563 0.450000
222 4 0.273438 0.186111 0.306250 0.261111 0.426563 0.316667
212 4 0.281250 0.450000 0.353125 0.644444 0.459375 0.772222
206 4 0.240625 0.269444 0.282813 0.355556 0.382812 0.447222
189 4 0.175000 0.369444 0.250000 0.533333 0.300000 0.636111
178 4 0.071875 0.588889 0.193750 0.836111 0.168750 1.008333
144 4 0.446875 0.522222 0.517188 0.716667 0.706250 0.883333
128 4 0.453125 0.369444 0.514062 0.533333 0.710938 0.638889
125 4 0.220312 0.116667 0.254688 0.191667 0.348438 0.213889
