264 4 0.371875 0.105556 0.400000 0.150000 0.571875 0.180556
261 4 0.281250 0.075000 0.309375 0.136111 0.435937 0.144444
253 4 0.410938 0.202778 0.450000 0.275000 0.635938 0.341667
252 4 0.390625 0.147222 0.421875 0.194444 0.603125 0.247222
248 4 0.331250 0.188889 0.364063 0.261111 0.512500 0.322222
235 5 0.439063 0.288889 0.501563 0.386111 0.690625 0.480556
234 4 0.320312 0.255556 0.364063 0.375000 0.503125 0.441667
222 4 0.275000 0.175000 0.306250 0.244444 0.428125 0.297222
214 4 0.440625 0.286111 0.503125 0.383333 0.692187 0.477778
212 4 0.290625 0.422222 0.354687 0.594444 0.468750 0.719444
206 4 0.246875 0.252778 0.285938 0.333333 0.389062 0.419444
189 4 0.189062 0.350000 0.257812 0.497222 0.318750 0.600000
178 4 0.076563 0.538889 0.204687 0.777778 0.179688 0.930556
144 4 0.448437 0.522222 0.517188 0.713889 0.707812 0.880556
128 4 0.454688 0.369444 0.515625 0.536111 0.712500 0.638889
125 4 0.221875 0.119444 0.253125 0.194444 0.348438 0.216667
