286 4 0.367188 0.100000 0.390625 0.141667 0.562500 0.169444
285 4 0.326562 0.138889 0.356250 0.183333 0.506250 0.230556
282 5 0.303125 0.000000 0.331250 0.052778 0.468750 0.027778
281 4 0.325000 0.113889 0.346875 0.150000 0.498437 0.188889
280 5 0.435937 0.286111 0.500000 0.386111 0.687500 0.477778
278 4 0.001563 0.861111 0.079687 0.997222 0.040625 1.361111
275 4 0.728125 0.825000 0.845313 1.005556 1.151563 1.327778
266 4 0.331250 0.172222 0.364063 0.241667 0.514062 0.294444
264 4 0.379688 0.127778 0.409375 0.175000 0.585938 0.216667
261 4 0.265625 0.155556 0.303125 0.238889 0.417187 0.275000
252 4 0.396875 0.163889 0.429688 0.216667 0.612500 0.272222
248 4 0.328125 0.244444 0.367188 0.350000 0.512500 0.422222
235 4 0.435937 0.286111 0.501563 0.386111 0.687500 0.480556
234 4 0.293750 0.355556 0.350000 0.497222 0.468750 0.602778
222 4 0.250000 0.261111 0.296875 0.355556 0.398438 0.438889
212 4 0.184375 0.733333 0.317188 1.005556 0.343750 1.238889
206 4 0.206250 0.347222 0.264062 0.458333 0.339062 0.577778
189 4 0.093750 0.511111 0.200000 0.727778 0.193750 0.875000
144 4 0.450000 0.522222 0.517188 0.711111 0.709375 0.877778
128 4 0.457813 0.369444 0.515625 0.530556 0.715625 0.636111
125 4 0.221875 0.119444 0.254688 0.194444 0.350000 0.216667
