261 4 0.298438 0.038889 0.318750 0.077778 0.457813 0.080556
259 5 0.326562 0.136111 0.360938 0.238889 0.507812 0.258333
257 4 0.323437 0.105556 0.350000 0.158333 0.498437 0.183333
255 4 0.000000 0.850000 0.071875 1.000000 0.035937 1.350000
253 4 0.395313 0.166667 0.445312 0.283333 0.617188 0.308333
252 4 0.379688 0.116667 0.409375 0.161111 0.584375 0.197222
248 4 0.326562 0.152778 0.357812 0.202778 0.506250 0.252778
240 4 0.317188 0.072222 0.340625 0.108333 0.487500 0.127778
238 4 0.117188 0.652778 0.290625 1.008333 0.262500 1.158333
235 5 0.437500 0.286111 0.500000 0.383333 0.687500 0.477778
234 4 0.326562 0.197222 0.364063 0.286111 0.509375 0.341667
222 4 0.281250 0.119444 0.310937 0.177778 0.437500 0.208333
214 4 0.439063 0.283333 0.501563 0.383333 0.690625 0.477778
212 4 0.323437 0.308333 0.367188 0.425000 0.506250 0.522222
206 4 0.264062 0.169444 0.293750 0.241667 0.410938 0.291667
189 4 0.237500 0.252778 0.284375 0.361111 0.381250 0.433333
178 4 0.182812 0.375000 0.257812 0.533333 0.312500 0.644444
144 4 0.450000 0.519444 0.517188 0.713889 0.709375 0.877778
128 4 0.453125 0.369444 0.514062 0.533333 0.710938 0.636111
125 4 0.221875 0.119444 0.254688 0.188889 0.350000 0.213889
