262 1 0.300000 0.258333 0.318750 0.341667 0.459375 0.430556
260 4 0.350000 0.052778 0.370312 0.091667 0.535937 0.100000
259 5 0.317188 0.147222 0.364063 0.286111 0.500000 0.288889
257 4 0.325000 0.100000 0.350000 0.152778 0.500000 0.177778
255 4 0.000000 0.777778 0.103125 0.997222 0.051562 1.275000
253 4 0.398438 0.175000 0.442188 0.258333 0.620313 0.305556
252 4 0.378125 0.113889 0.406250 0.155556 0.582812 0.191667
249 4 0.362500 0.075000 0.384375 0.116667 0.554688 0.136111
240 4 0.318750 0.069444 0.340625 0.108333 0.489063 0.125000
238 4 0.148438 0.577778 0.303125 1.005556 0.301563 1.080556
235 5 0.435937 0.283333 0.500000 0.383333 0.685937 0.477778
234 4 0.317188 0.158333 0.364063 0.272222 0.500000 0.297222
222 4 0.281250 0.108333 0.310937 0.169444 0.437500 0.194444
214 4 0.439063 0.283333 0.501563 0.383333 0.690625 0.477778
212 4 0.325000 0.277778 0.371875 0.391667 0.510938 0.472222
206 4 0.262500 0.144444 0.295312 0.227778 0.410938 0.261111
189 4 0.245312 0.241667 0.287500 0.344444 0.389062 0.416667
178 4 0.195312 0.352778 0.265625 0.502778 0.328125 0.605556
144 4 0.450000 0.519444 0.517188 0.711111 0.709375 0.877778
128 4 0.456250 0.372222 0.512500 0.530556 0.712500 0.638889
125 4 0.221875 0.119444 0.254688 0.186111 0.350000 0.213889
