285 4 0.328125 0.155556 0.360938 0.205556 0.509375 0.258333
281 4 0.325000 0.119444 0.351562 0.163889 0.501563 0.202778
280 5 0.435937 0.286111 0.500000 0.386111 0.685937 0.480556
266 4 0.331250 0.191667 0.364063 0.275000 0.514062 0.330556
264 4 0.384375 0.138889 0.414062 0.183333 0.592187 0.230556
261 4 0.259375 0.222222 0.295312 0.302778 0.406250 0.375000
252 4 0.398438 0.169444 0.431250 0.225000 0.614062 0.283333
248 4 0.321875 0.275000 0.365625 0.394444 0.504687 0.472222
235 4 0.434375 0.286111 0.501563 0.383333 0.685937 0.480556
234 4 0.256250 0.436111 0.339062 0.633333 0.426563 0.752778
222 4 0.237500 0.300000 0.290625 0.405556 0.382812 0.505556
206 4 0.184375 0.391667 0.248438 0.522222 0.309375 0.652778
189 4 0.001563 0.591667 0.162500 0.880556 0.084375 1.033333
144 4 0.450000 0.519444 0.517188 0.713889 0.709375 0.877778
128 4 0.456250 0.369444 0.515625 0.530556 0.714063 0.636111
125 4 0.220312 0.119444 0.254688 0.191667 0.348438 0.216667
