282 5 0.303125 0.000000 0.331250 0.050000 0.468750 0.022222
281 4 0.321875 0.105556 0.350000 0.152778 0.496875 0.183333
280 4 0.440625 0.283333 0.501563 0.383333 0.692187 0.475000
278 4 0.001563 0.788889 0.110937 0.997222 0.057813 1.286111
275 4 0.732812 0.733333 0.846875 1.005556 1.157812 1.236111
266 4 0.331250 0.163889 0.362500 0.233333 0.512500 0.283333
261 4 0.270313 0.141667 0.303125 0.216667 0.421875 0.250000
248 4 0.328125 0.227778 0.367188 0.330556 0.512500 0.394444
235 5 0.440625 0.288889 0.500000 0.383333 0.690625 0.480556
234 4 0.301563 0.338889 0.353125 0.469444 0.478125 0.575000
222 4 0.256250 0.255556 0.298438 0.341667 0.406250 0.427778
212 4 0.196875 0.677778 0.321875 0.997222 0.359375 1.177778
206 4 0.212500 0.333333 0.268750 0.441667 0.348438 0.555556
189 4 0.107813 0.488889 0.210938 0.697222 0.214062 0.838889
144 4 0.448437 0.522222 0.518750 0.713889 0.707812 0.880556
128 4 0.451562 0.366667 0.514062 0.533333 0.709375 0.633333
125 4 0.221875 0.116667 0.254688 0.188889 0.350000 0.211111
