259 5 0.325000 0.175000 0.360938 0.266667 0.506250 0.311111
255 4 0.000000 0.711111 0.139063 1.000000 0.070312 1.211111
253 4 0.400000 0.166667 0.442188 0.247222 0.620313 0.291667
249 4 0.359375 0.072222 0.384375 0.108333 0.551562 0.127778
248 4 0.325000 0.144444 0.356250 0.188889 0.504687 0.238889
240 4 0.317188 0.063889 0.339062 0.097222 0.487500 0.113889
238 4 0.190625 0.519444 0.315625 0.888889 0.348438 0.963889
236 4 0.323437 0.091667 0.345313 0.130556 0.496875 0.158333
235 5 0.435937 0.286111 0.500000 0.388889 0.685937 0.480556
234 4 0.325000 0.180556 0.362500 0.263889 0.506250 0.313889
222 4 0.282813 0.100000 0.310937 0.158333 0.439063 0.180556
214 4 0.439063 0.283333 0.501563 0.386111 0.689063 0.477778
212 4 0.326562 0.269444 0.370312 0.377778 0.512500 0.461111
206 4 0.262500 0.141667 0.295312 0.216667 0.410938 0.250000
189 4 0.250000 0.225000 0.292187 0.327778 0.396875 0.388889
178 4 0.209375 0.336111 0.271875 0.466667 0.345313 0.569444
144 4 0.450000 0.522222 0.518750 0.713889 0.709375 0.880556
128 4 0.454688 0.375000 0.510938 0.530556 0.710938 0.641667
125 4 0.221875 0.119444 0.253125 0.186111 0.350000 0.213889
