266 4 0.325000 0.130556 0.354687 0.180556 0.503125 0.222222
264 4 0.367188 0.091667 0.395313 0.130556 0.565625 0.158333
260 4 0.354687 0.069444 0.378125 0.102778 0.543750 0.122222
253 4 0.410938 0.188889 0.448437 0.266667 0.635938 0.322222
252 4 0.384375 0.130556 0.415625 0.177778 0.593750 0.219444
248 4 0.328125 0.172222 0.360938 0.230556 0.509375 0.288889
240 4 0.318750 0.080556 0.343750 0.113889 0.492188 0.138889
235 5 0.439063 0.288889 0.500000 0.386111 0.689063 0.480556
234 4 0.323437 0.219444 0.365625 0.313889 0.506250 0.377778
222 4 0.275000 0.141667 0.312500 0.208333 0.431250 0.244444
212 4 0.314063 0.375000 0.364063 0.483333 0.496875 0.616667
206 4 0.256250 0.208333 0.290625 0.280556 0.401562 0.350000
189 4 0.220312 0.291667 0.276562 0.419444 0.359375 0.502778
178 4 0.150000 0.441667 0.240625 0.627778 0.270313 0.755556
144 4 0.451562 0.519444 0.517188 0.716667 0.710938 0.880556
128 4 0.454688 0.369444 0.515625 0.536111 0.712500 0.638889
125 4 0.221875 0.122222 0.256250 0.191667 0.350000 0.216667
