292 4 0.350000 0.038889 0.376563 0.083333 0.539062 0.080556
291 4 0.370312 0.108333 0.395313 0.158333 0.568750 0.188889
289 4 0.746875 0.605556 0.868750 0.844444 1.182813 1.027778
285 4 0.331250 0.169444 0.364063 0.233333 0.514062 0.288889
283 4 0.318750 0.086111 0.346875 0.136111 0.492188 0.155556
281 4 0.323437 0.133333 0.354687 0.177778 0.501563 0.222222
280 5 0.440625 0.288889 0.501563 0.383333 0.690625 0.480556
266 4 0.331250 0.219444 0.367188 0.311111 0.514062 0.375000
264 4 0.387500 0.141667 0.412500 0.188889 0.593750 0.236111
261 4 0.246875 0.252778 0.287500 0.338889 0.390625 0.422222
252 4 0.400000 0.172222 0.432812 0.227778 0.615625 0.286111
248 4 0.307812 0.319444 0.364063 0.469444 0.490625 0.555556
235 4 0.440625 0.286111 0.503125 0.383333 0.692187 0.477778
234 4 0.200000 0.569444 0.307812 0.830556 0.354687 0.986111
222 4 0.225000 0.319444 0.282813 0.447222 0.367188 0.544444
206 4 0.156250 0.441667 0.239063 0.588889 0.276562 0.736111
189 4 0.001563 0.719444 0.120313 1.002778 0.062500 1.219444
144 4 0.451562 0.522222 0.518750 0.713889 0.710938 0.880556
128 4 0.457813 0.369444 0.515625 0.533333 0.715625 0.636111
125 4 0.221875 0.119444 0.254688 0.191667 0.350000 0.213889
