285 4 0.329688 0.152778 0.357812 0.197222 0.509375 0.252778
283 4 0.332813 0.072222 0.354687 0.113889 0.510938 0.130556
281 4 0.323437 0.116667 0.350000 0.158333 0.500000 0.197222
280 5 0.435937 0.286111 0.501563 0.386111 0.687500 0.480556
266 4 0.332813 0.191667 0.364063 0.269444 0.515625 0.325000
264 4 0.385937 0.138889 0.409375 0.180556 0.590625 0.230556
261 4 0.256250 0.213889 0.298438 0.291667 0.406250 0.361111
252 4 0.398438 0.169444 0.431250 0.222222 0.614062 0.280556
248 4 0.323437 0.266667 0.365625 0.386111 0.506250 0.461111
235 4 0.434375 0.288889 0.503125 0.383333 0.685937 0.480556
234 4 0.264062 0.408333 0.346875 0.605556 0.437500 0.711111
222 4 0.237500 0.294444 0.289062 0.397222 0.382812 0.494444
206 4 0.189062 0.386111 0.250000 0.508333 0.314063 0.641667
189 4 0.034375 0.583333 0.170313 0.855556 0.120313 1.011111
144 4 0.448437 0.519444 0.518750 0.713889 0.707812 0.877778
128 4 0.456250 0.369444 0.515625 0.530556 0.714063 0.636111
125 4 0.221875 0.116667 0.253125 0.191667 0.348438 0.213889
