275 4 0.820312 0.486111 0.929688 0.663889 1.285937 0.819444
266 4 0.328125 0.152778 0.357812 0.208333 0.507812 0.258333
264 4 0.373437 0.111111 0.401562 0.155556 0.575000 0.188889
261 4 0.279687 0.086111 0.310937 0.155556 0.434375 0.163889
253 4 0.414062 0.205556 0.450000 0.275000 0.640625 0.344444
252 4 0.392188 0.152778 0.423438 0.202778 0.604688 0.255556
248 4 0.331250 0.197222 0.365625 0.275000 0.514062 0.336111
235 5 0.440625 0.288889 0.501563 0.383333 0.690625 0.480556
234 4 0.317188 0.263889 0.360938 0.383333 0.498437 0.455556
222 4 0.273438 0.191667 0.306250 0.266667 0.426563 0.325000
212 4 0.278125 0.475000 0.353125 0.669444 0.454688 0.811111
206 4 0.239063 0.275000 0.281250 0.358333 0.379688 0.452778
189 4 0.175000 0.386111 0.246875 0.541667 0.298438 0.655556
144 4 0.446875 0.522222 0.518750 0.716667 0.706250 0.880556
128 4 0.453125 0.369444 0.514062 0.536111 0.710938 0.638889
125 4 0.220312 0.119444 0.254688 0.194444 0.348438 0.216667
