259 5 0.325000 0.177778 0.360938 0.266667 0.506250 0.311111
255 4 0.001563 0.722222 0.135937 1.000000 0.070312 1.225000
253 4 0.398438 0.172222 0.442188 0.258333 0.618750 0.300000
248 4 0.325000 0.144444 0.356250 0.188889 0.503125 0.238889
240 4 0.317188 0.063889 0.337500 0.100000 0.485938 0.113889
238 4 0.187500 0.527778 0.314063 0.897222 0.345313 0.977778
236 4 0.323437 0.094444 0.345313 0.130556 0.496875 0.158333
235 5 0.435937 0.286111 0.500000 0.388889 0.685937 0.480556
234 4 0.325000 0.183333 0.362500 0.266667 0.506250 0.316667
222 4 0.281250 0.102778 0.310937 0.161111 0.437500 0.183333
214 4 0.437500 0.283333 0.501563 0.386111 0.689063 0.477778
212 4 0.328125 0.272222 0.370312 0.380556 0.512500 0.463889
206 4 0.262500 0.138889 0.295312 0.216667 0.410938 0.250000
189 4 0.250000 0.230556 0.290625 0.330556 0.395313 0.394444
178 4 0.209375 0.333333 0.270313 0.469444 0.345313 0.569444
144 4 0.450000 0.522222 0.518750 0.713889 0.709375 0.880556
128 4 0.454688 0.375000 0.510938 0.530556 0.710938 0.641667
125 4 0.223438 0.119444 0.253125 0.188889 0.350000 0.213889
