264 4 0.367188 0.088889 0.392188 0.127778 0.564063 0.152778
257 4 0.325000 0.108333 0.350000 0.163889 0.500000 0.191667
253 4 0.407813 0.188889 0.448437 0.269444 0.632812 0.325000
252 4 0.382812 0.125000 0.412500 0.169444 0.589063 0.211111
248 4 0.326562 0.158333 0.359375 0.216667 0.507812 0.266667
240 4 0.318750 0.075000 0.343750 0.113889 0.490625 0.133333
235 5 0.437500 0.288889 0.500000 0.386111 0.687500 0.480556
234 4 0.326562 0.208333 0.364063 0.300000 0.509375 0.358333
222 4 0.278125 0.127778 0.310937 0.191667 0.434375 0.225000
214 4 0.439063 0.286111 0.501563 0.383333 0.690625 0.477778
212 4 0.317188 0.338889 0.368750 0.455556 0.501563 0.566667
206 4 0.257812 0.188889 0.292187 0.266667 0.404687 0.322222
189 4 0.231250 0.266667 0.281250 0.386111 0.371875 0.461111
178 4 0.167187 0.408333 0.250000 0.583333 0.292187 0.700000
144 4 0.451562 0.522222 0.517188 0.716667 0.710938 0.880556
128 4 0.454688 0.372222 0.512500 0.530556 0.710938 0.638889
125 4 0.221875 0.116667 0.253125 0.188889 0.348438 0.213889
