251 4 0.331250 0.005556 0.357812 0.044444 0.510938 0.030556
249 4 0.359375 0.066667 0.382812 0.102778 0.551562 0.119444
248 4 0.328125 0.138889 0.356250 0.186111 0.506250 0.233333
240 4 0.318750 0.058333 0.339062 0.097222 0.489063 0.108333
238 4 0.221875 0.450000 0.331250 0.772222 0.387500 0.836111
236 4 0.321875 0.091667 0.346875 0.138889 0.496875 0.161111
234 4 0.326562 0.175000 0.360938 0.258333 0.506250 0.305556
222 4 0.278125 0.088889 0.309375 0.144444 0.434375 0.161111
214 4 0.439063 0.283333 0.503125 0.380556 0.690625 0.475000
212 4 0.328125 0.261111 0.373437 0.369444 0.515625 0.447222
206 4 0.265625 0.138889 0.296875 0.200000 0.414062 0.238889
189 4 0.253125 0.208333 0.293750 0.305556 0.400000 0.361111
178 4 0.220312 0.300000 0.281250 0.433333 0.360938 0.516667
144 4 0.448437 0.519444 0.518750 0.716667 0.707812 0.877778
128 4 0.453125 0.369444 0.515625 0.536111 0.712500 0.638889
125 4 0.221875 0.122222 0.256250 0.191667 0.350000 0.219444
