129 4 0.335938 0.002778 0.359375 0.036111 0.517188 0.022222
128 4 0.354687 0.044444 0.378125 0.080556 0.543750 0.086111
126 4 0.314063 0.044444 0.337500 0.077778 0.482812 0.083333
125 4 0.221875 0.119444 0.254688 0.191667 0.350000 0.216667
123 4 0.279687 0.258333 0.326562 0.358333 0.442188 0.438889
119 5 0.001563 0.283333 0.278125 0.997222 0.140625 0.783333
118 4 0.276562 0.111111 0.307812 0.177778 0.429688 0.200000
117 4 0.264062 0.458333 0.339062 0.638889 0.434375 0.777778
114 4 0.323437 0.122222 0.360938 0.227778 0.504687 0.236111
103 4 0.443750 0.275000 0.496875 0.405556 0.692187 0.477778
