162 4 0.278125 0.030556 0.301563 0.072222 0.428125 0.066667
161 4 0.831250 0.466667 0.940625 0.650000 1.301562 0.794444
159 4 0.253125 0.072222 0.270313 0.116667 0.389062 0.130556
157 4 0.320312 0.191667 0.360938 0.275000 0.501563 0.330556
156 4 0.393750 0.130556 0.450000 0.258333 0.618750 0.261111
153 4 0.310937 0.011111 0.332813 0.063889 0.478125 0.044444
152 4 0.323437 0.116667 0.357812 0.177778 0.503125 0.208333
150 4 0.273438 0.108333 0.303125 0.166667 0.425000 0.191667
147 5 0.395313 0.122222 0.450000 0.250000 0.620313 0.247222
144 4 0.442188 0.330556 0.509375 0.472222 0.696875 0.569444
142 4 0.259375 0.366667 0.348438 0.658333 0.434375 0.694444
138 4 0.250000 0.216667 0.296875 0.322222 0.398438 0.377778
128 4 0.420312 0.213889 0.468750 0.336111 0.656250 0.383333
126 4 0.306250 0.272222 0.360938 0.411111 0.487500 0.480556
125 4 0.221875 0.119444 0.254688 0.191667 0.350000 0.216667
123 4 0.179688 0.705556 0.293750 1.002778 0.328125 1.208333
103 4 0.468750 0.536111 0.545312 0.805556 0.742188 0.941667
