146 4 0.315625 0.055556 0.339062 0.102778 0.485938 0.105556
144 4 0.426563 0.219444 0.468750 0.308333 0.660937 0.375000
142 4 0.292187 0.280556 0.357812 0.516667 0.471875 0.538889
141 4 0.740625 0.830556 0.846875 1.008333 1.164062 1.336111
140 4 0.240625 0.272222 0.296875 0.405556 0.389062 0.475000
138 4 0.278125 0.072222 0.307812 0.130556 0.432812 0.138889
129 4 0.360938 0.055556 0.396875 0.113889 0.560937 0.111111
128 4 0.385937 0.122222 0.418750 0.183333 0.595313 0.213889
126 4 0.314063 0.127778 0.360938 0.213889 0.495312 0.236111
125 4 0.221875 0.116667 0.253125 0.191667 0.348438 0.213889
123 4 0.229687 0.555556 0.314063 0.769444 0.387500 0.938889
119 5 0.000000 0.513889 0.196875 0.997222 0.098437 1.011111
103 4 0.465625 0.455556 0.529687 0.652778 0.729688 0.783333
