147 4 0.367188 0.066667 0.403125 0.130556 0.568750 0.130556
144 4 0.432812 0.241667 0.476562 0.336111 0.671875 0.411111
142 4 0.284375 0.311111 0.356250 0.566667 0.462500 0.594444
140 4 0.220312 0.325000 0.282813 0.469444 0.362500 0.561111
138 4 0.279687 0.083333 0.309375 0.147222 0.434375 0.158333
129 5 0.367188 0.066667 0.403125 0.133333 0.568750 0.133333
128 4 0.389062 0.125000 0.426563 0.200000 0.603125 0.225000
126 4 0.317188 0.147222 0.362500 0.247222 0.498437 0.269444
125 4 0.223438 0.119444 0.254688 0.194444 0.350000 0.216667
123 4 0.214062 0.580556 0.314063 0.802778 0.371875 0.983333
119 5 0.003125 0.550000 0.196875 1.002778 0.101562 1.052778
103 4 0.464062 0.469444 0.529687 0.686111 0.728125 0.813889
