152 4 0.323437 0.075000 0.348438 0.125000 0.496875 0.138889
151 4 0.325000 0.141667 0.357812 0.211111 0.503125 0.247222
150 4 0.276562 0.075000 0.303125 0.122222 0.428125 0.136111
144 4 0.448437 0.297222 0.498437 0.427778 0.698438 0.511111
142 4 0.260937 0.363889 0.350000 0.641667 0.435937 0.686111
138 4 0.264062 0.158333 0.304688 0.250000 0.417187 0.283333
129 4 0.387500 0.116667 0.439063 0.202778 0.607812 0.219444
128 4 0.407813 0.191667 0.457813 0.286111 0.637500 0.336111
126 4 0.312500 0.252778 0.362500 0.372222 0.493750 0.438889
125 4 0.220312 0.122222 0.254688 0.205556 0.348438 0.225000
123 4 0.204687 0.650000 0.304688 0.908333 0.356250 1.105556
103 4 0.467187 0.530556 0.540625 0.780556 0.737500 0.919444
