153 4 0.309375 0.002778 0.328125 0.027778 0.473438 0.016667
152 4 0.321875 0.063889 0.342187 0.108333 0.493750 0.116667
151 4 0.321875 0.113889 0.353125 0.183333 0.498437 0.205556
150 4 0.276562 0.061111 0.301563 0.102778 0.428125 0.113889
147 4 0.382812 0.102778 0.428125 0.186111 0.596875 0.194444
144 4 0.446875 0.294444 0.496875 0.408333 0.695312 0.500000
142 4 0.268750 0.358333 0.351562 0.630556 0.445312 0.675000
138 4 0.273438 0.141667 0.307812 0.216667 0.428125 0.250000
129 5 0.382812 0.102778 0.428125 0.186111 0.596875 0.194444
128 4 0.403125 0.180556 0.450000 0.277778 0.628125 0.319444
126 4 0.312500 0.230556 0.362500 0.358333 0.493750 0.408333
125 4 0.221875 0.119444 0.254688 0.186111 0.350000 0.213889
123 4 0.209375 0.622222 0.303125 0.877778 0.360938 1.063889
103 4 0.467187 0.516667 0.542188 0.780556 0.739062 0.908333
