131 4 0.284375 0.011111 0.303125 0.050000 0.437500 0.036111
129 4 0.335938 0.000000 0.359375 0.036111 0.515625 0.019444
128 4 0.354687 0.047222 0.379688 0.083333 0.545312 0.088889
126 4 0.314063 0.050000 0.337500 0.083333 0.484375 0.091667
125 4 0.221875 0.119444 0.254688 0.188889 0.350000 0.213889
123 4 0.279687 0.258333 0.328125 0.366667 0.443750 0.441667
119 5 0.001563 0.286111 0.275000 0.994444 0.139063 0.783333
118 4 0.276562 0.111111 0.307812 0.180556 0.431250 0.202778
117 4 0.260937 0.469444 0.335938 0.652778 0.429688 0.794444
114 4 0.323437 0.122222 0.360938 0.227778 0.504687 0.236111
103 4 0.443750 0.280556 0.498437 0.411111 0.693750 0.486111
