157 4 0.320312 0.186111 0.360938 0.269444 0.501563 0.322222
156 4 0.395313 0.122222 0.446875 0.227778 0.618750 0.236111
153 4 0.309375 0.005556 0.332813 0.058333 0.476562 0.036111
150 4 0.273438 0.102778 0.303125 0.158333 0.425000 0.183333
147 5 0.395313 0.122222 0.448437 0.230556 0.618750 0.238889
144 4 0.442188 0.330556 0.509375 0.466667 0.696875 0.563889
142 4 0.260937 0.363889 0.348438 0.655556 0.435937 0.694444
138 4 0.253125 0.211111 0.300000 0.308333 0.403125 0.366667
128 4 0.418750 0.211111 0.467187 0.330556 0.653125 0.377778
126 4 0.309375 0.272222 0.362500 0.408333 0.490625 0.477778
125 4 0.223438 0.122222 0.253125 0.188889 0.350000 0.216667
123 4 0.184375 0.697222 0.293750 0.994444 0.332813 1.197222
103 4 0.468750 0.536111 0.545312 0.805556 0.740625 0.938889
