141 4 0.821875 0.511111 0.935937 0.702778 1.290625 0.863889
140 4 0.268750 0.219444 0.306250 0.302778 0.421875 0.372222
139 4 0.312500 0.219444 0.364063 0.391667 0.495312 0.416667
138 4 0.279687 0.041667 0.307812 0.094444 0.432812 0.088889
137 4 0.310937 0.027778 0.332813 0.075000 0.478125 0.063889
128 4 0.371875 0.080556 0.403125 0.133333 0.573438 0.147222
126 4 0.312500 0.083333 0.350000 0.147222 0.487500 0.155556
125 4 0.221875 0.116667 0.253125 0.186111 0.348438 0.211111
123 4 0.256250 0.461111 0.323437 0.622222 0.417187 0.772222
119 5 -0.001563 0.450000 0.262500 1.000000 0.128125 0.950000
103 4 0.462500 0.397222 0.518750 0.566667 0.721875 0.683333
