153 4 0.309375 0.002778 0.326562 0.027778 0.473438 0.016667
152 4 0.320312 0.061111 0.342187 0.105556 0.492188 0.113889
147 4 0.381250 0.100000 0.428125 0.183333 0.595313 0.191667
144 4 0.448437 0.294444 0.496875 0.405556 0.696875 0.497222
142 4 0.268750 0.350000 0.351562 0.625000 0.443750 0.663889
138 4 0.275000 0.133333 0.309375 0.208333 0.429688 0.238889
129 5 0.381250 0.097222 0.426563 0.183333 0.595313 0.188889
128 4 0.398438 0.166667 0.450000 0.277778 0.623437 0.305556
126 4 0.314063 0.225000 0.360938 0.347222 0.493750 0.400000
125 4 0.220312 0.119444 0.253125 0.186111 0.348438 0.211111
123 4 0.209375 0.622222 0.303125 0.875000 0.362500 1.061111
103 4 0.465625 0.513889 0.539062 0.775000 0.735938 0.902778
