140 4 0.268750 0.213889 0.306250 0.297222 0.423438 0.361111
139 4 0.312500 0.211111 0.365625 0.380556 0.495312 0.402778
138 4 0.279687 0.038889 0.307812 0.094444 0.434375 0.088889
137 4 0.309375 0.022222 0.332813 0.069444 0.476562 0.055556
128 4 0.370312 0.080556 0.401562 0.130556 0.571875 0.144444
126 4 0.310937 0.080556 0.350000 0.144444 0.485938 0.152778
125 4 0.220312 0.116667 0.254688 0.186111 0.348438 0.208333
123 4 0.254688 0.450000 0.323437 0.611111 0.417187 0.755556
119 5 0.014063 0.436111 0.296875 1.002778 0.162500 0.936111
103 4 0.462500 0.388889 0.518750 0.558333 0.721875 0.669444
