157 4 0.325000 0.163889 0.360938 0.238889 0.506250 0.283333
156 5 0.392188 0.119444 0.443750 0.219444 0.614062 0.230556
153 4 0.309375 0.000000 0.331250 0.050000 0.475000 0.025000
152 4 0.325000 0.094444 0.351562 0.147222 0.501563 0.166667
150 4 0.273438 0.088889 0.301563 0.138889 0.423438 0.158333
144 4 0.450000 0.305556 0.501563 0.455556 0.701562 0.533333
142 4 0.260937 0.363889 0.350000 0.650000 0.435937 0.688889
138 4 0.259375 0.183333 0.306250 0.280556 0.414062 0.322222
128 4 0.415625 0.205556 0.462500 0.311111 0.646875 0.361111
126 4 0.310937 0.261111 0.362500 0.386111 0.492188 0.452778
125 4 0.221875 0.119444 0.254688 0.188889 0.350000 0.213889
123 4 0.198437 0.669444 0.300000 0.941667 0.348438 1.141667
103 4 0.468750 0.530556 0.545312 0.794444 0.740625 0.927778
