147 4 0.370312 0.069444 0.407813 0.136111 0.575000 0.138889
146 4 0.318750 0.080556 0.343750 0.127778 0.490625 0.144444
144 4 0.434375 0.252778 0.479687 0.347222 0.675000 0.427778
142 4 0.279687 0.313889 0.359375 0.575000 0.459375 0.602778
140 4 0.207813 0.350000 0.278125 0.494444 0.346875 0.597222
138 4 0.278125 0.097222 0.307812 0.158333 0.432812 0.175000
129 5 0.370312 0.069444 0.407813 0.138889 0.573438 0.138889
128 4 0.393750 0.133333 0.429688 0.208333 0.609375 0.236111
126 4 0.320312 0.169444 0.359375 0.261111 0.500000 0.300000
125 4 0.220312 0.119444 0.256250 0.202778 0.348438 0.222222
123 4 0.212500 0.588889 0.309375 0.808333 0.367188 0.994444
119 5 -0.001563 0.563889 0.176563 0.994444 0.085938 1.061111
103 4 0.467187 0.488889 0.532813 0.702778 0.734375 0.838889
