144 4 0.434375 0.247222 0.479687 0.338889 0.673438 0.416667
142 4 0.281250 0.313889 0.359375 0.575000 0.460938 0.600000
140 4 0.212500 0.336111 0.281250 0.483333 0.354687 0.577778
138 4 0.279687 0.088889 0.309375 0.155556 0.434375 0.166667
129 5 0.367188 0.066667 0.406250 0.133333 0.571875 0.133333
128 4 0.392188 0.127778 0.429688 0.202778 0.607812 0.230556
126 4 0.317188 0.152778 0.362500 0.258333 0.498437 0.283333
125 4 0.221875 0.119444 0.254688 0.191667 0.350000 0.213889
123 4 0.212500 0.586111 0.312500 0.808333 0.368750 0.991667
119 5 0.000000 0.558333 0.193750 1.000000 0.096875 1.058333
103 4 0.464062 0.469444 0.532813 0.694444 0.731250 0.816667
