147 5 0.360938 0.052778 0.396875 0.119444 0.560937 0.111111
146 4 0.315625 0.061111 0.339062 0.105556 0.485938 0.113889
144 4 0.428125 0.222222 0.471875 0.313889 0.664062 0.380556
142 4 0.289062 0.283333 0.357812 0.525000 0.468750 0.547222
140 4 0.235937 0.294444 0.293750 0.425000 0.382812 0.505556
138 4 0.278125 0.077778 0.307812 0.133333 0.432812 0.144444
129 4 0.362500 0.055556 0.398438 0.116667 0.562500 0.113889
128 4 0.387500 0.122222 0.420312 0.186111 0.598437 0.216667
126 4 0.314063 0.136111 0.359375 0.225000 0.493750 0.247222
125 4 0.221875 0.116667 0.254688 0.186111 0.350000 0.211111
123 4 0.229687 0.558333 0.312500 0.777778 0.385937 0.947222
119 5 0.000000 0.511111 0.196875 0.997222 0.098437 1.011111
103 4 0.464062 0.461111 0.529687 0.661111 0.729688 0.791667
