133 4 0.251563 0.069444 0.270313 0.119444 0.387500 0.130556
129 4 0.340625 0.011111 0.365625 0.052778 0.523438 0.036111
126 4 0.317188 0.063889 0.343750 0.105556 0.489063 0.119444
125 4 0.221875 0.119444 0.254688 0.188889 0.350000 0.213889
123 4 0.275000 0.344444 0.329688 0.472222 0.440625 0.580556
119 5 -0.001563 0.300000 0.284375 0.991667 0.139063 0.797222
118 4 0.267188 0.150000 0.306250 0.222222 0.421875 0.261111
117 4 0.198437 0.636111 0.312500 0.916667 0.354687 1.094444
114 5 0.315625 0.138889 0.364063 0.291667 0.496875 0.286111
103 4 0.451562 0.313889 0.509375 0.475000 0.706250 0.552778
