129 4 0.337500 0.002778 0.362500 0.047222 0.518750 0.027778
128 4 0.354687 0.050000 0.381250 0.086111 0.546875 0.094444
126 4 0.315625 0.055556 0.342187 0.088889 0.487500 0.100000
125 4 0.220312 0.122222 0.254688 0.188889 0.348438 0.216667
123 4 0.278125 0.291667 0.329688 0.402778 0.443750 0.494444
119 5 0.003125 0.286111 0.278125 1.000000 0.142187 0.786111
118 4 0.271875 0.130556 0.306250 0.194444 0.425000 0.227778
117 4 0.243750 0.525000 0.329688 0.736111 0.409375 0.894444
114 5 0.320312 0.130556 0.364063 0.250000 0.501563 0.255556
103 4 0.446875 0.294444 0.501563 0.433333 0.698438 0.511111
