147 4 0.371875 0.072222 0.410938 0.141667 0.576562 0.144444
146 4 0.318750 0.083333 0.343750 0.130556 0.492188 0.150000
144 4 0.434375 0.258333 0.482812 0.355556 0.676562 0.436111
142 4 0.278125 0.319444 0.356250 0.583333 0.457813 0.611111
140 4 0.203125 0.355556 0.278125 0.505556 0.342187 0.608333
138 4 0.278125 0.100000 0.306250 0.163889 0.432812 0.183333
129 5 0.370312 0.072222 0.410938 0.141667 0.576562 0.144444
128 4 0.395313 0.136111 0.431250 0.213889 0.610938 0.244444
126 4 0.317188 0.172222 0.357812 0.272222 0.496875 0.308333
125 4 0.220312 0.119444 0.257812 0.197222 0.350000 0.219444
123 4 0.212500 0.591667 0.307812 0.816667 0.367188 1.000000
119 5 0.000000 0.572222 0.171875 0.997222 0.084375 1.072222
103 4 0.468750 0.491667 0.532813 0.708333 0.735938 0.844444
