135 4 0.315625 0.152778 0.365625 0.294444 0.498437 0.300000
133 4 0.250000 0.072222 0.270313 0.116667 0.385937 0.130556
129 4 0.342187 0.011111 0.367188 0.052778 0.525000 0.038889
128 4 0.362500 0.066667 0.390625 0.108333 0.557813 0.122222
126 4 0.317188 0.063889 0.343750 0.108333 0.489063 0.116667
125 4 0.221875 0.119444 0.254688 0.188889 0.348438 0.213889
123 4 0.275000 0.352778 0.328125 0.480556 0.439063 0.591667
119 5 -0.001563 0.308333 0.279687 0.997222 0.137500 0.808333
118 4 0.268750 0.155556 0.306250 0.230556 0.421875 0.272222
114 5 0.315625 0.147222 0.365625 0.300000 0.498437 0.300000
103 4 0.454688 0.330556 0.510938 0.483333 0.710938 0.572222
