146 4 0.315625 0.052778 0.339062 0.100000 0.484375 0.102778
144 4 0.425000 0.222222 0.468750 0.308333 0.660937 0.375000
142 4 0.293750 0.280556 0.357812 0.511111 0.473438 0.536111
140 4 0.242188 0.272222 0.296875 0.402778 0.390625 0.472222
138 4 0.278125 0.072222 0.307812 0.127778 0.432812 0.136111
129 4 0.360938 0.052778 0.396875 0.113889 0.559375 0.111111
128 4 0.385937 0.122222 0.418750 0.183333 0.596875 0.213889
126 4 0.314063 0.127778 0.359375 0.211111 0.495312 0.233333
125 4 0.221875 0.116667 0.254688 0.188889 0.350000 0.211111
123 4 0.229687 0.550000 0.314063 0.763889 0.387500 0.933333
119 5 0.001563 0.513889 0.195312 0.994444 0.098437 1.011111
103 4 0.465625 0.452778 0.528125 0.652778 0.729688 0.780556
