153 4 0.307812 0.002778 0.331250 0.044444 0.473438 0.025000
152 4 0.323437 0.083333 0.350000 0.136111 0.498437 0.152778
150 4 0.273438 0.077778 0.303125 0.130556 0.425000 0.144444
147 4 0.389062 0.119444 0.439063 0.205556 0.609375 0.225000
144 4 0.448437 0.294444 0.500000 0.438889 0.698438 0.513889
142 4 0.259375 0.361111 0.350000 0.641667 0.435937 0.683333
138 4 0.259375 0.163889 0.309375 0.263889 0.414062 0.297222
128 4 0.407813 0.191667 0.462500 0.300000 0.640625 0.341667
126 4 0.312500 0.255556 0.362500 0.380556 0.493750 0.447222
125 4 0.221875 0.119444 0.254688 0.205556 0.350000 0.222222
123 4 0.200000 0.661111 0.303125 0.925000 0.353125 1.125000
103 4 0.467187 0.533333 0.540625 0.780556 0.737500 0.922222
