153 4 0.306250 0.000000 0.326562 0.025000 0.470313 0.013889
152 4 0.320312 0.058333 0.340625 0.105556 0.490625 0.111111
147 4 0.381250 0.100000 0.426563 0.177778 0.593750 0.188889
144 4 0.445312 0.291667 0.495312 0.402778 0.693750 0.494444
142 4 0.270313 0.347222 0.351562 0.625000 0.446875 0.661111
138 4 0.275000 0.130556 0.309375 0.205556 0.429688 0.233333
129 5 0.381250 0.097222 0.425000 0.180556 0.593750 0.188889
128 4 0.398438 0.166667 0.448437 0.277778 0.621875 0.305556
126 4 0.314063 0.225000 0.359375 0.341667 0.493750 0.397222
125 4 0.220312 0.116667 0.254688 0.186111 0.348438 0.211111
123 4 0.209375 0.622222 0.303125 0.872222 0.362500 1.058333
103 4 0.467187 0.513889 0.539062 0.775000 0.735938 0.902778
