153 4 0.307812 0.002778 0.328125 0.030556 0.471875 0.019444
152 4 0.321875 0.066667 0.343750 0.111111 0.495312 0.122222
151 4 0.323437 0.119444 0.356250 0.188889 0.501563 0.213889
150 4 0.278125 0.063889 0.301563 0.105556 0.429688 0.116667
147 4 0.384375 0.105556 0.429688 0.186111 0.600000 0.200000
144 4 0.448437 0.294444 0.496875 0.408333 0.696875 0.500000
142 4 0.267188 0.358333 0.350000 0.630556 0.442188 0.672222
138 4 0.273438 0.141667 0.306250 0.219444 0.426563 0.252778
129 5 0.384375 0.102778 0.429688 0.188889 0.600000 0.197222
128 4 0.403125 0.177778 0.448437 0.275000 0.628125 0.316667
126 4 0.312500 0.225000 0.362500 0.358333 0.495312 0.405556
125 4 0.221875 0.119444 0.254688 0.188889 0.350000 0.216667
123 4 0.209375 0.627778 0.303125 0.883333 0.360938 1.072222
103 4 0.465625 0.522222 0.539062 0.775000 0.735938 0.908333
