141 4 0.804688 0.527778 0.923438 0.736111 1.265625 0.897222
140 4 0.267188 0.222222 0.304688 0.311111 0.420312 0.377778
139 4 0.310937 0.225000 0.362500 0.405556 0.492188 0.427778
138 4 0.278125 0.047222 0.304688 0.100000 0.431250 0.100000
128 4 0.373437 0.080556 0.404687 0.138889 0.576562 0.150000
126 4 0.310937 0.088889 0.351562 0.158333 0.487500 0.169444
125 4 0.220312 0.116667 0.254688 0.186111 0.348438 0.208333
123 4 0.250000 0.469444 0.320312 0.638889 0.410938 0.788889
119 5 -0.006250 0.452778 0.279687 1.002778 0.132812 0.955556
103 4 0.464062 0.405556 0.521875 0.575000 0.725000 0.694444
