152 4 0.321875 0.077778 0.348438 0.127778 0.496875 0.141667
151 4 0.325000 0.141667 0.359375 0.213889 0.504687 0.250000
150 4 0.275000 0.075000 0.301563 0.122222 0.426563 0.136111
147 4 0.389062 0.116667 0.439063 0.202778 0.609375 0.216667
144 4 0.448437 0.297222 0.500000 0.433333 0.698438 0.513889
142 4 0.260937 0.363889 0.351562 0.641667 0.437500 0.686111
138 4 0.262500 0.158333 0.304688 0.252778 0.415625 0.286111
128 4 0.409375 0.194444 0.459375 0.288889 0.639062 0.338889
126 4 0.312500 0.255556 0.362500 0.375000 0.493750 0.444444
125 4 0.221875 0.116667 0.254688 0.194444 0.350000 0.213889
123 4 0.201563 0.655556 0.301563 0.916667 0.353125 1.113889
103 4 0.467187 0.530556 0.540625 0.780556 0.737500 0.922222
