159 4 0.253125 0.066667 0.270313 0.113889 0.389062 0.125000
157 4 0.321875 0.177778 0.362500 0.261111 0.503125 0.308333
156 4 0.393750 0.119444 0.446875 0.219444 0.618750 0.230556
153 4 0.310937 0.005556 0.331250 0.055556 0.476562 0.033333
152 4 0.323437 0.097222 0.353125 0.161111 0.501563 0.180556
150 4 0.275000 0.097222 0.301563 0.147222 0.426563 0.172222
144 4 0.451562 0.327778 0.504687 0.461111 0.704688 0.558333
142 4 0.259375 0.361111 0.350000 0.650000 0.434375 0.686111
138 4 0.256250 0.191667 0.304688 0.291667 0.407813 0.338889
128 4 0.418750 0.211111 0.462500 0.319444 0.650000 0.372222
126 4 0.310937 0.269444 0.362500 0.402778 0.492188 0.469444
125 4 0.223438 0.122222 0.253125 0.188889 0.350000 0.216667
123 4 0.190625 0.686111 0.295312 0.972222 0.339062 1.172222
103 4 0.467187 0.536111 0.543750 0.802778 0.739062 0.938889
