157 4 0.326562 0.158333 0.362500 0.236111 0.507812 0.277778
156 4 0.393750 0.119444 0.440625 0.208333 0.614062 0.225000
153 4 0.309375 0.002778 0.331250 0.047222 0.476562 0.027778
152 4 0.323437 0.094444 0.350000 0.144444 0.500000 0.166667
150 4 0.273438 0.083333 0.301563 0.136111 0.425000 0.152778
147 5 0.393750 0.119444 0.440625 0.208333 0.614062 0.225000
144 4 0.451562 0.302778 0.503125 0.450000 0.703125 0.527778
142 4 0.259375 0.361111 0.348438 0.647222 0.434375 0.686111
138 4 0.259375 0.177778 0.306250 0.272222 0.412500 0.313889
128 4 0.412500 0.197222 0.462500 0.302778 0.643750 0.350000
126 4 0.312500 0.258333 0.360938 0.386111 0.492188 0.452778
125 4 0.221875 0.116667 0.253125 0.188889 0.348438 0.211111
123 4 0.198437 0.666667 0.300000 0.933333 0.348438 1.133333
103 4 0.467187 0.530556 0.542188 0.788889 0.739062 0.925000
