138 4 0.279687 0.027778 0.304688 0.075000 0.432812 0.066667
135 4 0.315625 0.169444 0.364063 0.316667 0.498437 0.330556
133 4 0.250000 0.072222 0.270313 0.116667 0.385937 0.130556
129 4 0.342187 0.016667 0.368750 0.058333 0.526563 0.047222
128 4 0.364063 0.069444 0.393750 0.111111 0.560937 0.125000
126 4 0.314063 0.063889 0.345313 0.113889 0.487500 0.119444
125 4 0.221875 0.119444 0.254688 0.188889 0.348438 0.213889
123 4 0.270313 0.377778 0.326562 0.516667 0.434375 0.636111
119 5 0.001563 0.383333 0.262500 1.000000 0.132812 0.883333
118 4 0.267188 0.166667 0.306250 0.250000 0.420312 0.294444
114 5 0.317188 0.166667 0.365625 0.319444 0.500000 0.327778
103 4 0.454688 0.338889 0.514062 0.502778 0.710938 0.591667
