159 4 0.253125 0.066667 0.270313 0.116667 0.389062 0.125000
156 5 0.393750 0.119444 0.445312 0.219444 0.617188 0.230556
153 4 0.309375 0.002778 0.331250 0.050000 0.475000 0.027778
152 4 0.323437 0.097222 0.351562 0.152778 0.500000 0.175000
150 4 0.275000 0.091667 0.301563 0.147222 0.426563 0.166667
144 4 0.451562 0.316667 0.504687 0.458333 0.703125 0.547222
142 4 0.259375 0.361111 0.350000 0.647222 0.434375 0.683333
138 4 0.259375 0.188889 0.304688 0.286111 0.412500 0.330556
128 4 0.417187 0.208333 0.462500 0.316667 0.648438 0.366667
126 4 0.310937 0.263889 0.362500 0.388889 0.492188 0.458333
125 4 0.221875 0.119444 0.254688 0.188889 0.350000 0.213889
123 4 0.195312 0.677778 0.298438 0.958333 0.343750 1.155556
103 4 0.467187 0.530556 0.545312 0.800000 0.740625 0.933333
