151 4 0.321875 0.100000 0.348438 0.152778 0.496875 0.177778
147 4 0.375000 0.083333 0.418750 0.163889 0.585938 0.166667
144 4 0.440625 0.275000 0.489063 0.377778 0.685937 0.463889
142 4 0.273438 0.347222 0.353125 0.611111 0.451562 0.652778
140 4 0.175000 0.408333 0.256250 0.577778 0.303125 0.700000
138 4 0.278125 0.113889 0.310937 0.186111 0.434375 0.208333
129 5 0.376563 0.086111 0.418750 0.163889 0.585938 0.166667
128 4 0.400000 0.158333 0.439063 0.244444 0.620313 0.283333
126 4 0.318750 0.205556 0.360938 0.308333 0.500000 0.361111
125 4 0.221875 0.122222 0.256250 0.188889 0.350000 0.216667
123 4 0.209375 0.611111 0.306250 0.847222 0.362500 1.036111
103 4 0.465625 0.502778 0.540625 0.755556 0.735938 0.880556
