129 4 0.337500 0.002778 0.362500 0.044444 0.518750 0.025000
128 4 0.354687 0.050000 0.381250 0.083333 0.546875 0.091667
126 4 0.315625 0.052778 0.340625 0.088889 0.485938 0.097222
125 4 0.220312 0.122222 0.254688 0.191667 0.348438 0.216667
123 4 0.279687 0.291667 0.329688 0.394444 0.445312 0.488889
119 5 0.003125 0.283333 0.279687 1.000000 0.142187 0.783333
118 4 0.271875 0.127778 0.306250 0.194444 0.425000 0.225000
117 4 0.248438 0.516667 0.331250 0.722222 0.414062 0.877778
114 5 0.318750 0.127778 0.362500 0.247222 0.500000 0.252778
103 4 0.446875 0.291667 0.500000 0.430556 0.696875 0.508333
