149 4 0.315625 0.038889 0.339062 0.080556 0.485938 0.080556
147 4 0.375000 0.077778 0.417187 0.155556 0.584375 0.158333
144 4 0.439063 0.266667 0.485938 0.366667 0.682813 0.450000
142 4 0.276562 0.347222 0.353125 0.605556 0.453125 0.650000
140 4 0.182812 0.383333 0.264062 0.552778 0.315625 0.661111
138 4 0.276562 0.108333 0.307812 0.177778 0.431250 0.200000
129 5 0.375000 0.077778 0.417187 0.155556 0.584375 0.155556
128 4 0.400000 0.144444 0.440625 0.233333 0.620313 0.261111
126 4 0.317188 0.191667 0.360938 0.294444 0.498437 0.338889
125 4 0.220312 0.116667 0.256250 0.194444 0.348438 0.213889
123 4 0.209375 0.608333 0.307812 0.830556 0.364063 1.025000
119 5 0.000000 0.597222 0.164062 1.000000 0.082812 1.100000
103 4 0.467187 0.497222 0.537500 0.738889 0.735938 0.869444
