156 4 0.392188 0.119444 0.439063 0.205556 0.612500 0.222222
153 4 0.309375 0.000000 0.329688 0.047222 0.475000 0.025000
152 4 0.325000 0.091667 0.351562 0.141667 0.500000 0.161111
150 4 0.275000 0.083333 0.301563 0.130556 0.426563 0.150000
147 5 0.392188 0.119444 0.439063 0.205556 0.612500 0.222222
144 4 0.450000 0.297222 0.503125 0.447222 0.703125 0.522222
142 4 0.259375 0.361111 0.348438 0.647222 0.434375 0.686111
138 4 0.259375 0.172222 0.307812 0.269444 0.414062 0.308333
128 4 0.409375 0.197222 0.460938 0.302778 0.640625 0.347222
126 4 0.312500 0.258333 0.360938 0.383333 0.493750 0.452778
125 4 0.221875 0.116667 0.253125 0.188889 0.348438 0.211111
123 4 0.198437 0.666667 0.300000 0.927778 0.348438 1.130556
103 4 0.468750 0.530556 0.542188 0.788889 0.740625 0.925000
