146 4 0.314063 0.052778 0.337500 0.100000 0.482812 0.102778
144 4 0.425000 0.216667 0.465625 0.302778 0.657813 0.369444
142 4 0.295312 0.275000 0.360938 0.497222 0.476562 0.525000
141 4 0.732812 0.758333 0.856250 1.008333 1.160937 1.261111
140 4 0.245312 0.263889 0.300000 0.388889 0.396875 0.458333
138 4 0.279687 0.069444 0.306250 0.125000 0.432812 0.133333
129 4 0.359375 0.050000 0.395313 0.105556 0.557813 0.102778
128 4 0.384375 0.108333 0.415625 0.175000 0.592187 0.197222
126 4 0.314063 0.125000 0.357812 0.202778 0.493750 0.227778
125 4 0.221875 0.119444 0.253125 0.191667 0.348438 0.213889
123 4 0.231250 0.536111 0.317188 0.750000 0.389062 0.913889
119 5 0.000000 0.511111 0.195312 0.991667 0.098437 1.005556
103 4 0.464062 0.447222 0.526563 0.641667 0.728125 0.769444
