138 4 0.279687 0.030556 0.304688 0.077778 0.432812 0.072222
137 4 0.309375 0.016667 0.329688 0.055556 0.475000 0.044444
129 4 0.343750 0.013889 0.370312 0.061111 0.528125 0.044444
128 4 0.365625 0.061111 0.393750 0.108333 0.562500 0.116667
126 4 0.317188 0.069444 0.346875 0.119444 0.490625 0.130556
125 4 0.220312 0.116667 0.254688 0.186111 0.348438 0.211111
123 4 0.270313 0.391667 0.326562 0.533333 0.432812 0.661111
119 5 0.001563 0.369444 0.265625 0.997222 0.134375 0.869444
117 4 0.173437 0.752778 0.290625 1.002778 0.320312 1.252778
103 4 0.453125 0.341667 0.517188 0.513889 0.712500 0.600000
