147 5 0.360938 0.050000 0.396875 0.116667 0.559375 0.108333
146 4 0.315625 0.061111 0.339062 0.105556 0.485938 0.113889
144 4 0.426563 0.219444 0.470313 0.313889 0.662500 0.377778
142 4 0.289062 0.283333 0.357812 0.522222 0.468750 0.544444
140 4 0.235937 0.286111 0.295312 0.419444 0.384375 0.494444
138 4 0.278125 0.075000 0.307812 0.133333 0.432812 0.141667
129 4 0.360938 0.055556 0.396875 0.113889 0.560937 0.113889
128 4 0.387500 0.125000 0.420312 0.186111 0.598437 0.216667
126 4 0.314063 0.133333 0.359375 0.222222 0.493750 0.244444
125 4 0.221875 0.116667 0.254688 0.188889 0.350000 0.211111
123 4 0.229687 0.558333 0.312500 0.775000 0.385937 0.947222
119 5 0.000000 0.511111 0.200000 0.997222 0.100000 1.008333
103 4 0.464062 0.458333 0.529687 0.658333 0.729688 0.786111
