141 4 0.810937 0.519444 0.928125 0.725000 1.275000 0.883333
140 4 0.268750 0.222222 0.304688 0.308333 0.420312 0.377778
139 4 0.312500 0.225000 0.364063 0.400000 0.493750 0.425000
138 4 0.279687 0.044444 0.306250 0.100000 0.432812 0.094444
137 4 0.310937 0.030556 0.332813 0.075000 0.478125 0.069444
129 4 0.350000 0.030556 0.378125 0.080556 0.539062 0.069444
128 4 0.371875 0.080556 0.403125 0.136111 0.575000 0.150000
126 4 0.310937 0.086111 0.351562 0.155556 0.487500 0.163889
125 4 0.220312 0.116667 0.254688 0.186111 0.348438 0.211111
123 4 0.251563 0.466667 0.320312 0.633333 0.412500 0.783333
119 5 0.017188 0.444444 0.328125 1.008333 0.182812 0.950000
103 4 0.462500 0.402778 0.520312 0.575000 0.723437 0.688889
