153 4 0.309375 0.000000 0.328125 0.036111 0.473438 0.019444
152 4 0.321875 0.072222 0.346875 0.119444 0.496875 0.130556
151 4 0.323437 0.130556 0.357812 0.200000 0.501563 0.230556
150 4 0.273438 0.069444 0.303125 0.116667 0.425000 0.127778
147 4 0.387500 0.111111 0.432812 0.191667 0.603125 0.208333
144 4 0.448437 0.297222 0.498437 0.419444 0.698438 0.508333
142 4 0.264062 0.361111 0.350000 0.636111 0.439063 0.680556
138 4 0.270313 0.141667 0.309375 0.233333 0.425000 0.258333
129 5 0.387500 0.111111 0.432812 0.194444 0.604688 0.208333
128 4 0.407813 0.188889 0.453125 0.277778 0.634375 0.327778
126 4 0.314063 0.247222 0.360938 0.363889 0.495312 0.430556
125 4 0.221875 0.119444 0.253125 0.188889 0.348438 0.213889
123 4 0.206250 0.641667 0.303125 0.900000 0.359375 1.094444
103 4 0.467187 0.530556 0.540625 0.775000 0.737500 0.919444
