161 4 0.835938 0.461111 0.942187 0.638889 1.306250 0.783333
159 4 0.253125 0.069444 0.270313 0.116667 0.389062 0.127778
157 4 0.321875 0.191667 0.360938 0.275000 0.503125 0.330556
153 4 0.310937 0.008333 0.332813 0.063889 0.478125 0.041667
152 4 0.323437 0.116667 0.357812 0.177778 0.503125 0.205556
150 4 0.273438 0.108333 0.303125 0.163889 0.425000 0.191667
147 5 0.393750 0.125000 0.450000 0.255556 0.618750 0.252778
144 4 0.440625 0.330556 0.509375 0.469444 0.695312 0.566667
142 4 0.259375 0.366667 0.348438 0.655556 0.434375 0.694444
138 4 0.251563 0.213889 0.296875 0.319444 0.400000 0.375000
128 4 0.420312 0.213889 0.468750 0.336111 0.654687 0.380556
126 4 0.306250 0.272222 0.360938 0.408333 0.487500 0.477778
125 4 0.221875 0.119444 0.254688 0.191667 0.350000 0.216667
123 4 0.179688 0.702778 0.293750 1.002778 0.326562 1.205556
103 4 0.468750 0.536111 0.545312 0.805556 0.740625 0.938889
