159 4 0.253125 0.069444 0.270313 0.116667 0.389062 0.127778
156 5 0.393750 0.119444 0.446875 0.219444 0.617188 0.230556
153 4 0.310937 0.002778 0.331250 0.052778 0.476562 0.030556
152 4 0.321875 0.097222 0.353125 0.155556 0.498437 0.175000
150 4 0.275000 0.094444 0.303125 0.147222 0.426563 0.166667
144 4 0.450000 0.319444 0.504687 0.458333 0.703125 0.550000
142 4 0.259375 0.361111 0.350000 0.650000 0.434375 0.686111
138 4 0.259375 0.188889 0.304688 0.286111 0.412500 0.333333
128 4 0.417187 0.211111 0.462500 0.316667 0.648438 0.369444
126 4 0.310937 0.263889 0.362500 0.391667 0.492188 0.461111
125 4 0.221875 0.119444 0.254688 0.188889 0.350000 0.216667
123 4 0.193750 0.677778 0.298438 0.961111 0.343750 1.158333
103 4 0.467187 0.533333 0.545312 0.800000 0.740625 0.933333
