144 4 0.439063 0.263889 0.485938 0.361111 0.682813 0.447222
142 4 0.276562 0.338889 0.351562 0.600000 0.453125 0.641667
140 4 0.187500 0.372222 0.268750 0.544444 0.321875 0.644444
138 4 0.276562 0.105556 0.309375 0.175000 0.431250 0.194444
129 5 0.375000 0.075000 0.415625 0.152778 0.582812 0.152778
128 4 0.396875 0.147222 0.437500 0.236111 0.617188 0.266667
126 4 0.315625 0.188889 0.360938 0.288889 0.496875 0.333333
125 4 0.218750 0.116667 0.259375 0.205556 0.348438 0.222222
123 4 0.209375 0.602778 0.306250 0.830556 0.362500 1.019444
119 5 0.000000 0.594444 0.165625 0.997222 0.082812 1.094444
103 4 0.465625 0.491667 0.534375 0.730556 0.732812 0.858333
