149 4 0.315625 0.038889 0.339062 0.080556 0.485938 0.080556
144 4 0.439063 0.266667 0.485938 0.363889 0.682813 0.450000
142 4 0.276562 0.344444 0.351562 0.602778 0.453125 0.647222
140 4 0.184375 0.377778 0.265625 0.547222 0.317188 0.652778
138 4 0.276562 0.105556 0.309375 0.177778 0.431250 0.194444
129 5 0.375000 0.077778 0.415625 0.152778 0.582812 0.152778
128 4 0.398438 0.147222 0.439063 0.236111 0.618750 0.263889
126 4 0.317188 0.191667 0.360938 0.291667 0.496875 0.336111
125 4 0.218750 0.116667 0.257812 0.197222 0.348438 0.216667
123 4 0.209375 0.605556 0.306250 0.830556 0.364063 1.022222
119 5 0.000000 0.591667 0.165625 0.997222 0.082812 1.091667
103 4 0.467187 0.494444 0.537500 0.733333 0.735938 0.861111
