147 5 0.362500 0.052778 0.398438 0.122222 0.562500 0.113889
146 4 0.317188 0.063889 0.337500 0.105556 0.485938 0.119444
144 4 0.431250 0.233333 0.471875 0.319444 0.667188 0.391667
142 4 0.289062 0.288889 0.357812 0.536111 0.467187 0.558333
140 4 0.232813 0.297222 0.292187 0.430556 0.379688 0.513889
138 4 0.279687 0.077778 0.307812 0.138889 0.434375 0.147222
129 4 0.364063 0.055556 0.398438 0.119444 0.562500 0.116667
128 4 0.387500 0.122222 0.421875 0.188889 0.598437 0.216667
126 4 0.315625 0.133333 0.359375 0.225000 0.495312 0.247222
125 4 0.221875 0.116667 0.254688 0.186111 0.350000 0.208333
123 4 0.228125 0.563889 0.312500 0.783333 0.384375 0.955556
119 5 0.000000 0.513889 0.193750 0.994444 0.096875 1.011111
103 4 0.464062 0.461111 0.529687 0.666667 0.729688 0.797222
