129 4 0.339062 0.005556 0.364063 0.047222 0.520312 0.030556
128 4 0.357812 0.055556 0.384375 0.094444 0.550000 0.102778
126 4 0.314063 0.055556 0.340625 0.091667 0.484375 0.102778
125 4 0.220312 0.119444 0.254688 0.186111 0.348438 0.213889
123 4 0.276562 0.297222 0.329688 0.413889 0.442188 0.505556
119 5 0.003125 0.291667 0.279687 1.000000 0.143750 0.794444
118 4 0.273438 0.133333 0.307812 0.197222 0.426563 0.233333
117 4 0.237500 0.544444 0.329688 0.769444 0.403125 0.930556
114 5 0.320312 0.133333 0.364063 0.255556 0.503125 0.261111
103 4 0.446875 0.297222 0.504687 0.441667 0.700000 0.516667
