144 4 0.406250 0.183333 0.453125 0.277778 0.632812 0.322222
143 5 0.346875 0.005556 0.384375 0.088889 0.539062 0.050000
141 4 0.800000 0.538889 0.920312 0.750000 1.260938 0.913889
140 4 0.265625 0.225000 0.304688 0.313889 0.418750 0.383333
139 5 0.309375 0.227778 0.362500 0.411111 0.492188 0.433333
138 4 0.278125 0.044444 0.304688 0.100000 0.429688 0.097222
128 4 0.373437 0.083333 0.404687 0.141667 0.576562 0.155556
126 4 0.312500 0.091667 0.351562 0.158333 0.489063 0.172222
125 4 0.220312 0.116667 0.254688 0.186111 0.348438 0.208333
123 4 0.250000 0.469444 0.321875 0.647222 0.410938 0.794444
119 5 -0.010937 0.458333 0.260937 0.997222 0.118750 0.958333
103 4 0.464062 0.405556 0.521875 0.580556 0.725000 0.697222
