134 4 0.385937 0.122222 0.415625 0.175000 0.595313 0.211111
128 4 0.357812 0.050000 0.384375 0.091667 0.550000 0.097222
126 4 0.314063 0.050000 0.342187 0.094444 0.484375 0.097222
125 4 0.220312 0.119444 0.254688 0.186111 0.348438 0.213889
123 4 0.275000 0.302778 0.329688 0.427778 0.440625 0.516667
119 5 0.001563 0.302778 0.276562 1.000000 0.140625 0.802778
118 4 0.271875 0.136111 0.307812 0.202778 0.426563 0.238889
117 4 0.226562 0.561111 0.323437 0.797222 0.389062 0.961111
114 4 0.318750 0.136111 0.364063 0.266667 0.501563 0.269444
103 4 0.446875 0.297222 0.506250 0.447222 0.700000 0.522222
