149 4 0.315625 0.036111 0.337500 0.075000 0.484375 0.072222
147 5 0.371875 0.075000 0.412500 0.147222 0.578125 0.150000
144 4 0.434375 0.258333 0.484375 0.361111 0.678125 0.438889
142 4 0.278125 0.322222 0.356250 0.594444 0.456250 0.622222
140 4 0.193750 0.358333 0.275000 0.527778 0.332813 0.625000
138 4 0.278125 0.102778 0.307812 0.169444 0.431250 0.186111
129 4 0.373437 0.075000 0.412500 0.147222 0.579688 0.147222
128 4 0.395313 0.136111 0.434375 0.219444 0.614062 0.247222
126 4 0.317188 0.175000 0.360938 0.280556 0.498437 0.316667
125 4 0.220312 0.119444 0.257812 0.194444 0.350000 0.216667
123 4 0.210938 0.594444 0.309375 0.822222 0.365625 1.005556
103 4 0.468750 0.491667 0.534375 0.719444 0.735938 0.852778
