147 4 0.371875 0.072222 0.410938 0.141667 0.576562 0.144444
144 4 0.434375 0.258333 0.482812 0.358333 0.676562 0.436111
142 4 0.278125 0.313889 0.357812 0.586111 0.457813 0.605556
140 4 0.198437 0.358333 0.276562 0.519444 0.337500 0.619444
138 4 0.278125 0.102778 0.306250 0.166667 0.431250 0.186111
129 5 0.371875 0.072222 0.410938 0.144444 0.578125 0.144444
128 4 0.395313 0.136111 0.432812 0.216667 0.612500 0.244444
126 4 0.317188 0.175000 0.359375 0.272222 0.496875 0.311111
125 4 0.220312 0.119444 0.259375 0.194444 0.350000 0.216667
123 4 0.212500 0.591667 0.307812 0.816667 0.365625 1.000000
119 5 0.000000 0.575000 0.167187 0.994444 0.082812 1.072222
103 4 0.468750 0.491667 0.534375 0.711111 0.735938 0.847222
