69 4 0.537559 0.464583 0.563380 0.506250 0.819249 0.718750
68 4 0.742958 0.810417 0.909624 0.968750 1.198357 1.295833
67 4 0.430751 0.370833 0.458920 0.439583 0.659624 0.591667
66 4 0.584507 0.612500 0.638498 0.716667 0.903756 0.970833
60 4 0.190141 0.806250 0.318075 1.018750 0.349765 1.316667
59 4 0.536385 0.429167 0.568075 0.497917 0.821596 0.679167
56 4 0.399061 0.443750 0.429577 0.514583 0.613850 0.700000
55 5 0.430751 0.372917 0.460094 0.439583 0.660798 0.593750
54 4 0.536385 0.427083 0.558685 0.472917 0.815728 0.664583
50 5 0.575117 0.395833 0.618545 0.495833 0.884977 0.643750
