414 4 0.000000 0.700000 0.135937 0.969444 0.067187 1.186111
413 4 0.310937 0.027778 0.334375 0.069444 0.478125 0.061111
404 4 0.317188 0.063889 0.342187 0.113889 0.489063 0.122222
403 4 0.235937 0.213889 0.292187 0.358333 0.382812 0.394444
401 4 0.401562 0.183333 0.450000 0.277778 0.626563 0.325000
389 4 0.260937 0.163889 0.301563 0.244444 0.412500 0.288889
388 4 0.307812 0.338889 0.359375 0.461111 0.487500 0.569444
367 4 0.435937 0.297222 0.495312 0.441667 0.682813 0.519444
364 4 0.473438 0.613889 0.557813 0.877778 0.753125 1.052778
125 4 0.221875 0.116667 0.253125 0.191667 0.348438 0.213889
