385 5 0.190625 0.052778 0.253125 0.130556 0.317188 0.119444
383 4 0.126562 0.433333 0.239063 0.594444 0.245312 0.730556
380 4 0.276562 0.033333 0.303125 0.083333 0.428125 0.075000
378 4 0.010937 0.491667 0.315625 1.002778 0.168750 0.991667
376 4 0.312500 0.019444 0.334375 0.061111 0.479687 0.050000
367 4 0.367188 0.097222 0.393750 0.138889 0.565625 0.166667
366 5 0.239063 0.233333 0.301563 0.352778 0.389062 0.408333
364 4 0.384375 0.130556 0.420312 0.194444 0.595313 0.227778
361 4 0.321875 0.280556 0.367188 0.377778 0.504687 0.469444
352 5 0.265625 0.094444 0.306250 0.197222 0.418750 0.194444
347 4 0.314063 0.080556 0.342187 0.136111 0.485938 0.150000
344 4 0.315625 0.138889 0.351562 0.208333 0.492188 0.244444
340 4 0.450000 0.827778 0.529687 1.008333 0.714063 1.333333
330 4 0.440625 0.294444 0.503125 0.436111 0.692187 0.513889
323 4 0.403125 0.200000 0.448437 0.277778 0.628125 0.338889
125 4 0.220312 0.119444 0.254688 0.186111 0.348438 0.213889
