391 4 0.364063 0.069444 0.387500 0.113889 0.557813 0.127778
390 4 0.264062 0.122222 0.304688 0.222222 0.415625 0.233333
389 4 0.278125 0.055556 0.303125 0.102778 0.429688 0.108333
388 4 0.315625 0.097222 0.345313 0.155556 0.489063 0.175000
378 4 0.007812 0.736111 0.262500 1.002778 0.139063 1.238889
367 4 0.371875 0.113889 0.401562 0.161111 0.571875 0.194444
366 5 0.221875 0.244444 0.293750 0.388889 0.368750 0.438889
364 4 0.393750 0.152778 0.432812 0.216667 0.610938 0.263889
361 4 0.307812 0.336111 0.364063 0.466667 0.490625 0.569444
352 5 0.264062 0.122222 0.303125 0.219444 0.415625 0.233333
344 4 0.315625 0.169444 0.353125 0.244444 0.493750 0.291667
330 4 0.460938 0.383333 0.518750 0.519444 0.720313 0.641667
323 4 0.418750 0.227778 0.460938 0.308333 0.648438 0.383333
125 4 0.221875 0.116667 0.253125 0.191667 0.348438 0.213889
