385 5 0.190625 0.052778 0.253125 0.130556 0.317188 0.119444
383 4 0.125000 0.433333 0.239063 0.594444 0.243750 0.730556
380 4 0.276562 0.033333 0.301563 0.083333 0.428125 0.077778
378 4 0.010937 0.502778 0.312500 1.002778 0.168750 1.005556
367 4 0.367188 0.100000 0.395313 0.138889 0.565625 0.169444
366 5 0.237500 0.225000 0.301563 0.352778 0.387500 0.402778
364 4 0.384375 0.130556 0.420312 0.194444 0.595313 0.227778
361 4 0.321875 0.280556 0.365625 0.380556 0.504687 0.472222
352 5 0.265625 0.094444 0.306250 0.197222 0.418750 0.194444
347 4 0.314063 0.080556 0.342187 0.136111 0.485938 0.150000
344 4 0.317188 0.141667 0.351562 0.211111 0.493750 0.247222
330 4 0.442188 0.294444 0.504687 0.441667 0.693750 0.516667
323 4 0.404687 0.200000 0.450000 0.277778 0.629687 0.338889
125 4 0.220312 0.116667 0.254688 0.186111 0.348438 0.211111
