39 4 0.309375 0.000000 0.326562 0.025000 0.473438 0.011111
38 4 0.346875 0.027778 0.368750 0.061111 0.532813 0.058333
37 4 0.318750 0.044444 0.337500 0.077778 0.487500 0.086111
36 5 0.271875 0.027778 0.304688 0.102778 0.425000 0.080556
30 4 0.275000 0.050000 0.303125 0.100000 0.428125 0.100000
25 4 0.381250 0.111111 0.410938 0.155556 0.587500 0.188889
24 4 0.410938 0.183333 0.450000 0.266667 0.635938 0.316667
23 4 0.325000 0.113889 0.353125 0.172222 0.501563 0.200000
22 4 0.317188 0.200000 0.356250 0.277778 0.496875 0.341667
19 4 0.268750 0.372222 0.328125 0.511111 0.432812 0.627778
5 4 0.220312 0.122222 0.262500 0.191667 0.351562 0.219444
