412 4 0.375000 0.097222 0.404687 0.158333 0.578125 0.177778
411 5 0.139063 0.383333 0.251563 0.572222 0.265625 0.669444
406 4 0.273438 0.119444 0.306250 0.169444 0.426563 0.205556
404 4 0.317188 0.061111 0.340625 0.105556 0.487500 0.116667
403 4 0.240625 0.208333 0.295312 0.344444 0.389062 0.380556
401 4 0.403125 0.166667 0.439063 0.241667 0.623437 0.288889
389 4 0.262500 0.155556 0.300000 0.236111 0.414062 0.275000
388 4 0.310937 0.300000 0.360938 0.411111 0.492188 0.505556
367 4 0.429688 0.297222 0.485938 0.402778 0.673438 0.500000
364 4 0.475000 0.513889 0.548438 0.705556 0.750000 0.866667
344 4 0.209375 0.577778 0.314063 0.816667 0.367188 0.986111
125 4 0.223438 0.119444 0.253125 0.188889 0.350000 0.213889
