408 5 0.193750 0.052778 0.251563 0.122222 0.320312 0.113889
407 4 0.206250 0.294444 0.271875 0.369444 0.342187 0.480556
406 4 0.268750 0.080556 0.306250 0.133333 0.423438 0.147222
404 4 0.315625 0.047222 0.335938 0.080556 0.484375 0.086111
403 5 0.250000 0.177778 0.298438 0.297222 0.400000 0.327778
401 4 0.384375 0.122222 0.412500 0.175000 0.590625 0.211111
398 4 0.001563 0.819444 0.101562 1.005556 0.053125 1.322222
395 4 0.364063 0.075000 0.392188 0.125000 0.559375 0.136111
389 4 0.264062 0.122222 0.304688 0.191667 0.417187 0.219444
388 4 0.325000 0.208333 0.364063 0.286111 0.506250 0.352778
383 4 0.096875 0.500000 0.212500 0.708333 0.204687 0.855556
367 4 0.400000 0.200000 0.448437 0.280556 0.623437 0.341667
364 4 0.448437 0.300000 0.501563 0.411111 0.700000 0.505556
352 4 0.251563 0.180556 0.296875 0.297222 0.400000 0.327778
344 4 0.300000 0.352778 0.353125 0.483333 0.476562 0.594444
323 4 0.470313 0.508333 0.543750 0.700000 0.743750 0.858333
125 4 0.221875 0.116667 0.254688 0.191667 0.348438 0.213889
