396 4 0.312500 0.002778 0.328125 0.027778 0.476562 0.016667
395 4 0.353125 0.044444 0.375000 0.088889 0.540625 0.088889
392 4 0.314063 0.030556 0.337500 0.069444 0.482812 0.066667
391 4 0.367188 0.083333 0.390625 0.119444 0.562500 0.144444
390 4 0.260937 0.133333 0.301563 0.236111 0.412500 0.252778
389 4 0.275000 0.061111 0.304688 0.119444 0.428125 0.122222
388 4 0.314063 0.108333 0.346875 0.166667 0.487500 0.191667
378 4 0.010937 0.891667 0.182812 1.002778 0.101562 1.394444
367 4 0.375000 0.125000 0.406250 0.175000 0.578125 0.211111
366 5 0.223438 0.255556 0.289062 0.388889 0.367188 0.452778
364 4 0.396875 0.163889 0.439063 0.255556 0.617188 0.291667
361 4 0.301563 0.380556 0.357812 0.516667 0.481250 0.638889
352 5 0.260937 0.125000 0.303125 0.241667 0.412500 0.247222
344 4 0.318750 0.191667 0.354687 0.269444 0.496875 0.325000
330 4 0.464062 0.419444 0.526563 0.577778 0.728125 0.708333
323 4 0.425000 0.238889 0.473438 0.336111 0.662500 0.408333
125 4 0.221875 0.116667 0.253125 0.191667 0.348438 0.213889
