406 4 0.270313 0.088889 0.307812 0.147222 0.425000 0.163889
404 4 0.317188 0.052778 0.339062 0.091667 0.487500 0.100000
403 4 0.246875 0.191667 0.296875 0.319444 0.396875 0.352778
401 4 0.390625 0.133333 0.425000 0.194444 0.603125 0.230556
400 5 0.168750 0.358333 0.260937 0.511111 0.300000 0.613889
395 4 0.365625 0.075000 0.396875 0.136111 0.564063 0.144444
392 4 0.326562 0.086111 0.350000 0.127778 0.501563 0.150000
389 4 0.270313 0.144444 0.303125 0.208333 0.421875 0.250000
388 4 0.318750 0.244444 0.364063 0.333333 0.501563 0.413889
383 4 0.071875 0.547222 0.196875 0.766667 0.170313 0.930556
367 4 0.417187 0.238889 0.462500 0.327778 0.648438 0.402778
364 4 0.460938 0.361111 0.518750 0.502778 0.720313 0.613889
344 4 0.275000 0.425000 0.343750 0.597222 0.446875 0.725000
323 4 0.473438 0.708333 0.565625 1.005556 0.756250 1.213889
125 4 0.221875 0.116667 0.253125 0.188889 0.348438 0.213889
