380 4 0.275000 0.030556 0.303125 0.077778 0.426563 0.069444
378 4 0.009375 0.452778 0.331250 0.997222 0.176563 0.952778
367 4 0.367188 0.094444 0.393750 0.136111 0.565625 0.163889
366 5 0.237500 0.227778 0.300000 0.350000 0.389062 0.402778
364 4 0.382812 0.130556 0.417187 0.188889 0.592187 0.225000
361 4 0.320312 0.263889 0.368750 0.363889 0.504687 0.444444
352 5 0.267188 0.094444 0.304688 0.186111 0.420312 0.186111
347 4 0.314063 0.080556 0.340625 0.127778 0.484375 0.144444
344 4 0.312500 0.133333 0.348438 0.202778 0.487500 0.236111
340 4 0.453125 0.747222 0.534375 1.005556 0.720313 1.250000
330 4 0.442188 0.297222 0.501563 0.419444 0.693750 0.508333
323 4 0.398438 0.186111 0.445312 0.277778 0.621875 0.325000
125 4 0.218750 0.119444 0.256250 0.188889 0.346875 0.213889
