401 4 0.376563 0.100000 0.404687 0.150000 0.579688 0.175000
400 5 0.196875 0.302778 0.276562 0.450000 0.334375 0.527778
398 4 0.001563 0.725000 0.142187 1.000000 0.073438 1.225000
395 4 0.359375 0.058333 0.387500 0.111111 0.553125 0.116667
392 4 0.321875 0.052778 0.340625 0.094444 0.492188 0.100000
389 4 0.270313 0.100000 0.304688 0.169444 0.423438 0.186111
388 4 0.320312 0.161111 0.357812 0.233333 0.500000 0.277778
383 4 0.117188 0.461111 0.218750 0.658333 0.226562 0.791667
367 4 0.389062 0.155556 0.432812 0.250000 0.606250 0.280556
364 4 0.431250 0.238889 0.478125 0.333333 0.670312 0.405556
361 4 0.200000 0.669444 0.315625 0.966667 0.357812 1.152778
352 4 0.256250 0.166667 0.300000 0.277778 0.407813 0.305556
344 4 0.312500 0.286111 0.357812 0.388889 0.492188 0.480556
323 4 0.459375 0.363889 0.518750 0.513889 0.718750 0.619444
125 4 0.220312 0.116667 0.253125 0.194444 0.346875 0.213889
