387 4 0.359375 0.069444 0.387500 0.108333 0.553125 0.125000
378 4 0.003125 0.558333 0.287500 0.994444 0.146875 1.055556
367 4 0.368750 0.105556 0.396875 0.152778 0.568750 0.183333
366 5 0.225000 0.236111 0.300000 0.375000 0.375000 0.425000
364 4 0.390625 0.144444 0.425000 0.202778 0.603125 0.247222
361 4 0.310937 0.294444 0.368750 0.422222 0.495312 0.508333
352 5 0.264062 0.105556 0.306250 0.213889 0.417187 0.213889
344 4 0.315625 0.147222 0.356250 0.230556 0.493750 0.263889
330 4 0.448437 0.338889 0.512500 0.477778 0.706250 0.577778
323 4 0.409375 0.213889 0.459375 0.286111 0.640625 0.355556
125 4 0.221875 0.119444 0.254688 0.191667 0.350000 0.213889
