388 4 0.317188 0.088889 0.345313 0.150000 0.489063 0.163889
386 4 0.248438 0.230556 0.290625 0.272222 0.393750 0.366667
383 4 0.134375 0.425000 0.245312 0.611111 0.257812 0.733333
367 4 0.370312 0.105556 0.398438 0.152778 0.570312 0.183333
366 5 0.223438 0.244444 0.296875 0.377778 0.371875 0.433333
364 4 0.392188 0.147222 0.428125 0.211111 0.606250 0.252778
361 4 0.312500 0.313889 0.365625 0.433333 0.495312 0.530556
352 5 0.262500 0.111111 0.304688 0.216667 0.415625 0.219444
344 4 0.315625 0.147222 0.359375 0.233333 0.495312 0.263889
330 4 0.457813 0.358333 0.515625 0.494444 0.715625 0.605556
323 4 0.412500 0.213889 0.460938 0.291667 0.643750 0.358333
125 4 0.221875 0.116667 0.254688 0.188889 0.350000 0.211111
