386 4 0.246875 0.227778 0.290625 0.272222 0.393750 0.363889
385 5 0.192188 0.052778 0.251563 0.130556 0.318750 0.119444
367 4 0.370312 0.105556 0.398438 0.152778 0.570312 0.180556
366 5 0.225000 0.247222 0.300000 0.377778 0.375000 0.436111
364 4 0.390625 0.144444 0.425000 0.202778 0.603125 0.247222
361 4 0.310937 0.302778 0.367188 0.427778 0.495312 0.519444
352 5 0.262500 0.108333 0.304688 0.216667 0.415625 0.216667
344 4 0.315625 0.150000 0.356250 0.230556 0.493750 0.266667
330 4 0.450000 0.341667 0.514062 0.486111 0.706250 0.583333
323 4 0.410938 0.211111 0.460938 0.288889 0.642188 0.358333
125 4 0.221875 0.116667 0.254688 0.188889 0.350000 0.211111
