385 5 0.190625 0.052778 0.253125 0.133333 0.317188 0.119444
383 4 0.135937 0.433333 0.237500 0.591667 0.254688 0.727778
380 4 0.275000 0.036111 0.304688 0.088889 0.428125 0.083333
367 4 0.368750 0.100000 0.395313 0.144444 0.567187 0.172222
366 5 0.235937 0.230556 0.300000 0.363889 0.385937 0.413889
364 4 0.387500 0.141667 0.421875 0.202778 0.600000 0.244444
361 4 0.314063 0.288889 0.367188 0.400000 0.496875 0.488889
352 5 0.264062 0.094444 0.306250 0.205556 0.417187 0.197222
344 4 0.314063 0.141667 0.354687 0.222222 0.492188 0.252778
330 4 0.446875 0.330556 0.507812 0.463889 0.701562 0.563889
323 4 0.406250 0.205556 0.451562 0.280556 0.631250 0.347222
125 4 0.220312 0.119444 0.254688 0.186111 0.348438 0.213889
