389 4 0.278125 0.050000 0.304688 0.100000 0.429688 0.100000
388 4 0.317188 0.088889 0.343750 0.150000 0.489063 0.163889
386 4 0.250000 0.233333 0.292187 0.272222 0.395313 0.369444
378 4 0.009375 0.641667 0.281250 1.005556 0.150000 1.147222
367 4 0.370312 0.105556 0.398438 0.152778 0.570312 0.180556
366 5 0.223438 0.244444 0.296875 0.377778 0.371875 0.433333
364 4 0.392188 0.147222 0.429688 0.213889 0.606250 0.255556
361 4 0.310937 0.311111 0.365625 0.436111 0.493750 0.530556
352 5 0.262500 0.113889 0.303125 0.219444 0.414062 0.225000
344 4 0.314063 0.150000 0.357812 0.236111 0.493750 0.269444
330 4 0.457813 0.366667 0.514062 0.497222 0.715625 0.613889
323 4 0.414062 0.213889 0.460938 0.294444 0.645312 0.361111
125 4 0.221875 0.116667 0.253125 0.188889 0.348438 0.211111
