392 4 0.314063 0.033333 0.335938 0.069444 0.482812 0.069444
391 4 0.367188 0.083333 0.390625 0.119444 0.562500 0.144444
390 4 0.262500 0.133333 0.303125 0.233333 0.414062 0.250000
389 4 0.275000 0.061111 0.304688 0.116667 0.428125 0.122222
388 4 0.312500 0.105556 0.346875 0.166667 0.487500 0.188889
378 4 0.007812 0.852778 0.204687 1.002778 0.110937 1.355556
367 4 0.376563 0.122222 0.404687 0.169444 0.578125 0.208333
366 5 0.225000 0.261111 0.290625 0.394444 0.370312 0.461111
364 4 0.396875 0.161111 0.437500 0.238889 0.615625 0.280556
361 4 0.301563 0.375000 0.359375 0.505556 0.481250 0.627778
352 5 0.260937 0.125000 0.303125 0.236111 0.412500 0.244444
344 4 0.317188 0.188889 0.354687 0.266667 0.495312 0.322222
330 4 0.462500 0.411111 0.526563 0.563889 0.726562 0.694444
323 4 0.423438 0.241667 0.470313 0.336111 0.659375 0.408333
125 4 0.221875 0.116667 0.253125 0.191667 0.348438 0.213889
