407 4 0.206250 0.297222 0.271875 0.366667 0.343750 0.483333
406 4 0.270313 0.080556 0.307812 0.130556 0.425000 0.147222
404 4 0.317188 0.047222 0.337500 0.080556 0.485938 0.086111
403 4 0.250000 0.183333 0.298438 0.302778 0.400000 0.336111
401 4 0.384375 0.125000 0.415625 0.177778 0.592187 0.213889
400 5 0.182812 0.341667 0.265625 0.480556 0.317188 0.583333
398 4 0.001563 0.850000 0.090625 1.000000 0.046875 1.350000
395 4 0.364063 0.075000 0.392188 0.125000 0.559375 0.138889
392 4 0.325000 0.075000 0.346875 0.113889 0.498437 0.133333
389 4 0.265625 0.127778 0.306250 0.194444 0.418750 0.225000
388 4 0.325000 0.211111 0.365625 0.288889 0.507812 0.355556
383 4 0.098437 0.511111 0.209375 0.716667 0.203125 0.869444
367 4 0.401562 0.208333 0.448437 0.286111 0.625000 0.352778
364 4 0.448437 0.297222 0.506250 0.425000 0.701562 0.511111
352 5 0.251563 0.183333 0.298438 0.302778 0.401562 0.336111
344 4 0.296875 0.369444 0.350000 0.505556 0.471875 0.622222
323 4 0.473438 0.538889 0.551562 0.747222 0.750000 0.913889
125 4 0.220312 0.116667 0.254688 0.194444 0.348438 0.216667
