406 4 0.270313 0.075000 0.303125 0.116667 0.421875 0.133333
405 4 0.189062 0.338889 0.270313 0.463889 0.325000 0.572222
403 5 0.251563 0.169444 0.298438 0.294444 0.401562 0.316667
401 4 0.379688 0.116667 0.409375 0.163889 0.584375 0.197222
400 5 0.189062 0.336111 0.268750 0.466667 0.325000 0.569444
398 4 0.000000 0.766667 0.118750 0.997222 0.059375 1.266667
395 4 0.360938 0.069444 0.387500 0.119444 0.554688 0.127778
389 4 0.267188 0.113889 0.307812 0.180556 0.421875 0.205556
388 4 0.321875 0.188889 0.360938 0.261111 0.503125 0.319444
383 4 0.112500 0.488889 0.221875 0.677778 0.223438 0.827778
367 4 0.395313 0.180556 0.437500 0.277778 0.614062 0.319444
364 4 0.439063 0.266667 0.490625 0.369444 0.684375 0.452778
361 4 0.165625 0.794444 0.293750 1.005556 0.312500 1.297222
352 4 0.251563 0.172222 0.298438 0.291667 0.401562 0.319444
344 4 0.306250 0.316667 0.356250 0.436111 0.484375 0.533333
323 4 0.467187 0.430556 0.531250 0.611111 0.732812 0.736111
125 4 0.221875 0.119444 0.253125 0.188889 0.348438 0.213889
