412 4 0.368750 0.077778 0.403125 0.152778 0.570312 0.155556
411 5 0.151562 0.375000 0.256250 0.541667 0.279687 0.644444
406 4 0.273438 0.111111 0.307812 0.163889 0.428125 0.194444
404 4 0.317188 0.058333 0.340625 0.102778 0.487500 0.111111
403 4 0.242188 0.200000 0.295312 0.336111 0.390625 0.369444
401 4 0.398438 0.152778 0.434375 0.222222 0.615625 0.263889
389 4 0.264062 0.141667 0.303125 0.227778 0.415625 0.258333
388 4 0.312500 0.286111 0.364063 0.386111 0.495312 0.480556
367 4 0.426563 0.275000 0.476562 0.375000 0.665625 0.463889
364 4 0.470313 0.455556 0.535937 0.630556 0.739062 0.772222
344 4 0.234375 0.525000 0.326562 0.738889 0.398438 0.894444
125 4 0.220312 0.122222 0.254688 0.211111 0.348438 0.227778
