398 4 0.001563 0.633333 0.164062 0.950000 0.084375 1.111111
395 4 0.356250 0.050000 0.379688 0.097222 0.546875 0.100000
392 4 0.317188 0.044444 0.339062 0.077778 0.487500 0.083333
390 4 0.257812 0.144444 0.303125 0.261111 0.410938 0.277778
389 4 0.270313 0.077778 0.303125 0.144444 0.423438 0.150000
388 4 0.314063 0.125000 0.350000 0.194444 0.489063 0.222222
383 4 0.135937 0.433333 0.232813 0.619444 0.253125 0.744444
367 4 0.376563 0.130556 0.414062 0.197222 0.584375 0.227778
366 5 0.212500 0.288889 0.287500 0.416667 0.356250 0.497222
364 4 0.410938 0.191667 0.454688 0.272222 0.639062 0.330556
361 4 0.270313 0.477778 0.346875 0.658333 0.445312 0.808333
344 4 0.317188 0.222222 0.359375 0.316667 0.496875 0.380556
330 4 0.476562 0.530556 0.553125 0.741667 0.753125 0.900000
323 4 0.440625 0.294444 0.493750 0.394444 0.689063 0.491667
125 4 0.221875 0.116667 0.253125 0.191667 0.348438 0.213889
