417 4 0.234375 0.222222 0.292187 0.361111 0.381250 0.402778
416 4 0.153125 0.702778 0.290625 1.005556 0.300000 1.205556
414 4 0.000000 0.713889 0.129688 0.997222 0.065625 1.213889
406 4 0.271875 0.133333 0.310937 0.186111 0.428125 0.225000
403 5 0.235937 0.216667 0.292187 0.363889 0.382812 0.400000
401 4 0.409375 0.197222 0.453125 0.277778 0.635938 0.336111
395 4 0.379688 0.111111 0.410938 0.180556 0.584375 0.202778
389 4 0.260937 0.169444 0.300000 0.247222 0.410938 0.294444
388 4 0.301563 0.358333 0.357812 0.477778 0.481250 0.597222
367 4 0.437500 0.333333 0.490625 0.461111 0.682813 0.563889
364 4 0.470313 0.691667 0.556250 0.991667 0.748437 1.188889
125 4 0.221875 0.119444 0.254688 0.191667 0.350000 0.213889
