400 5 0.201563 0.308333 0.278125 0.438889 0.340625 0.530556
399 4 0.221875 0.272222 0.282813 0.327778 0.364063 0.436111
398 4 0.003125 0.686111 0.156250 1.000000 0.081250 1.186111
395 4 0.356250 0.055556 0.385937 0.105556 0.550000 0.108333
392 4 0.318750 0.050000 0.342187 0.088889 0.490625 0.094444
389 4 0.271875 0.091667 0.304688 0.161111 0.425000 0.175000
388 4 0.315625 0.147222 0.357812 0.222222 0.495312 0.258333
383 4 0.129688 0.455556 0.225000 0.641667 0.242188 0.777778
367 4 0.387500 0.150000 0.423438 0.219444 0.600000 0.261111
364 4 0.425000 0.222222 0.470313 0.311111 0.660937 0.377778
361 4 0.229687 0.608333 0.328125 0.850000 0.393750 1.033333
352 4 0.256250 0.158333 0.300000 0.275000 0.406250 0.297222
344 4 0.314063 0.261111 0.360938 0.361111 0.495312 0.444444
330 4 0.479687 0.686111 0.578125 1.008333 0.768750 1.188889
323 4 0.451562 0.336111 0.510938 0.469444 0.707812 0.572222
125 4 0.221875 0.119444 0.253125 0.191667 0.348438 0.213889
