44 4 0.275000 0.030556 0.303125 0.063889 0.426563 0.063889
42 4 0.317188 0.025000 0.335938 0.061111 0.485938 0.058333
39 4 0.309375 0.000000 0.326562 0.025000 0.473438 0.013889
38 4 0.348438 0.030556 0.370312 0.061111 0.532813 0.061111
31 5 0.271875 0.119444 0.312500 0.197222 0.428125 0.219444
30 4 0.275000 0.055556 0.303125 0.102778 0.428125 0.108333
25 4 0.382812 0.113889 0.412500 0.158333 0.589063 0.194444
24 4 0.414062 0.186111 0.454688 0.275000 0.642188 0.325000
23 4 0.325000 0.116667 0.354687 0.175000 0.503125 0.205556
22 4 0.317188 0.211111 0.356250 0.286111 0.495312 0.355556
19 4 0.260937 0.391667 0.325000 0.536111 0.423438 0.658333
16 4 0.112500 0.738889 0.248438 1.008333 0.237500 1.244444
5 4 0.221875 0.122222 0.262500 0.188889 0.353125 0.216667
