381 5 0.190625 0.052778 0.254688 0.127778 0.318750 0.116667
378 4 0.006250 0.422222 0.339062 0.994444 0.175000 0.919444
367 4 0.365625 0.091667 0.392188 0.133333 0.562500 0.158333
366 5 0.240625 0.213889 0.303125 0.344444 0.392188 0.386111
364 4 0.381250 0.125000 0.415625 0.183333 0.589063 0.216667
361 4 0.323437 0.258333 0.368750 0.347222 0.507812 0.430556
352 5 0.267188 0.088889 0.304688 0.183333 0.418750 0.180556
347 4 0.314063 0.075000 0.340625 0.125000 0.484375 0.138889
344 4 0.312500 0.130556 0.348438 0.194444 0.487500 0.227778
330 4 0.440625 0.297222 0.500000 0.405556 0.690625 0.500000
323 4 0.396875 0.183333 0.442188 0.275000 0.618750 0.322222
125 4 0.218750 0.125000 0.256250 0.188889 0.348438 0.219444
