392 4 0.315625 0.036111 0.337500 0.069444 0.485938 0.072222
391 4 0.367188 0.080556 0.389062 0.119444 0.562500 0.141667
390 4 0.262500 0.125000 0.304688 0.222222 0.415625 0.236111
389 4 0.278125 0.058333 0.301563 0.105556 0.428125 0.111111
388 4 0.312500 0.100000 0.345313 0.158333 0.485938 0.180556
383 4 0.140625 0.422222 0.250000 0.611111 0.265625 0.727778
378 4 0.007812 0.763889 0.256250 1.002778 0.135937 1.263889
367 4 0.373437 0.116667 0.403125 0.163889 0.576562 0.200000
366 5 0.221875 0.238889 0.292187 0.388889 0.368750 0.436111
364 4 0.395313 0.158333 0.434375 0.225000 0.612500 0.272222
361 4 0.306250 0.347222 0.364063 0.477778 0.489063 0.586111
352 5 0.262500 0.125000 0.303125 0.225000 0.414062 0.238889
344 4 0.317188 0.175000 0.353125 0.252778 0.493750 0.302778
330 4 0.460938 0.391667 0.521875 0.536111 0.721875 0.661111
323 4 0.420312 0.233333 0.462500 0.311111 0.651563 0.388889
125 4 0.220312 0.116667 0.254688 0.191667 0.348438 0.213889
