406 4 0.271875 0.125000 0.307812 0.177778 0.426563 0.213889
404 4 0.317188 0.061111 0.342187 0.108333 0.489063 0.116667
403 4 0.237500 0.211111 0.293750 0.358333 0.384375 0.388889
401 4 0.400000 0.172222 0.445312 0.275000 0.623437 0.311111
395 4 0.373437 0.077778 0.407813 0.166667 0.578125 0.161111
389 4 0.264062 0.158333 0.300000 0.238889 0.414062 0.277778
388 4 0.309375 0.311111 0.362500 0.436111 0.490625 0.530556
367 4 0.432812 0.297222 0.489063 0.413889 0.678125 0.505556
364 4 0.475000 0.558333 0.553125 0.769444 0.751563 0.944444
344 4 0.198437 0.616667 0.306250 0.875000 0.351562 1.055556
125 4 0.221875 0.119444 0.253125 0.188889 0.350000 0.213889
