390 4 0.262500 0.127778 0.304688 0.227778 0.415625 0.241667
389 4 0.273438 0.058333 0.303125 0.113889 0.425000 0.116667
388 4 0.312500 0.102778 0.346875 0.166667 0.485938 0.186111
383 4 0.139063 0.427778 0.239063 0.608333 0.259375 0.733333
367 4 0.373437 0.116667 0.404687 0.166667 0.576562 0.200000
366 5 0.221875 0.244444 0.290625 0.388889 0.367188 0.438889
364 4 0.395313 0.166667 0.437500 0.250000 0.614062 0.291667
361 4 0.303125 0.366667 0.360938 0.497222 0.482812 0.616667
344 4 0.317188 0.183333 0.354687 0.261111 0.495312 0.313889
330 4 0.460938 0.405556 0.525000 0.555556 0.723437 0.683333
323 4 0.423438 0.236111 0.467187 0.319444 0.656250 0.397222
125 4 0.220312 0.116667 0.254688 0.194444 0.348438 0.216667
