391 4 0.367188 0.083333 0.390625 0.119444 0.562500 0.144444
390 4 0.262500 0.125000 0.304688 0.225000 0.415625 0.238889
389 4 0.275000 0.058333 0.303125 0.111111 0.426563 0.113889
388 4 0.312500 0.102778 0.346875 0.163889 0.485938 0.186111
383 4 0.135937 0.427778 0.240625 0.613889 0.257812 0.736111
367 4 0.375000 0.119444 0.404687 0.166667 0.576562 0.202778
366 5 0.221875 0.241667 0.292187 0.388889 0.368750 0.436111
364 4 0.395313 0.161111 0.435937 0.236111 0.614062 0.280556
361 4 0.304688 0.361111 0.360938 0.494444 0.485938 0.608333
344 4 0.317188 0.183333 0.354687 0.258333 0.495312 0.311111
330 4 0.462500 0.400000 0.525000 0.547222 0.725000 0.672222
323 4 0.421875 0.236111 0.465625 0.316667 0.656250 0.394444
125 4 0.220312 0.119444 0.254688 0.197222 0.348438 0.219444
