395 4 0.356250 0.047222 0.379688 0.088889 0.546875 0.094444
392 4 0.315625 0.038889 0.335938 0.075000 0.484375 0.077778
391 4 0.368750 0.083333 0.393750 0.125000 0.565625 0.147222
390 4 0.260937 0.138889 0.303125 0.244444 0.412500 0.261111
389 4 0.276562 0.072222 0.304688 0.125000 0.429688 0.136111
388 4 0.314063 0.116667 0.346875 0.175000 0.487500 0.202778
383 4 0.128125 0.425000 0.237500 0.616667 0.246875 0.733333
367 4 0.375000 0.122222 0.407813 0.180556 0.578125 0.213889
366 5 0.221875 0.272222 0.290625 0.402778 0.367188 0.475000
364 4 0.401562 0.175000 0.445312 0.272222 0.625000 0.311111
361 4 0.295312 0.411111 0.354687 0.563889 0.471875 0.694444
352 5 0.260937 0.136111 0.303125 0.244444 0.412500 0.258333
344 4 0.315625 0.202778 0.354687 0.286111 0.493750 0.347222
330 4 0.468750 0.455556 0.537500 0.630556 0.739062 0.772222
323 4 0.432812 0.261111 0.481250 0.355556 0.673438 0.438889
125 4 0.221875 0.119444 0.253125 0.188889 0.348438 0.213889
