406 4 0.275000 0.116667 0.307812 0.169444 0.428125 0.202778
404 4 0.318750 0.061111 0.339062 0.105556 0.489063 0.113889
403 4 0.239063 0.205556 0.293750 0.341667 0.387500 0.375000
395 5 0.370312 0.075000 0.406250 0.158333 0.573438 0.155556
389 4 0.262500 0.150000 0.303125 0.236111 0.414062 0.269444
388 4 0.310937 0.297222 0.360938 0.402778 0.492188 0.500000
367 4 0.429688 0.291667 0.484375 0.394444 0.671875 0.488889
364 4 0.473438 0.488889 0.542188 0.669444 0.745313 0.825000
344 4 0.220312 0.561111 0.317188 0.786111 0.379688 0.955556
125 4 0.221875 0.116667 0.253125 0.194444 0.348438 0.213889
