406 4 0.270313 0.083333 0.307812 0.136111 0.423438 0.152778
404 4 0.315625 0.047222 0.335938 0.080556 0.484375 0.088889
403 5 0.250000 0.188889 0.298438 0.305556 0.400000 0.341667
401 4 0.384375 0.130556 0.418750 0.186111 0.593750 0.222222
400 5 0.175000 0.347222 0.260937 0.491667 0.306250 0.594444
398 4 0.000000 0.866667 0.076563 0.997222 0.037500 1.363889
395 4 0.364063 0.075000 0.393750 0.130556 0.560937 0.138889
392 4 0.325000 0.077778 0.346875 0.119444 0.498437 0.138889
389 4 0.267188 0.136111 0.304688 0.197222 0.420312 0.236111
388 4 0.321875 0.222222 0.362500 0.302778 0.503125 0.375000
383 4 0.087500 0.516667 0.204687 0.730556 0.190625 0.880556
367 4 0.407813 0.213889 0.456250 0.300000 0.635938 0.363889
364 4 0.451562 0.300000 0.512500 0.444444 0.707812 0.522222
352 4 0.250000 0.188889 0.296875 0.308333 0.398438 0.344444
344 4 0.287500 0.383333 0.350000 0.533333 0.462500 0.650000
323 4 0.473438 0.586111 0.551562 0.819444 0.750000 0.997222
125 4 0.220312 0.119444 0.254688 0.194444 0.348438 0.216667
