403 4 0.253125 0.169444 0.298438 0.294444 0.403125 0.316667
401 4 0.379688 0.111111 0.407813 0.161111 0.584375 0.191667
400 5 0.193750 0.333333 0.270313 0.463889 0.328125 0.566667
398 4 0.003125 0.761111 0.129688 1.000000 0.067187 1.261111
395 4 0.360938 0.061111 0.385937 0.111111 0.554688 0.116667
392 4 0.321875 0.058333 0.342187 0.100000 0.493750 0.108333
389 4 0.264062 0.111111 0.304688 0.180556 0.415625 0.202778
388 4 0.325000 0.186111 0.359375 0.255556 0.504687 0.313889
383 4 0.115625 0.480556 0.221875 0.672222 0.226562 0.819444
367 4 0.395313 0.175000 0.435937 0.277778 0.614062 0.316667
364 4 0.437500 0.261111 0.487500 0.358333 0.681250 0.441667
361 4 0.168750 0.763889 0.293750 1.008333 0.317188 1.269444
352 5 0.253125 0.172222 0.300000 0.288889 0.403125 0.316667
344 4 0.309375 0.308333 0.357812 0.425000 0.487500 0.522222
323 4 0.465625 0.413889 0.529687 0.572222 0.731250 0.700000
125 4 0.221875 0.119444 0.253125 0.191667 0.348438 0.216667
