406 4 0.270313 0.075000 0.301563 0.113889 0.421875 0.133333
405 4 0.189062 0.336111 0.270313 0.463889 0.325000 0.569444
404 4 0.317188 0.044444 0.334375 0.075000 0.484375 0.080556
403 5 0.253125 0.169444 0.298438 0.291667 0.403125 0.316667
401 4 0.379688 0.113889 0.407813 0.161111 0.584375 0.194444
400 5 0.190625 0.333333 0.270313 0.466667 0.325000 0.569444
398 4 0.001563 0.761111 0.126562 1.000000 0.064062 1.261111
395 4 0.359375 0.061111 0.387500 0.113889 0.553125 0.116667
389 4 0.265625 0.113889 0.304688 0.180556 0.417187 0.205556
388 4 0.325000 0.186111 0.359375 0.255556 0.504687 0.316667
383 4 0.115625 0.483333 0.221875 0.675000 0.226562 0.822222
367 4 0.395313 0.177778 0.435937 0.277778 0.614062 0.316667
364 4 0.437500 0.261111 0.487500 0.361111 0.681250 0.444444
361 4 0.168750 0.775000 0.293750 1.008333 0.315625 1.277778
352 4 0.253125 0.172222 0.300000 0.291667 0.403125 0.319444
344 4 0.307812 0.311111 0.357812 0.430556 0.487500 0.527778
323 4 0.465625 0.422222 0.529687 0.583333 0.731250 0.713889
125 4 0.221875 0.119444 0.253125 0.188889 0.348438 0.213889
