406 4 0.271875 0.100000 0.304688 0.152778 0.425000 0.177778
404 4 0.317188 0.058333 0.339062 0.097222 0.487500 0.108333
403 4 0.245312 0.197222 0.295312 0.325000 0.393750 0.361111
401 4 0.395313 0.150000 0.428125 0.213889 0.609375 0.258333
400 5 0.164062 0.377778 0.254688 0.525000 0.292187 0.641667
395 4 0.367188 0.077778 0.401562 0.144444 0.568750 0.150000
392 4 0.326562 0.091667 0.351562 0.138889 0.503125 0.161111
389 4 0.267188 0.147222 0.303125 0.222222 0.418750 0.258333
388 4 0.314063 0.263889 0.362500 0.358333 0.496875 0.444444
367 4 0.423438 0.258333 0.470313 0.352778 0.659375 0.436111
364 4 0.467187 0.411111 0.526563 0.561111 0.729688 0.691667
344 4 0.250000 0.469444 0.337500 0.677778 0.418750 0.808333
125 4 0.220312 0.119444 0.254688 0.202778 0.348438 0.219444
