400 5 0.200000 0.308333 0.278125 0.438889 0.339062 0.530556
399 4 0.223438 0.272222 0.284375 0.325000 0.365625 0.433333
398 4 0.003125 0.683333 0.156250 0.997222 0.081250 1.183333
395 4 0.356250 0.055556 0.385937 0.105556 0.550000 0.108333
392 4 0.318750 0.050000 0.342187 0.088889 0.490625 0.094444
389 4 0.271875 0.091667 0.304688 0.161111 0.425000 0.172222
388 4 0.314063 0.144444 0.357812 0.219444 0.493750 0.255556
383 4 0.131250 0.455556 0.226562 0.636111 0.245312 0.775000
367 4 0.387500 0.150000 0.421875 0.219444 0.598437 0.261111
364 4 0.425000 0.219444 0.468750 0.308333 0.659375 0.375000
361 4 0.231250 0.594444 0.331250 0.833333 0.396875 1.011111
352 4 0.256250 0.158333 0.301563 0.275000 0.407813 0.297222
344 4 0.315625 0.261111 0.359375 0.358333 0.495312 0.438889
330 4 0.479687 0.675000 0.578125 1.000000 0.768750 1.175000
323 4 0.450000 0.333333 0.509375 0.466667 0.704688 0.566667
125 4 0.220312 0.116667 0.253125 0.191667 0.348438 0.213889
