395 4 0.356250 0.047222 0.381250 0.091667 0.546875 0.094444
392 4 0.315625 0.038889 0.337500 0.075000 0.484375 0.077778
391 4 0.367188 0.083333 0.393750 0.125000 0.565625 0.147222
390 4 0.260937 0.138889 0.303125 0.244444 0.414062 0.261111
389 4 0.276562 0.072222 0.304688 0.125000 0.429688 0.136111
388 4 0.314063 0.116667 0.348438 0.175000 0.489063 0.205556
383 4 0.131250 0.425000 0.239063 0.616667 0.250000 0.733333
367 4 0.373437 0.122222 0.409375 0.183333 0.578125 0.213889
366 5 0.220312 0.280556 0.289062 0.405556 0.365625 0.483333
364 4 0.401562 0.175000 0.446875 0.275000 0.626563 0.313889
361 4 0.292187 0.413889 0.353125 0.566667 0.470313 0.697222
352 5 0.260937 0.136111 0.303125 0.247222 0.412500 0.261111
344 4 0.317188 0.205556 0.354687 0.288889 0.493750 0.350000
330 4 0.471875 0.463889 0.539062 0.636111 0.740625 0.783333
323 4 0.432812 0.261111 0.481250 0.355556 0.673438 0.438889
125 4 0.220312 0.116667 0.253125 0.188889 0.346875 0.211111
