376 4 0.312500 0.016667 0.332813 0.058333 0.479687 0.044444
367 4 0.365625 0.088889 0.390625 0.127778 0.560937 0.155556
366 5 0.242188 0.205556 0.303125 0.338889 0.393750 0.375000
364 4 0.379688 0.125000 0.414062 0.180556 0.587500 0.216667
361 4 0.323437 0.250000 0.365625 0.336111 0.506250 0.419444
352 5 0.268750 0.080556 0.307812 0.180556 0.421875 0.172222
347 4 0.312500 0.075000 0.339062 0.122222 0.481250 0.136111
344 4 0.315625 0.127778 0.350000 0.191667 0.490625 0.225000
330 4 0.435937 0.291667 0.496875 0.400000 0.684375 0.491667
323 4 0.393750 0.177778 0.439063 0.269444 0.614062 0.313889
125 4 0.218750 0.130556 0.256250 0.188889 0.346875 0.225000
