391 4 0.367188 0.083333 0.389062 0.119444 0.562500 0.141667
390 4 0.262500 0.125000 0.304688 0.222222 0.415625 0.236111
389 4 0.276562 0.058333 0.301563 0.108333 0.428125 0.113889
388 4 0.312500 0.100000 0.346875 0.163889 0.485938 0.183333
383 4 0.131250 0.427778 0.242188 0.619444 0.253125 0.738889
367 4 0.375000 0.119444 0.403125 0.166667 0.576562 0.202778
366 5 0.221875 0.241667 0.292187 0.388889 0.368750 0.436111
364 4 0.395313 0.161111 0.435937 0.227778 0.614062 0.275000
361 4 0.304688 0.355556 0.362500 0.488889 0.485938 0.600000
344 4 0.317188 0.180556 0.353125 0.255556 0.495312 0.308333
330 4 0.462500 0.394444 0.525000 0.541667 0.725000 0.666667
323 4 0.421875 0.233333 0.464062 0.316667 0.653125 0.391667
125 4 0.220312 0.119444 0.254688 0.197222 0.348438 0.219444
