401 4 0.378125 0.108333 0.406250 0.158333 0.581250 0.188889
400 5 0.198437 0.316667 0.273438 0.452778 0.335938 0.544444
398 4 0.003125 0.736111 0.134375 0.997222 0.071875 1.233333
395 4 0.359375 0.061111 0.387500 0.111111 0.553125 0.116667
392 4 0.321875 0.055556 0.342187 0.097222 0.493750 0.102778
389 4 0.268750 0.097222 0.307812 0.175000 0.423438 0.186111
388 4 0.321875 0.172222 0.357812 0.244444 0.501563 0.294444
383 4 0.118750 0.475000 0.220312 0.666667 0.229687 0.811111
367 4 0.393750 0.147222 0.434375 0.255556 0.610938 0.277778
364 4 0.434375 0.250000 0.484375 0.347222 0.676562 0.422222
361 4 0.185938 0.713889 0.301563 1.008333 0.337500 1.219444
352 4 0.256250 0.169444 0.300000 0.286111 0.406250 0.313889
344 4 0.309375 0.291667 0.357812 0.405556 0.489063 0.497222
323 4 0.459375 0.391667 0.521875 0.544444 0.721875 0.663889
125 4 0.220312 0.119444 0.254688 0.191667 0.348438 0.216667
