385 5 0.190625 0.052778 0.253125 0.133333 0.317188 0.119444
383 4 0.123438 0.433333 0.235937 0.594444 0.242188 0.730556
380 4 0.276562 0.036111 0.303125 0.083333 0.428125 0.077778
378 4 0.012500 0.511111 0.310937 0.997222 0.168750 1.011111
367 4 0.368750 0.100000 0.395313 0.138889 0.567187 0.169444
366 5 0.234375 0.222222 0.301563 0.361111 0.385937 0.405556
364 4 0.385937 0.133333 0.420312 0.200000 0.596875 0.233333
361 4 0.318750 0.286111 0.365625 0.386111 0.501563 0.480556
352 5 0.264062 0.094444 0.306250 0.202778 0.418750 0.197222
344 4 0.315625 0.141667 0.351562 0.219444 0.492188 0.252778
330 4 0.443750 0.300000 0.506250 0.450000 0.696875 0.525000
323 4 0.404687 0.202778 0.450000 0.280556 0.629687 0.344444
125 4 0.220312 0.119444 0.254688 0.186111 0.348438 0.213889
