408 5 0.193750 0.052778 0.251563 0.122222 0.320312 0.113889
407 4 0.206250 0.297222 0.271875 0.369444 0.342187 0.483333
406 4 0.268750 0.080556 0.304688 0.130556 0.421875 0.147222
404 4 0.315625 0.044444 0.335938 0.080556 0.484375 0.086111
403 5 0.250000 0.180556 0.298438 0.300000 0.400000 0.330556
401 4 0.384375 0.122222 0.414062 0.175000 0.592187 0.211111
398 4 0.001563 0.827778 0.096875 1.002778 0.050000 1.330556
395 4 0.364063 0.075000 0.392188 0.125000 0.559375 0.138889
389 4 0.265625 0.125000 0.304688 0.191667 0.418750 0.219444
388 4 0.323437 0.211111 0.364063 0.288889 0.506250 0.355556
383 4 0.096875 0.500000 0.210938 0.711111 0.201563 0.855556
367 4 0.400000 0.202778 0.446875 0.280556 0.625000 0.344444
364 4 0.448437 0.300000 0.501563 0.413889 0.700000 0.505556
352 4 0.251563 0.180556 0.298438 0.300000 0.401562 0.330556
344 4 0.298438 0.358333 0.351562 0.491667 0.473438 0.605556
323 4 0.471875 0.516667 0.545312 0.711111 0.745313 0.875000
125 4 0.221875 0.119444 0.254688 0.191667 0.350000 0.213889
