414 4 0.000000 0.694444 0.140625 0.958333 0.070312 1.175000
413 4 0.310937 0.025000 0.332813 0.069444 0.478125 0.061111
404 4 0.318750 0.063889 0.342187 0.113889 0.489063 0.122222
403 4 0.237500 0.211111 0.292187 0.355556 0.382812 0.388889
401 4 0.401562 0.180556 0.450000 0.277778 0.626563 0.322222
395 4 0.375000 0.083333 0.409375 0.172222 0.579688 0.169444
389 4 0.262500 0.161111 0.300000 0.241667 0.412500 0.283333
388 4 0.307812 0.322222 0.360938 0.455556 0.489063 0.550000
367 4 0.434375 0.300000 0.493750 0.436111 0.681250 0.519444
364 4 0.475000 0.600000 0.554688 0.836111 0.753125 1.019444
125 4 0.221875 0.116667 0.254688 0.191667 0.350000 0.213889
