400 5 0.198437 0.302778 0.278125 0.438889 0.339062 0.522222
398 4 0.003125 0.677778 0.154688 0.997222 0.081250 1.177778
389 4 0.271875 0.088889 0.304688 0.158333 0.425000 0.169444
388 4 0.315625 0.141667 0.357812 0.219444 0.495312 0.252778
383 4 0.132812 0.455556 0.226562 0.630556 0.246875 0.772222
367 4 0.385937 0.150000 0.420312 0.216667 0.596875 0.261111
364 4 0.421875 0.213889 0.468750 0.302778 0.657813 0.363889
361 4 0.234375 0.583333 0.332813 0.816667 0.400000 0.991667
352 4 0.256250 0.158333 0.301563 0.272222 0.407813 0.294444
344 4 0.315625 0.258333 0.359375 0.355556 0.496875 0.436111
330 4 0.481250 0.658333 0.575000 0.966667 0.768750 1.141667
323 4 0.450000 0.330556 0.507812 0.461111 0.703125 0.561111
125 4 0.220312 0.116667 0.254688 0.194444 0.348438 0.216667
