398 4 0.001563 0.636111 0.164062 0.955556 0.082812 1.116667
392 4 0.317188 0.044444 0.339062 0.077778 0.487500 0.083333
389 4 0.270313 0.077778 0.304688 0.144444 0.423438 0.152778
388 4 0.314063 0.127778 0.350000 0.194444 0.489063 0.225000
383 4 0.134375 0.436111 0.232813 0.619444 0.251563 0.744444
367 4 0.376563 0.130556 0.414062 0.197222 0.584375 0.230556
366 5 0.212500 0.288889 0.287500 0.419444 0.356250 0.500000
364 4 0.412500 0.194444 0.454688 0.275000 0.640625 0.330556
361 4 0.265625 0.480556 0.343750 0.666667 0.439063 0.813889
344 4 0.317188 0.225000 0.359375 0.319444 0.496875 0.383333
330 4 0.475000 0.533333 0.553125 0.747222 0.751563 0.908333
323 4 0.442188 0.294444 0.495312 0.397222 0.690625 0.494444
125 4 0.221875 0.116667 0.253125 0.191667 0.348438 0.213889
