385 5 0.190625 0.052778 0.253125 0.133333 0.317188 0.119444
383 4 0.128125 0.436111 0.240625 0.597222 0.248438 0.733333
380 4 0.276562 0.033333 0.303125 0.083333 0.428125 0.077778
378 4 0.012500 0.508333 0.312500 1.000000 0.168750 1.011111
367 4 0.367188 0.100000 0.395313 0.138889 0.565625 0.169444
366 5 0.235937 0.225000 0.301563 0.355556 0.387500 0.402778
364 4 0.384375 0.130556 0.420312 0.197222 0.595313 0.230556
361 4 0.320312 0.283333 0.365625 0.383333 0.503125 0.475000
352 5 0.265625 0.094444 0.306250 0.200000 0.418750 0.197222
347 4 0.314063 0.080556 0.342187 0.133333 0.485938 0.147222
344 4 0.318750 0.141667 0.351562 0.211111 0.493750 0.247222
330 4 0.442188 0.297222 0.504687 0.444444 0.695312 0.519444
323 4 0.404687 0.202778 0.448437 0.277778 0.629687 0.341667
125 4 0.220312 0.116667 0.254688 0.188889 0.346875 0.211111
