390 5 0.262500 0.119444 0.304688 0.219444 0.415625 0.230556
389 4 0.278125 0.052778 0.303125 0.100000 0.429688 0.102778
388 4 0.317188 0.094444 0.343750 0.150000 0.489063 0.172222
386 4 0.250000 0.236111 0.290625 0.275000 0.395313 0.375000
383 4 0.123438 0.411111 0.245312 0.616667 0.246875 0.719444
378 4 0.007812 0.705556 0.270313 1.002778 0.143750 1.208333
367 4 0.371875 0.111111 0.400000 0.158333 0.571875 0.191667
366 5 0.223438 0.250000 0.292187 0.386111 0.370312 0.444444
364 4 0.392188 0.150000 0.432812 0.216667 0.609375 0.258333
361 4 0.309375 0.322222 0.365625 0.455556 0.492188 0.550000
352 4 0.264062 0.119444 0.304688 0.219444 0.417187 0.230556
344 4 0.315625 0.166667 0.356250 0.244444 0.495312 0.288889
330 4 0.460938 0.380556 0.517188 0.508333 0.720313 0.636111
323 4 0.417187 0.222222 0.462500 0.302778 0.650000 0.375000
125 4 0.221875 0.116667 0.253125 0.191667 0.348438 0.213889
