406 4 0.271875 0.097222 0.306250 0.150000 0.425000 0.172222
404 4 0.315625 0.055556 0.337500 0.094444 0.485938 0.102778
403 4 0.245312 0.194444 0.295312 0.322222 0.393750 0.358333
401 4 0.392188 0.133333 0.425000 0.202778 0.604688 0.236111
400 5 0.168750 0.372222 0.257812 0.516667 0.298438 0.630556
395 4 0.367188 0.077778 0.400000 0.141667 0.567187 0.150000
392 4 0.326562 0.088889 0.351562 0.133333 0.503125 0.155556
389 4 0.264062 0.141667 0.300000 0.211111 0.415625 0.247222
388 4 0.317188 0.258333 0.364063 0.341667 0.500000 0.427778
367 4 0.420312 0.241667 0.467187 0.338889 0.653125 0.413889
364 4 0.462500 0.383333 0.523438 0.536111 0.725000 0.652778
344 4 0.264062 0.438889 0.342187 0.636111 0.435937 0.758333
125 4 0.220312 0.119444 0.254688 0.197222 0.348438 0.219444
