401 4 0.378125 0.111111 0.406250 0.158333 0.581250 0.191667
400 5 0.190625 0.325000 0.270313 0.461111 0.326562 0.555556
398 4 0.003125 0.750000 0.134375 1.000000 0.071875 1.250000
395 4 0.360938 0.063889 0.385937 0.116667 0.554688 0.122222
392 4 0.321875 0.055556 0.340625 0.100000 0.492188 0.105556
389 4 0.265625 0.108333 0.309375 0.177778 0.420312 0.197222
388 4 0.321875 0.175000 0.357812 0.250000 0.501563 0.300000
383 4 0.112500 0.480556 0.220312 0.669444 0.223438 0.816667
367 4 0.393750 0.155556 0.435937 0.269444 0.612500 0.288889
364 4 0.437500 0.258333 0.485938 0.355556 0.679688 0.436111
361 4 0.175000 0.741667 0.293750 1.008333 0.321875 1.247222
352 4 0.253125 0.169444 0.298438 0.288889 0.403125 0.316667
344 4 0.309375 0.300000 0.359375 0.416667 0.489063 0.508333
323 4 0.464062 0.411111 0.526563 0.561111 0.728125 0.691667
125 4 0.221875 0.116667 0.253125 0.188889 0.348438 0.211111
