400 5 0.206250 0.294444 0.282813 0.427778 0.348438 0.511111
399 4 0.223438 0.263889 0.284375 0.316667 0.365625 0.422222
395 4 0.357812 0.055556 0.384375 0.102778 0.550000 0.108333
389 4 0.271875 0.086111 0.304688 0.152778 0.425000 0.163889
388 4 0.315625 0.138889 0.357812 0.213889 0.495312 0.244444
383 4 0.132812 0.452778 0.228125 0.627778 0.246875 0.766667
367 4 0.385937 0.150000 0.420312 0.213889 0.595313 0.258333
364 4 0.420312 0.208333 0.467187 0.297222 0.654687 0.358333
361 4 0.240625 0.561111 0.334375 0.783333 0.409375 0.952778
352 4 0.259375 0.158333 0.301563 0.269444 0.410938 0.294444
344 4 0.317188 0.255556 0.359375 0.350000 0.496875 0.430556
330 4 0.481250 0.619444 0.570312 0.902778 0.765625 1.072222
323 4 0.443750 0.300000 0.506250 0.444444 0.696875 0.522222
125 4 0.218750 0.113889 0.254688 0.200000 0.346875 0.216667
