395 4 0.354687 0.050000 0.381250 0.094444 0.545312 0.097222
392 4 0.315625 0.041667 0.337500 0.077778 0.484375 0.080556
391 4 0.368750 0.086111 0.393750 0.125000 0.565625 0.150000
390 4 0.259375 0.136111 0.309375 0.252778 0.414062 0.261111
389 4 0.271875 0.072222 0.303125 0.130556 0.423438 0.138889
388 4 0.314063 0.119444 0.350000 0.180556 0.490625 0.208333
383 4 0.131250 0.427778 0.239063 0.613889 0.251563 0.736111
367 4 0.376563 0.127778 0.410938 0.183333 0.582812 0.219444
366 5 0.218750 0.288889 0.287500 0.408333 0.362500 0.494444
364 4 0.401562 0.175000 0.446875 0.272222 0.626563 0.311111
361 4 0.287500 0.433333 0.351562 0.588889 0.464062 0.727778
352 5 0.260937 0.136111 0.309375 0.252778 0.415625 0.261111
344 4 0.317188 0.205556 0.357812 0.294444 0.496875 0.352778
330 4 0.473438 0.480556 0.540625 0.652778 0.743750 0.808333
323 4 0.432812 0.263889 0.484375 0.366667 0.676562 0.447222
125 4 0.218750 0.119444 0.253125 0.194444 0.346875 0.216667
