400 5 0.203125 0.294444 0.279687 0.430556 0.343750 0.511111
399 4 0.223438 0.266667 0.284375 0.313889 0.365625 0.422222
395 4 0.357812 0.058333 0.384375 0.102778 0.550000 0.108333
389 4 0.271875 0.088889 0.304688 0.155556 0.425000 0.166667
388 4 0.315625 0.138889 0.357812 0.216667 0.493750 0.247222
383 4 0.134375 0.452778 0.228125 0.627778 0.248438 0.766667
367 4 0.385937 0.150000 0.421875 0.216667 0.596875 0.258333
364 4 0.421875 0.208333 0.467187 0.300000 0.656250 0.358333
361 4 0.240625 0.563889 0.335938 0.791667 0.409375 0.958333
352 4 0.259375 0.158333 0.301563 0.269444 0.410938 0.294444
344 4 0.315625 0.258333 0.357812 0.352778 0.495312 0.433333
330 4 0.481250 0.627778 0.571875 0.922222 0.767188 1.088889
323 4 0.443750 0.305556 0.507812 0.452778 0.698438 0.533333
125 4 0.218750 0.113889 0.254688 0.197222 0.346875 0.213889
