401 4 0.378125 0.108333 0.406250 0.158333 0.581250 0.188889
400 5 0.196875 0.316667 0.273438 0.452778 0.334375 0.544444
398 4 0.003125 0.733333 0.135937 0.997222 0.071875 1.233333
395 4 0.359375 0.061111 0.387500 0.113889 0.553125 0.119444
392 4 0.321875 0.055556 0.340625 0.097222 0.492188 0.105556
389 4 0.267188 0.102778 0.309375 0.177778 0.421875 0.191667
388 4 0.321875 0.175000 0.357812 0.244444 0.501563 0.297222
383 4 0.117188 0.477778 0.220312 0.666667 0.226562 0.811111
367 4 0.393750 0.150000 0.434375 0.255556 0.610938 0.277778
364 4 0.434375 0.250000 0.484375 0.350000 0.676562 0.425000
361 4 0.182812 0.725000 0.300000 1.008333 0.332813 1.227778
352 4 0.253125 0.169444 0.298438 0.286111 0.403125 0.313889
344 4 0.309375 0.291667 0.357812 0.408333 0.489063 0.497222
323 4 0.460938 0.400000 0.523438 0.547222 0.723437 0.672222
125 4 0.221875 0.116667 0.253125 0.191667 0.348438 0.213889
