399 4 0.223438 0.263889 0.282813 0.313889 0.365625 0.419444
398 4 -0.001563 0.597222 0.165625 0.977778 0.079687 1.086111
395 4 0.354687 0.052778 0.382812 0.102778 0.546875 0.105556
392 4 0.318750 0.044444 0.339062 0.083333 0.487500 0.088889
390 4 0.259375 0.150000 0.303125 0.261111 0.412500 0.280556
389 4 0.271875 0.080556 0.304688 0.147222 0.425000 0.155556
388 4 0.314063 0.127778 0.353125 0.202778 0.492188 0.230556
383 4 0.131250 0.444444 0.231250 0.625000 0.246875 0.758333
367 4 0.384375 0.144444 0.417187 0.205556 0.593750 0.247222
364 4 0.415625 0.205556 0.462500 0.288889 0.646875 0.350000
361 4 0.256250 0.522222 0.342187 0.730556 0.428125 0.886111
344 4 0.317188 0.241667 0.357812 0.336111 0.496875 0.411111
330 4 0.479687 0.597222 0.564063 0.836111 0.762500 1.013889
323 4 0.443750 0.297222 0.501563 0.422222 0.695312 0.508333
125 4 0.220312 0.119444 0.253125 0.194444 0.346875 0.216667
