400 5 0.198437 0.311111 0.276562 0.450000 0.337500 0.536111
398 4 0.001563 0.733333 0.135937 1.000000 0.070312 1.233333
395 4 0.359375 0.061111 0.387500 0.113889 0.554688 0.119444
392 4 0.321875 0.055556 0.342187 0.094444 0.493750 0.102778
389 4 0.270313 0.100000 0.306250 0.169444 0.423438 0.186111
388 4 0.320312 0.166667 0.356250 0.238889 0.498437 0.288889
383 4 0.118750 0.466667 0.221875 0.661111 0.229687 0.800000
367 4 0.390625 0.152778 0.435937 0.258333 0.609375 0.283333
364 4 0.432812 0.241667 0.479687 0.338889 0.673438 0.411111
361 4 0.193750 0.691667 0.309375 0.997222 0.348438 1.191667
352 4 0.256250 0.163889 0.301563 0.280556 0.407813 0.302778
344 4 0.309375 0.288889 0.357812 0.400000 0.489063 0.488889
323 4 0.459375 0.372222 0.518750 0.522222 0.718750 0.636111
125 4 0.220312 0.116667 0.254688 0.191667 0.348438 0.213889
