408 5 0.193750 0.052778 0.251563 0.122222 0.320312 0.113889
407 4 0.209375 0.294444 0.273438 0.369444 0.345313 0.480556
406 4 0.270313 0.077778 0.306250 0.130556 0.423438 0.144444
404 4 0.317188 0.047222 0.335938 0.077778 0.484375 0.086111
403 5 0.250000 0.177778 0.298438 0.297222 0.400000 0.325000
401 4 0.382812 0.119444 0.412500 0.172222 0.589063 0.208333
398 4 0.000000 0.794444 0.104688 1.000000 0.053125 1.297222
395 4 0.364063 0.075000 0.390625 0.125000 0.559375 0.138889
389 4 0.264062 0.122222 0.306250 0.191667 0.418750 0.216667
388 4 0.323437 0.205556 0.364063 0.280556 0.506250 0.347222
383 4 0.096875 0.497222 0.217188 0.705556 0.206250 0.850000
367 4 0.396875 0.194444 0.445312 0.275000 0.620313 0.333333
364 4 0.448437 0.294444 0.500000 0.405556 0.698438 0.500000
361 4 0.154688 0.925000 0.246875 1.002778 0.278125 1.427778
352 4 0.251563 0.177778 0.296875 0.294444 0.400000 0.325000
344 4 0.300000 0.347222 0.353125 0.477778 0.478125 0.586111
323 4 0.470313 0.491667 0.542188 0.680556 0.742188 0.833333
125 4 0.220312 0.116667 0.254688 0.191667 0.348438 0.213889
