406 4 0.271875 0.102778 0.306250 0.155556 0.425000 0.183333
404 4 0.317188 0.058333 0.340625 0.100000 0.487500 0.108333
403 4 0.245312 0.197222 0.296875 0.327778 0.393750 0.363889
401 4 0.395313 0.150000 0.429688 0.216667 0.610938 0.258333
400 5 0.164062 0.377778 0.254688 0.525000 0.290625 0.638889
395 4 0.367188 0.077778 0.401562 0.144444 0.568750 0.150000
392 4 0.326562 0.091667 0.351562 0.138889 0.503125 0.161111
389 4 0.267188 0.150000 0.303125 0.222222 0.418750 0.261111
388 4 0.315625 0.269444 0.364063 0.363889 0.496875 0.452778
367 4 0.421875 0.258333 0.470313 0.355556 0.657813 0.436111
364 4 0.467187 0.413889 0.526563 0.569444 0.731250 0.700000
344 4 0.246875 0.472222 0.335938 0.683333 0.415625 0.813889
125 4 0.220312 0.116667 0.254688 0.200000 0.348438 0.216667
