406 4 0.270313 0.088889 0.307812 0.144444 0.425000 0.161111
404 4 0.317188 0.050000 0.335938 0.088889 0.484375 0.094444
403 4 0.248438 0.191667 0.296875 0.311111 0.398438 0.347222
401 4 0.389062 0.136111 0.421875 0.191667 0.600000 0.233333
400 5 0.173437 0.358333 0.260937 0.500000 0.303125 0.608333
395 4 0.364063 0.075000 0.395313 0.133333 0.562500 0.141667
389 4 0.270313 0.141667 0.303125 0.205556 0.423438 0.244444
388 4 0.317188 0.233333 0.364063 0.319444 0.500000 0.394444
367 4 0.409375 0.222222 0.459375 0.311111 0.640625 0.377778
364 4 0.456250 0.338889 0.515625 0.483333 0.715625 0.580556
352 5 0.246875 0.188889 0.296875 0.316667 0.396875 0.347222
344 4 0.285938 0.405556 0.346875 0.563889 0.459375 0.688889
323 4 0.476562 0.638889 0.565625 0.925000 0.760938 1.100000
125 4 0.220312 0.116667 0.256250 0.194444 0.350000 0.216667
