4 0.428125 0.0453125 0.0345703125 0.025
4 0.48359375 0.08359375 0.0357421875 0.023828125
4 0.58515625 0.0875 0.033203125 0.0337890625
4 0.65625 0.0640625 0.0345703125 0.0283203125
4 0.5453125 0.328125 0.040234375 0.0373046875
4 0.37109375 0.32890625 0.055078125 0.039453125
4 0.54375 0.684375 0.0474609375 0.053515625
4 0.48125 0.71875 0.04453125 0.050390625
4 0.36640625 0.709375 0.0482421875 0.0494140625
4 0.30234375 0.76484375 0.0486328125 0.051953125
4 0.25703125 0.73828125 0.048046875 0.05625
4 0.13828125 0.9171875 0.0607421875 0.0623046875
4 0.40390625 0.52421875 0.0392578125 0.045703125
4 0.45625 0.19296875 0.03828125 0.034375
4 0.40390625 0.215625 0.033203125 0.0318359375