4 0.45078125 0.9015625 0.0544921875 0.053125
4 0.58125 0.8515625 0.0525390625 0.059765625
4 0.528125 0.72578125 0.0439453125 0.05
4 0.33125 0.64140625 0.0494140625 0.0396484375
4 0.3453125 0.82265625 0.058984375 0.0638671875
4 0.3109375 0.52578125 0.056640625 0.0478515625
4 0.35234375 0.378125 0.042578125 0.0318359375
4 0.41328125 0.35703125 0.041796875 0.032421875
4 0.45 0.2140625 0.037890625 0.0287109375
4 0.3984375 0.15546875 0.0345703125 0.030078125
4 0.57578125 0.1703125 0.03125 0.03359375
4 0.49453125 0.07265625 0.0328125 0.0236328125
4 0.4421875 0.028125 0.040234375 0.0287109375
4 0.5265625 0.4546875 0.034375 0.028125