4 0.62734375 0.71015625 0.0546875 0.0546875
4 0.44375 0.95625 0.0556640625 0.065625
4 0.34296875 0.8890625 0.0455078125 0.0560546875
4 0.41015625 0.659375 0.0517578125 0.05
4 0.45859375 0.7375 0.0521484375 0.0630859375
4 0.48046875 0.475 0.042578125 0.0439453125
4 0.62734375 0.475 0.0390625 0.0404296875
4 0.71640625 0.45859375 0.044921875 0.044921875
4 0.6734375 0.378125 0.037890625 0.03203125
4 0.63203125 0.321875 0.044921875 0.03828125
4 0.50625 0.28671875 0.0470703125 0.0359375
4 0.41953125 0.32890625 0.0541015625 0.038671875
4 0.3953125 0.4125 0.0466796875 0.046875
4 0.39375 0.2390625 0.04375 0.0337890625
4 0.40625 0.16484375 0.04375 0.0328125
4 0.484375 0.1625 0.055859375 0.031640625
4 0.45234375 0.12265625 0.042578125 0.0322265625
4 0.521875 0.09296875 0.043359375 0.0236328125
4 0.43515625 0.053125 0.0361328125 0.028515625
4 0.43515625 0.0078125 0.0388671875 0.015625
4 0.50078125 0.0328125 0.028125 0.0216796875
4 0.59609375 0.0546875 0.0388671875 0.0279296875
4 0.6328125 0.05546875 0.041015625 0.0328125
4 0.70625 0.3328125 0.046484375 0.0560546875
5 0.57890625 0.628125 0.0607421875 0.0689453125
5 0.75390625 0.79375 0.0701171875 0.1619140625