4 0.70078125 0.7625 0.0455078125 0.053515625
4 0.38046875 0.94375 0.05625 0.0568359375
4 0.275 0.88046875 0.046484375 0.0708984375
4 0.38671875 0.61484375 0.0509765625 0.053125
4 0.27890625 0.6078125 0.05625 0.02265625
4 0.31328125 0.47578125 0.0490234375 0.045703125
4 0.3546875 0.49375 0.0525390625 0.0462890625
4 0.43671875 0.53359375 0.0390625 0.0482421875
4 0.41875 0.42109375 0.04296875 0.0421875
4 0.43046875 0.35234375 0.044921875 0.033203125
4 0.35078125 0.3265625 0.0513671875 0.040234375
4 0.59375 0.346875 0.044140625 0.04375
4 0.48984375 0.2828125 0.0390625 0.041015625
4 0.4453125 0.27265625 0.034765625 0.0458984375
4 0.65234375 0.203125 0.038671875 0.031640625
4 0.440625 0.121875 0.0470703125 0.037890625
4 0.48359375 0.08203125 0.0421875 0.0357421875
4 0.5171875 0.04296875 0.04375 0.03125
4 0.62109375 0.046875 0.0390625 0.03125
5 0.68125 0.08671875 0.0529296875 0.0794921875
5 0.4078125 0.2375 0.0462890625 0.097265625
5 0.63515625 0.68046875 0.0421875 0.085546875
4 0.3703125 0.2453125 0.02890625 0.041015625