5 0.65859375 0.04921875 0.0361328125 0.0515625
4 0.6890625 0.08203125 0.0349609375 0.028125
4 0.61171875 0.1375 0.0333984375 0.0380859375
4 0.64375 0.19296875 0.0376953125 0.0375
4 0.559375 0.2609375 0.04453125 0.0439453125
4 0.44296875 0.2515625 0.0453125 0.0369140625
4 0.4578125 0.3265625 0.04140625 0.041015625
4 0.42109375 0.18828125 0.04375 0.0296875
4 0.44765625 0.0921875 0.0333984375 0.02890625
4 0.48984375 0.071875 0.0330078125 0.028125
4 0.37890625 0.50703125 0.0453125 0.0390625
4 0.3265625 0.5109375 0.034375 0.0501953125
4 0.51171875 0.575 0.045703125 0.0498046875
4 0.22890625 0.665625 0.0458984375 0.0462890625
4 0.1796875 0.8203125 0.053515625 0.0595703125
4 0.28359375 0.875 0.0458984375 0.0533203125
5 0.24375 0.7625 0.0998046875 0.1650390625