5 0.321875 0.5453125 0.074609375 0.10625
5 0.653125 0.196875 0.0400390625 0.0619140625
4 0.3296875 0.7515625 0.055859375 0.04765625
4 0.396875 0.68125 0.044140625 0.04296875
4 0.36171875 0.6078125 0.039453125 0.0408203125
4 0.2578125 0.609375 0.05390625 0.04921875
4 0.1859375 0.8515625 0.053125 0.0564453125
4 0.30625 0.86875 0.0501953125 0.0529296875
4 0.2125 0.9625 0.05703125 0.0623046875
4 0.47890625 0.97265625 0.0546875 0.0546875
4 0.534375 0.51484375 0.040234375 0.042578125
4 0.6359375 0.3796875 0.0345703125 0.0341796875
4 0.58984375 0.34765625 0.0390625 0.0390625
4 0.43125 0.33125 0.0345703125 0.0318359375
4 0.384375 0.35234375 0.03203125 0.033203125
4 0.503125 0.18515625 0.04296875 0.035546875
4 0.47734375 0.2796875 0.04375 0.037109375
4 0.68515625 0.23671875 0.032421875 0.030078125
4 0.4828125 0.13359375 0.031640625 0.026953125
4 0.4625 0.0796875 0.04375 0.0283203125