4 0.45078125 0.9015625 0.0552734375 0.05390625
4 0.58125 0.8515625 0.0529296875 0.06015625
4 0.528125 0.72578125 0.0462890625 0.0515625
4 0.33125 0.64140625 0.0470703125 0.0388671875
4 0.3453125 0.82265625 0.05625 0.0611328125
4 0.3109375 0.52578125 0.05859375 0.0482421875
4 0.35234375 0.378125 0.0421875 0.0314453125
4 0.41328125 0.35703125 0.041796875 0.0328125
4 0.45 0.2140625 0.037890625 0.0283203125
4 0.3984375 0.15546875 0.0341796875 0.030078125
4 0.57578125 0.1703125 0.0296875 0.03125
4 0.49453125 0.07265625 0.033203125 0.0240234375
4 0.4421875 0.028125 0.040234375 0.0283203125
4 0.5265625 0.4546875 0.034765625 0.028515625