5 0.60546875 0.80546875 0.1291015625 0.2080078125
5 0.46875 0.4 0.04296875 0.102734375
4 0.5046875 0.571875 0.040625 0.06953125
4 0.54609375 0.490625 0.041796875 0.0619140625
4 0.5125 0.4375 0.0279296875 0.0408203125
4 0.4359375 0.38515625 0.01640625 0.028125
4 0.42109375 0.3171875 0.0107421875 0.0216796875
4 0.4046875 0.328125 0.0123046875 0.0216796875
4 0.390625 0.35625 0.0126953125 0.0248046875
4 0.39921875 0.34140625 0.0111328125 0.025
4 0.3 0.35 0.0162109375 0.0251953125
4 0.334375 0.32734375 0.01328125 0.0203125
4 0.32109375 0.3359375 0.0140625 0.0216796875