4 0.55 0.47734375 0.0376953125 0.0515625
4 0.51328125 0.42578125 0.0240234375 0.0361328125
4 0.31171875 0.5765625 0.0509765625 0.0818359375
4 0.30234375 0.34765625 0.0205078125 0.0263671875
4 0.2890625 0.3390625 0.015234375 0.0158203125
4 0.321875 0.33203125 0.0126953125 0.0169921875
4 0.3359375 0.321875 0.0125 0.021875
4 0.41875 0.340625 0.016015625 0.021875
4 0.4578125 0.334375 0.0158203125 0.021875
4 0.440625 0.3109375 0.0091796875 0.015625
4 0.45234375 0.30078125 0.010546875 0.01875
4 0.42109375 0.29375 0.0111328125 0.015625
4 0.440625 0.28359375 0.012109375 0.0171875
5 0.40390625 0.39453125 0.0265625 0.0552734375
5 0.378125 0.37265625 0.03046875 0.067578125