5 0.60546875 0.80546875 0.1208984375 0.2044921875
5 0.46875 0.4 0.041015625 0.10078125
4 0.5046875 0.571875 0.040234375 0.069140625
4 0.54609375 0.490625 0.0390625 0.0595703125
4 0.5125 0.4375 0.0283203125 0.0412109375
4 0.4359375 0.38515625 0.016015625 0.028125
4 0.42109375 0.3171875 0.0107421875 0.0216796875
4 0.4046875 0.328125 0.0123046875 0.0216796875
4 0.390625 0.35625 0.0130859375 0.0248046875
4 0.39921875 0.34140625 0.0115234375 0.025
4 0.3 0.35 0.0158203125 0.0251953125
4 0.334375 0.32734375 0.012890625 0.0203125
4 0.32109375 0.3359375 0.0140625 0.0216796875