5 0.1375 0.8140625 0.275 0.371875
5 0.48125 0.44453125 0.0564453125 0.13125
4 0.5890625 0.81015625 0.0837890625 0.1330078125
4 0.5484375 0.48515625 0.0318359375 0.0455078125
4 0.51328125 0.43046875 0.0228515625 0.0423828125
4 0.43359375 0.4328125 0.0236328125 0.034375
4 0.44375 0.3984375 0.0212890625 0.0345703125
4 0.40078125 0.3328125 0.011328125 0.0185546875
4 0.40703125 0.32421875 0.0109375 0.0140625
4 0.3 0.35 0.0189453125 0.0216796875
4 0.3359375 0.3265625 0.01015625 0.0158203125
4 0.32109375 0.33515625 0.014453125 0.0171875
4 0.325 0.31953125 0.0125 0.01875
4 0.4234375 0.3078125 0.009765625 0.0185546875