4 0.3765625 0.421875 0.027734375 0.0439453125
5 0.3890625 0.3484375 0.025 0.0591796875
4 0.5515625 0.47890625 0.0341796875 0.0544921875
4 0.5140625 0.42734375 0.021484375 0.0375
4 0.4609375 0.353125 0.015234375 0.0216796875
4 0.415625 0.353125 0.0158203125 0.0404296875
4 0.4234375 0.3234375 0.01015625 0.015625
4 0.440625 0.32265625 0.0095703125 0.0173828125
4 0.45234375 0.31015625 0.0107421875 0.0173828125
4 0.440625 0.31015625 0.009375 0.0173828125
4 0.43984375 0.29140625 0.0080078125 0.0171875
4 0.30078125 0.34921875 0.01875 0.0234375
4 0.2671875 0.3546875 0.015625 0.025
4 0.3203125 0.33671875 0.0123046875 0.01875
4 0.3375 0.32265625 0.009375 0.0201171875
4 0.42421875 0.28828125 0.009375 0.0169921875