4 0.3 0.9015625 0.093359375 0.1314453125
4 0.34765625 0.72734375 0.0671875 0.1009765625
4 0.36953125 0.64609375 0.0521484375 0.082421875
4 0.384375 0.58046875 0.04453125 0.0634765625
4 0.44453125 0.6078125 0.0515625 0.068359375
4 0.446875 0.565625 0.04296875 0.037890625
4 0.4484375 0.53515625 0.040625 0.039453125
4 0.44375 0.50390625 0.0287109375 0.029296875
4 0.51171875 0.565625 0.0333984375 0.05078125
4 0.503125 0.5359375 0.03125 0.041015625
4 0.55625 0.52890625 0.0341796875 0.0625
4 0.534375 0.50859375 0.025 0.0361328125
4 0.51328125 0.5 0.021875 0.0404296875
4 0.47265625 0.48046875 0.028125 0.028125
4 0.6203125 0.9625 0.0875 0.075
4 0.69921875 0.9140625 0.098046875 0.1287109375
4 0.796875 0.765625 0.0875 0.10625
4 0.94375 0.7125 0.074609375 0.0904296875
4 0.81953125 0.5375 0.0451171875 0.056640625
4 0.75546875 0.56484375 0.05 0.0705078125
4 0.7109375 0.68203125 0.06484375 0.0734375
5 0.65 0.6015625 0.05703125 0.105859375
5 0.45 0.8375 0.1181640625 0.303515625
5 0.2921875 0.46953125 0.028515625 0.0580078125
5 0.6625 0.41796875 0.03203125 0.0611328125
4 0.5828125 0.87109375 0.0935546875 0.151171875
4 0.646875 0.8078125 0.078125 0.1158203125
4 0.56328125 0.7640625 0.0740234375 0.09765625
4 0.52890625 0.7140625 0.05625 0.084765625
4 0.52734375 0.64765625 0.055078125 0.0771484375
4 0.53203125 0.60390625 0.0478515625 0.046875
4 0.2546875 0.61171875 0.0525390625 0.086328125
4 0.12109375 0.81953125 0.088671875 0.1423828125
4 0.103125 0.6859375 0.0587890625 0.0966796875
4 0.05625 0.659375 0.053125 0.0787109375
4 0.0171875 0.64140625 0.034375 0.0796875
4 0.0078125 0.81640625 0.015625 0.1359375
4 0.0078125 0.540625 0.015625 0.05625
4 0.03359375 0.45390625 0.0294921875 0.0625
4 0.01171875 0.4296875 0.0232421875 0.046875
4 0.084375 0.41875 0.0255859375 0.028515625
4 0.1171875 0.6046875 0.04140625 0.0681640625
4 0.1375 0.5484375 0.043359375 0.049609375
4 0.178125 0.528125 0.0283203125 0.031640625
4 0.21328125 0.5359375 0.036328125 0.049609375
4 0.19765625 0.51015625 0.0197265625 0.036328125
4 0.24296875 0.51640625 0.0263671875 0.041796875
4 0.31875 0.534375 0.0279296875 0.05625
4 0.3078125 0.4859375 0.02265625 0.047265625
4 0.27109375 0.4953125 0.0205078125 0.046484375
4 0.39140625 0.5375 0.026953125 0.0314453125
4 0.4015625 0.50234375 0.022265625 0.0392578125
4 0.409375 0.47109375 0.0220703125 0.0267578125
4 0.440625 0.484375 0.019140625 0.028125
4 0.48984375 0.50625 0.0296875 0.0373046875
4 0.5015625 0.471875 0.0189453125 0.025390625
4 0.709375 0.45859375 0.0283203125 0.0423828125
4 0.71796875 0.4328125 0.0267578125 0.025390625
4 0.65078125 0.44453125 0.026171875 0.0330078125
1 0.69375 0.63125 0.02578125 0.059765625
1 0.27578125 0.54140625 0.020703125 0.055078125
1 0.41484375 0.54765625 0.0125 0.0638671875
1 0.4265625 0.47578125 0.009765625 0.0580078125
5 0.44140625 0.46171875 0.0265625 0.0669921875
4 0.46484375 0.4484375 0.01875 0.0318359375
4 0.48359375 0.446875 0.0171875 0.025
4 0.3359375 0.5046875 0.0255859375 0.034375
4 0.22890625 0.496875 0.0234375 0.0375
4 0.21171875 0.58984375 0.023046875 0.05625