5 0.43984375 0.66171875 0.0541015625 0.0708984375
5 0.44140625 0.5609375 0.0541015625 0.115625
5 0.4390625 0.43671875 0.021875 0.0484375
1 0.6703125 0.59296875 0.022265625 0.0625
1 0.49609375 0.75 0.0291015625 0.1064453125
1 0.378125 0.8359375 0.0349609375 0.133984375
1 0.5234375 0.5171875 0.0220703125 0.05390625
1 0.1265625 0.71953125 0.02890625 0.1052734375
4 0.80703125 0.49140625 0.0390625 0.0490234375
4 0.89765625 0.55234375 0.046875 0.0607421875
4 0.884375 0.6109375 0.065234375 0.0744140625
4 0.98203125 0.68125 0.0359375 0.078125
4 0.97265625 0.76953125 0.0546875 0.0953125
4 0.940625 0.9078125 0.11875 0.13125
4 0.84921875 0.809375 0.0982421875 0.1150390625
4 0.7 0.6703125 0.065234375 0.0849609375
4 0.64765625 0.6109375 0.045703125 0.059765625
4 0.77734375 0.58359375 0.054296875 0.060546875
4 0.71953125 0.5234375 0.0451171875 0.06015625
4 0.7484375 0.50859375 0.0369140625 0.059375
4 0.70078125 0.46796875 0.0326171875 0.0513671875
4 0.66640625 0.46015625 0.0271484375 0.036328125
4 0.6578125 0.43359375 0.021484375 0.0330078125
4 0.57890625 0.56015625 0.0392578125 0.0513671875
4 0.5546875 0.52890625 0.028515625 0.0419921875
4 0.53046875 0.49921875 0.0328125 0.055078125
4 0.4984375 0.484375 0.022265625 0.0373046875
4 0.61640625 0.7890625 0.073828125 0.1126953125
4 0.753125 0.953125 0.125 0.09375
4 0.58671875 0.9078125 0.09375 0.1595703125
4 0.5625 0.72578125 0.0568359375 0.098828125
4 0.54921875 0.65703125 0.057421875 0.0703125
4 0.51875 0.59296875 0.04296875 0.060546875
4 0.50078125 0.56171875 0.0361328125 0.051953125
4 0.4921875 0.53515625 0.03359375 0.048046875
4 0.48125 0.4921875 0.022265625 0.0373046875
4 0.490625 0.45859375 0.01796875 0.0298828125
4 0.47109375 0.46796875 0.021875 0.0146484375
4 0.4453125 0.4859375 0.021875 0.0501953125
4 0.30234375 0.896875 0.0859375 0.1310546875
4 0.44609375 0.94453125 0.0796875 0.1109375
4 0.34296875 0.70234375 0.0515625 0.0857421875
4 0.37109375 0.6328125 0.0451171875 0.06015625
4 0.37734375 0.5765625 0.0357421875 0.0501953125
4 0.38671875 0.54453125 0.0296875 0.0419921875
4 0.39375 0.5171875 0.024609375 0.034375
4 0.4015625 0.49765625 0.0255859375 0.029296875
4 0.41015625 0.46640625 0.0171875 0.0330078125
4 0.3359375 0.50859375 0.0216796875 0.0390625
4 0.2953125 0.56171875 0.037109375 0.0609375
4 0.234375 0.6609375 0.049609375 0.0880859375
4 0.05 0.67109375 0.065625 0.121875
4 0.09453125 0.57734375 0.044921875 0.0638671875
4 0.0484375 0.51328125 0.043359375 0.0490234375
4 0.00859375 0.659375 0.0171875 0.071875
4 0.053125 0.4265625 0.0220703125 0.022265625
4 0.07890625 0.42265625 0.020703125 0.0330078125
4 0.121875 0.40234375 0.01875 0.034375
4 0.14609375 0.409375 0.0171875 0.030859375
4 0.15703125 0.54453125 0.035546875 0.0455078125
4 0.196875 0.5453125 0.0341796875 0.04609375
4 0.22421875 0.56015625 0.0357421875 0.0611328125
4 0.25703125 0.54140625 0.030078125 0.0427734375
4 0.20234375 0.503125 0.0232421875 0.0310546875
4 0.284375 0.5109375 0.0318359375 0.0412109375
4 0.30078125 0.490625 0.0203125 0.0287109375
4 0.2796875 0.48359375 0.0185546875 0.0298828125
4 0.31015625 0.46875 0.014453125 0.025
4 0.3296875 0.47109375 0.0220703125 0.0296875
5 0.2484375 0.49140625 0.0375 0.071875
4 0.22265625 0.49921875 0.01875 0.034375
4 0.43984375 0.7671875 0.0673828125 0.1193359375