4 0.2953125 0.8828125 0.078515625 0.121875
4 0.43984375 0.90390625 0.0853515625 0.1478515625
4 0.61171875 0.97265625 0.0953125 0.0546875
4 0.68359375 0.88515625 0.1111328125 0.13125
4 0.58515625 0.81328125 0.0640625 0.111328125
4 0.59609375 0.73671875 0.0794921875 0.0732421875
4 0.71953125 0.68515625 0.0673828125 0.0732421875
4 0.8125 0.77421875 0.091015625 0.1138671875
4 0.915625 0.70078125 0.0783203125 0.0857421875
4 0.93203125 0.56796875 0.0541015625 0.0666015625
4 0.84453125 0.60234375 0.066796875 0.064453125
4 0.81796875 0.55546875 0.0486328125 0.0552734375
4 0.7828125 0.51015625 0.043359375 0.0541015625
4 0.721875 0.503125 0.0400390625 0.04921875
4 0.69140625 0.45390625 0.030078125 0.0427734375
4 0.671875 0.421875 0.0224609375 0.034765625
4 0.62734375 0.60703125 0.048828125 0.063671875
4 0.590625 0.56171875 0.03125 0.0515625
4 0.5578125 0.5234375 0.043359375 0.06015625
4 0.55546875 0.6671875 0.0521484375 0.0681640625
4 0.5234375 0.61953125 0.0470703125 0.057421875
4 0.4984375 0.56796875 0.03515625 0.0521484375
4 0.5 0.5359375 0.0283203125 0.028125
4 0.4609375 0.67734375 0.053125 0.0857421875
4 0.3484375 0.72734375 0.0568359375 0.083203125
4 0.3671875 0.62578125 0.04140625 0.0611328125
4 0.3828125 0.578125 0.034375 0.041015625
4 0.38984375 0.546875 0.0294921875 0.0341796875
4 0.3171875 0.534375 0.0283203125 0.0373046875
4 0.27265625 0.596875 0.0384765625 0.062890625
4 0.2859375 0.509375 0.02734375 0.03828125
4 0.2625 0.528125 0.033984375 0.044140625
4 0.24375 0.515625 0.021484375 0.0375
4 0.23828125 0.484375 0.0203125 0.025
4 0.22109375 0.503125 0.0294921875 0.0435546875
4 0.2046875 0.51171875 0.0248046875 0.0265625
4 0.17890625 0.52421875 0.0302734375 0.033203125
4 0.2 0.546875 0.0376953125 0.0443359375
4 0.1203125 0.603125 0.0380859375 0.0755859375
4 0.1375 0.54921875 0.034765625 0.0330078125
4 0.08359375 0.5921875 0.048046875 0.0505859375
4 0.03046875 0.68828125 0.0607421875 0.0859375
4 0.02734375 0.775 0.0546875 0.08125
4 0.0609375 0.90390625 0.096484375 0.1791015625
4 0.04609375 0.425 0.0265625 0.0283203125
4 0.125 0.4765625 0.034375 0.034765625
4 0.10703125 0.4125 0.0201171875 0.0314453125
4 0.146875 0.4015625 0.019140625 0.0283203125
4 0.30625 0.48828125 0.0244140625 0.0298828125
4 0.29296875 0.471875 0.0173828125 0.0314453125
4 0.3359375 0.5125 0.0220703125 0.0373046875
4 0.3984375 0.51328125 0.02265625 0.0330078125
4 0.44375 0.50859375 0.0279296875 0.0296875
4 0.41015625 0.47265625 0.016796875 0.0294921875
4 0.48828125 0.51015625 0.023828125 0.0365234375
4 0.5125 0.49140625 0.024609375 0.0375
1 0.52265625 0.8515625 0.0419921875 0.1318359375
1 0.671875 0.9484375 0.03671875 0.103125
1 0.80078125 0.69296875 0.026171875 0.0765625
1 0.55703125 0.54453125 0.0228515625 0.0578125
1 0.421875 0.48203125 0.0123046875 0.0392578125
1 0.246875 0.57265625 0.022265625 0.063671875
1 0.275 0.5453125 0.0130859375 0.046875
1 0.04765625 0.45546875 0.0203125 0.0484375
5 0.440625 0.74765625 0.06328125 0.1080078125
5 0.440625 0.60234375 0.0712890625 0.1486328125
5 0.43984375 0.44609375 0.0228515625 0.0552734375