4 0.2875 0.9515625 0.103125 0.096875
4 0.61484375 0.91640625 0.095703125 0.1427734375
4 0.76484375 0.96796875 0.1015625 0.0640625
4 0.94921875 0.72734375 0.0794921875 0.0857421875
4 0.85 0.640625 0.0591796875 0.0658203125
4 0.82265625 0.57421875 0.0484375 0.0541015625
4 0.84921875 0.53984375 0.0484375 0.0572265625
4 0.75703125 0.5671875 0.0486328125 0.059375
4 0.77890625 0.47734375 0.026953125 0.0427734375
4 0.753125 0.48828125 0.0283203125 0.0482421875
4 0.725 0.4921875 0.033984375 0.0564453125
4 0.69453125 0.50625 0.0328125 0.041015625
4 0.66640625 0.4828125 0.032421875 0.0462890625
4 0.6875 0.46640625 0.025390625 0.044921875
4 0.68125 0.4171875 0.024609375 0.033984375
4 0.64609375 0.43984375 0.0234375 0.0390625
4 0.64140625 0.60703125 0.0486328125 0.0646484375
4 0.61015625 0.58203125 0.0361328125 0.0486328125
4 0.5859375 0.56171875 0.033984375 0.0515625
4 0.55 0.528125 0.0369140625 0.04453125
4 0.5328125 0.5109375 0.025 0.0341796875
4 0.61796875 0.80546875 0.0978515625 0.1
4 0.53671875 0.73515625 0.060546875 0.096875
4 0.56328125 0.66484375 0.0552734375 0.06875
4 0.51796875 0.61953125 0.0482421875 0.0615234375
4 0.51015625 0.56640625 0.0357421875 0.0544921875
4 0.49296875 0.52265625 0.0263671875 0.0330078125
4 0.50546875 0.48671875 0.0208984375 0.033203125
4 0.4796875 0.49921875 0.0220703125 0.0296875
4 0.44140625 0.5234375 0.0267578125 0.0314453125
4 0.43984375 0.54453125 0.030078125 0.0333984375
4 0.44296875 0.57734375 0.0357421875 0.0359375
4 0.44375 0.6203125 0.0404296875 0.062890625
4 0.4484375 0.70859375 0.05390625 0.0892578125
4 0.35 0.69765625 0.0501953125 0.063671875
4 0.34609375 0.7953125 0.0580078125 0.1087890625
4 0.365625 0.61328125 0.04453125 0.0728515625
4 0.38046875 0.56015625 0.0294921875 0.048828125
4 0.38671875 0.53046875 0.0267578125 0.0361328125
4 0.4015625 0.49609375 0.02734375 0.029296875
4 0.44140625 0.48125 0.038671875 0.066015625
4 0.03515625 0.76875 0.0703125 0.1125
4 0.153125 0.79140625 0.0693359375 0.0984375
4 0.1 0.62421875 0.0537109375 0.0763671875
4 0.0890625 0.57421875 0.04765625 0.058203125
4 0.040625 0.521875 0.044140625 0.0474609375
4 0.01015625 0.43828125 0.0203125 0.0423828125
4 0.11484375 0.4234375 0.030078125 0.02890625
4 0.06953125 0.4265625 0.0205078125 0.0314453125
4 0.2296875 0.66484375 0.0474609375 0.0833984375
4 0.2125 0.57890625 0.0220703125 0.0669921875
4 0.23046875 0.5234375 0.028125 0.0408203125
4 0.2125 0.50546875 0.0248046875 0.034375
4 0.190625 0.52578125 0.0224609375 0.0482421875
4 0.27265625 0.59140625 0.0453125 0.0642578125
4 0.3078125 0.54921875 0.0318359375 0.044921875
4 0.28359375 0.51328125 0.0234375 0.0390625
4 0.25234375 0.50625 0.0236328125 0.037109375
4 0.30390625 0.49140625 0.0240234375 0.0423828125
5 0.9390625 0.5625 0.112109375 0.166015625
5 0.1609375 0.53203125 0.046484375 0.0671875
5 0.44453125 0.4828125 0.0359375 0.066015625
1 0.50390625 0.67734375 0.0291015625 0.0890625
1 0.68984375 0.61171875 0.0205078125 0.0734375
1 0.40625 0.60703125 0.0220703125 0.0708984375
1 0.40859375 0.540625 0.016796875 0.0533203125
1 0.41796875 0.5125 0.0111328125 0.0529296875
1 0.46328125 0.5078125 0.0138671875 0.0470703125
1 0.02890625 0.85234375 0.053125 0.1458984375
4 0.33203125 0.515625 0.0205078125 0.04375