4 0.2828125 0.93359375 0.09375 0.1328125
4 0.34609375 0.71328125 0.0541015625 0.082421875
4 0.36484375 0.61328125 0.034375 0.059375
4 0.38203125 0.57578125 0.032421875 0.0541015625
4 0.38671875 0.5390625 0.025 0.0375
4 0.39453125 0.51328125 0.0208984375 0.0302734375
4 0.40078125 0.49140625 0.023828125 0.0267578125
4 0.4046875 0.47578125 0.0185546875 0.0232421875
4 0.41171875 0.4515625 0.0146484375 0.01875
4 0.446875 0.76796875 0.0623046875 0.109375
4 0.44375 0.66953125 0.0537109375 0.091796875
5 0.4390625 0.60078125 0.0380859375 0.0583984375
4 0.44375 0.56328125 0.03125 0.046875
5 0.43984375 0.525 0.0486328125 0.0962890625
5 0.22578125 0.5046875 0.033203125 0.0810546875
4 0.08203125 0.63828125 0.0552734375 0.086328125
4 0.025 0.62578125 0.0498046875 0.06875
4 0.15390625 0.7890625 0.0771484375 0.109375
4 0.221875 0.57578125 0.0369140625 0.051953125
4 0.26875 0.60234375 0.0408203125 0.0583984375
4 0.1203125 0.55703125 0.0380859375 0.0447265625
4 0.175 0.52734375 0.03203125 0.046875
4 0.1953125 0.54453125 0.02890625 0.0423828125
4 0.203125 0.5078125 0.0275390625 0.040625
4 0.25859375 0.53203125 0.0302734375 0.0455078125
4 0.2828125 0.5109375 0.02265625 0.0412109375
4 0.303125 0.55234375 0.028515625 0.0423828125
4 0.2984375 0.478125 0.01875 0.028125
4 0.315625 0.47890625 0.0216796875 0.0328125
4 0.03359375 0.4359375 0.0359375 0.03515625
4 0.12734375 0.4734375 0.0265625 0.0408203125
4 0.10859375 0.41171875 0.0208984375 0.0330078125
4 0.128125 0.4125 0.0224609375 0.028515625
4 0.12890625 0.3890625 0.020703125 0.033984375
4 0.08984375 0.38828125 0.025 0.0296875
4 0.44296875 0.46640625 0.017578125 0.0294921875
4 0.60234375 0.95546875 0.1015625 0.0890625
4 0.68046875 0.85703125 0.1 0.1298828125
4 0.85703125 0.8171875 0.098828125 0.1189453125
4 0.74609375 0.71640625 0.0703125 0.0890625
4 0.6984375 0.67421875 0.05390625 0.0767578125
4 0.6296875 0.60234375 0.053515625 0.0603515625
4 0.59296875 0.5625 0.033203125 0.0533203125
4 0.559375 0.784375 0.065234375 0.0970703125
4 0.5625 0.6953125 0.055859375 0.084375
4 0.53984375 0.6421875 0.0375 0.0658203125
4 0.52109375 0.59375 0.0392578125 0.05703125
4 0.5 0.55625 0.0283203125 0.044140625
4 0.48828125 0.52890625 0.0271484375 0.039453125
4 0.48828125 0.503125 0.019921875 0.034375
4 0.47890625 0.47890625 0.0177734375 0.0294921875
4 0.54609375 0.5328125 0.0322265625 0.044140625
4 0.52578125 0.50625 0.025 0.0375
4 0.5125 0.48125 0.0224609375 0.044140625
4 0.49609375 0.46796875 0.0177734375 0.0427734375
4 0.46640625 0.4625 0.0201171875 0.0373046875
4 0.28125 0.4515625 0.0244140625 0.0345703125
4 0.653125 0.47734375 0.03203125 0.045703125
4 0.6484375 0.43515625 0.02265625 0.040625
4 0.703125 0.47578125 0.0369140625 0.040625
4 0.7265625 0.5171875 0.034375 0.0501953125
4 0.77734375 0.48046875 0.0365234375 0.048828125
4 0.73671875 0.45078125 0.0296875 0.040625
4 0.79296875 0.5484375 0.0484375 0.05859375
4 0.8140625 0.62265625 0.0626953125 0.0853515625
4 0.86015625 0.59609375 0.0517578125 0.0802734375
4 0.90234375 0.57734375 0.046875 0.0767578125
4 0.92265625 0.65390625 0.0615234375 0.0955078125
4 0.97890625 0.6234375 0.0421875 0.071875
1 0.3859375 0.73203125 0.02890625 0.103125
1 0.39921875 0.63125 0.0205078125 0.0720703125
1 0.48125 0.60703125 0.021484375 0.0671875
1 0.578125 0.85390625 0.04921875 0.1142578125
4 0.3359375 0.50703125 0.0224609375 0.0423828125