4 0.3875 0.86875 0.152734375 0.1494140625
4 0.9578125 0.83203125 0.0814453125 0.155078125
4 0.87265625 0.6421875 0.041796875 0.0712890625
4 0.88515625 0.5765625 0.038671875 0.0505859375
4 0.89140625 0.52734375 0.0234375 0.0390625
4 0.91796875 0.4953125 0.020703125 0.0341796875
4 0.88515625 0.49921875 0.020703125 0.0265625
4 0.878125 0.4796875 0.0158203125 0.027734375
4 0.9015625 0.4734375 0.0185546875 0.0220703125
4 0.86875 0.4640625 0.0158203125 0.019140625
4 0.81640625 0.48203125 0.0173828125 0.028125
4 0.8078125 0.51484375 0.027734375 0.0296875
4 0.73203125 0.54921875 0.0357421875 0.0423828125
4 0.53828125 0.55859375 0.0552734375 0.039453125
5 0.60390625 0.725 0.113671875 0.1345703125
5 0.8234375 0.78046875 0.084765625 0.1642578125
5 0.95234375 0.5484375 0.051171875 0.109375
5 0.784375 0.54921875 0.0310546875 0.0548828125
5 0.7578125 0.50859375 0.03125 0.0521484375
5 0.7796875 0.48046875 0.021875 0.0515625
2 0.61328125 0.60234375 0.1353515625 0.1767578125