5 0.4328125 0.7765625 0.1943359375 0.268359375
5 0.89453125 0.465625 0.020703125 0.0595703125
5 0.7796875 0.484375 0.0314453125 0.0470703125
4 0.72265625 0.56015625 0.0421875 0.0517578125
4 0.5484375 0.56171875 0.0662109375 0.053125
5 0.69765625 0.671875 0.0734375 0.097265625
4 0.7734375 0.57109375 0.0380859375 0.051953125
4 0.7984375 0.53671875 0.0255859375 0.0453125
4 0.78671875 0.5125 0.026171875 0.03203125
4 0.809375 0.5078125 0.024609375 0.0310546875
4 0.82109375 0.490625 0.01875 0.025
4 0.81953125 0.46796875 0.0177734375 0.0359375
4 0.86875 0.46796875 0.019140625 0.035546875
5 0.8765625 0.45 0.021875 0.034375