4 0.48046875 0.91875 0.0486328125 0.0630859375
4 0.48046875 0.971875 0.0515625 0.05625
4 0.49609375 0.8578125 0.0490234375 0.0599609375
4 0.4171875 0.840625 0.0505859375 0.0939453125
4 0.43203125 0.78359375 0.0447265625 0.041796875
4 0.45078125 0.74609375 0.0388671875 0.053125
4 0.50078125 0.8 0.04375 0.0529296875
4 0.5125 0.7515625 0.03671875 0.0505859375
4 0.5859375 0.8046875 0.043359375 0.0626953125
4 0.58046875 0.74140625 0.0392578125 0.0671875
4 0.5828125 0.70078125 0.034375 0.0361328125
4 0.5796875 0.66796875 0.027734375 0.0296875
4 0.5765625 0.640625 0.028515625 0.034765625
4 0.4984375 0.5640625 0.028125 0.0373046875
4 0.77109375 0.740625 0.035546875 0.0595703125
4 0.81015625 0.79765625 0.0421875 0.0642578125
4 0.86171875 0.69453125 0.0384765625 0.0552734375
4 0.92890625 0.69921875 0.075 0.0544921875
4 0.98671875 0.5296875 0.0259765625 0.03515625
4 0.99140625 0.48359375 0.0171875 0.0453125
4 0.95 0.8078125 0.0623046875 0.08984375
5 0.60859375 0.5453125 0.0302734375 0.0716796875
5 0.578125 0.6015625 0.0373046875 0.078515625
5 0.525 0.6640625 0.062109375 0.1400390625
5 0.459375 0.68046875 0.0560546875 0.1142578125
5 0.3796875 0.93828125 0.075 0.1234375
5 0.5375 0.565625 0.0435546875 0.084375
5 0.575 0.5390625 0.03203125 0.0537109375
4 0.15390625 0.534375 0.0232421875 0.0501953125
4 0.17578125 0.43125 0.0296875 0.030859375
4 0.2390625 0.49140625 0.0375 0.034375
5 0.55078125 0.48515625 0.0232421875 0.065625
5 0.5234375 0.4921875 0.025390625 0.05625
2 0.6359375 0.7 0.07265625 0.14453125
2 0.62421875 0.61328125 0.0521484375 0.067578125