4 0.3328125 0.61484375 0.071875 0.0859375
4 0.26171875 0.75078125 0.089453125 0.1142578125
4 0.0296875 0.87734375 0.059375 0.1078125
4 0.503125 0.359375 0.0380859375 0.044140625
4 0.51015625 0.3078125 0.0302734375 0.0408203125
4 0.625 0.3484375 0.0251953125 0.040234375
4 0.62109375 0.32421875 0.03125 0.0328125
4 0.6171875 0.29140625 0.0220703125 0.0392578125
4 0.66015625 0.25625 0.023046875 0.028515625
4 0.6375 0.246875 0.0154296875 0.030859375
4 0.7140625 0.28046875 0.021875 0.0294921875
4 0.72109375 0.33828125 0.025 0.0333984375
4 0.71328125 0.23828125 0.0142578125 0.025