5 0.59140625 0.29921875 0.0234375 0.0392578125
4 0.153125 0.6078125 0.055859375 0.062109375
4 0.390625 0.4046875 0.0279296875 0.03125
4 0.46328125 0.390625 0.0263671875 0.0283203125
4 0.490625 0.4765625 0.03046875 0.040625
4 0.58828125 0.3875 0.0201171875 0.0251953125
5 0.63203125 0.3921875 0.0294921875 0.041015625
5 0.58671875 0.36640625 0.028125 0.0267578125
4 0.5625 0.321875 0.0193359375 0.0279296875
4 0.5296875 0.3640625 0.022265625 0.028125
4 0.6625 0.3421875 0.0189453125 0.027734375
4 0.69140625 0.32265625 0.0173828125 0.0234375
4 0.6890625 0.30234375 0.012890625 0.0236328125
4 0.61796875 0.30703125 0.015625 0.0263671875
4 0.63046875 0.284375 0.0146484375 0.024609375
4 0.64140625 0.25 0.0169921875 0.03125
4 0.71953125 0.271875 0.0115234375 0.021875
4 0.7359375 0.27734375 0.0158203125 0.0234375