4 0.5390625 0.34921875 0.033984375 0.0326171875
4 0.54921875 0.31328125 0.023828125 0.029296875
4 0.61640625 0.35390625 0.0298828125 0.038671875
4 0.6078125 0.3984375 0.0310546875 0.0408203125
4 0.5421875 0.41953125 0.0431640625 0.059375
4 0.40546875 0.4375 0.0427734375 0.044140625
4 0.2671875 0.42890625 0.052734375 0.061328125
4 0.2109375 0.65390625 0.0751953125 0.0890625
4 0.3546875 0.59375 0.0591796875 0.0744140625
4 0.52109375 0.403125 0.0302734375 0.0408203125
4 0.61484375 0.275 0.0205078125 0.0310546875
4 0.65234375 0.2671875 0.0208984375 0.040625
4 0.69765625 0.25234375 0.0146484375 0.025
4 0.703125 0.27109375 0.0220703125 0.030078125
4 0.759375 0.26484375 0.0193359375 0.0296875
5 0.33671875 0.7109375 0.1021484375 0.137109375