4 0.5625 0.54296875 0.050390625 0.0703125
4 0.621875 0.3734375 0.0375 0.040625
4 0.459375 0.35859375 0.0345703125 0.0513671875
4 0.47421875 0.32890625 0.0328125 0.0390625
4 0.36171875 0.440625 0.048046875 0.0564453125
4 0.3265625 0.52890625 0.0595703125 0.0580078125
4 0.340625 0.57734375 0.074609375 0.0857421875
4 0.20078125 0.5 0.0603515625 0.081640625
4 0.646875 0.2984375 0.0216796875 0.0341796875
4 0.65546875 0.25078125 0.019921875 0.0361328125
4 0.615625 0.23984375 0.0189453125 0.028125
4 0.72734375 0.23515625 0.0201171875 0.0263671875