5 0.31328125 0.5859375 0.0734375 0.06875
5 0.453125 0.58984375 0.0587890625 0.0736328125
4 0.3609375 0.5890625 0.0501953125 0.0560546875
4 0.02578125 0.89765625 0.0515625 0.0859375
4 0.05546875 0.596875 0.06875 0.055859375
4 0.46484375 0.3890625 0.0365234375 0.0408203125
4 0.534375 0.45390625 0.031640625 0.0423828125
4 0.6046875 0.4296875 0.027734375 0.034375
4 0.621875 0.37890625 0.0244140625 0.044921875
4 0.70703125 0.33046875 0.023046875 0.026953125
4 0.5453125 0.309375 0.0185546875 0.024609375
4 0.58046875 0.3078125 0.0173828125 0.0283203125
4 0.62265625 0.290625 0.0169921875 0.019140625
4 0.61796875 0.27578125 0.015625 0.0205078125
4 0.6765625 0.27890625 0.0185546875 0.0232421875
4 0.69375 0.28828125 0.0125 0.0205078125
4 0.6890625 0.31953125 0.015234375 0.0234375
5 0.63515625 0.25625 0.0169921875 0.0314453125