2 0.36328125 0.7125 0.0986328125 0.1625
2 0.44453125 0.61171875 0.064453125 0.111328125
2 0.646875 0.53203125 0.0380859375 0.051953125
4 0.3109375 0.940625 0.0875 0.11875
4 0.30546875 0.8328125 0.0884765625 0.109765625
4 0.50703125 0.61328125 0.0322265625 0.069921875
4 0.5578125 0.596875 0.0310546875 0.0470703125
4 0.65078125 0.83125 0.064453125 0.1435546875
4 0.7578125 0.846875 0.0716796875 0.109375
4 0.73359375 0.7921875 0.0625 0.0595703125
4 0.7234375 0.73984375 0.053515625 0.0703125
4 0.65234375 0.58203125 0.0234375 0.0484375
4 0.61640625 0.603125 0.0357421875 0.0494140625
4 0.70546875 0.56796875 0.023828125 0.040625
4 0.6859375 0.5546875 0.021875 0.0408203125
4 0.628125 0.53046875 0.0279296875 0.0361328125
4 0.5109375 0.52109375 0.0220703125 0.0296875
4 0.4796875 0.56171875 0.0220703125 0.05625
4 0.46875 0.528125 0.0193359375 0.0404296875