2 0.36328125 0.7125 0.1021484375 0.165234375
2 0.44453125 0.61171875 0.064453125 0.111328125
2 0.646875 0.53203125 0.0376953125 0.051953125
4 0.31171875 0.9421875 0.0830078125 0.1154296875
4 0.30546875 0.8328125 0.0857421875 0.10859375
4 0.50703125 0.61328125 0.0298828125 0.06875
4 0.5578125 0.596875 0.0310546875 0.0470703125
4 0.65078125 0.83125 0.0640625 0.1435546875
4 0.7578125 0.846875 0.0662109375 0.10625
4 0.73359375 0.7921875 0.064453125 0.0623046875
4 0.7234375 0.73984375 0.05625 0.071875
4 0.65234375 0.58203125 0.025 0.048828125
4 0.61640625 0.603125 0.0333984375 0.0470703125
4 0.70546875 0.56796875 0.025 0.041796875
4 0.6859375 0.5546875 0.021875 0.0408203125
4 0.628125 0.53046875 0.0279296875 0.0361328125
4 0.5109375 0.52109375 0.0216796875 0.0296875
4 0.4796875 0.56171875 0.0244140625 0.057421875
4 0.46875 0.528125 0.0193359375 0.0404296875