4 0.50703125 0.60234375 0.0384765625 0.055078125
4 0.459375 0.6015625 0.033984375 0.053125
4 0.3515625 0.63671875 0.043359375 0.0677734375
4 0.73125 0.76875 0.06875 0.081640625
4 0.7609375 0.853125 0.0751953125 0.105859375
4 0.62265625 0.51953125 0.0234375 0.0359375
4 0.584375 0.49765625 0.0189453125 0.028125
4 0.50703125 0.51875 0.023046875 0.0375
4 0.459375 0.5453125 0.0189453125 0.0314453125
4 0.4734375 0.52578125 0.015625 0.0326171875
4 0.54296875 0.4859375 0.0138671875 0.0310546875
4 0.52421875 0.48984375 0.0232421875 0.028125
4 0.49609375 0.48984375 0.0171875 0.0326171875
4 0.7046875 0.565625 0.0283203125 0.049609375
1 0.52265625 0.89765625 0.078125 0.1673828125
1 0.671875 0.86015625 0.0349609375 0.1205078125