1 0.290625 0.8765625 0.041015625 0.16015625
1 0.2828125 0.9578125 0.040625 0.084375
1 0.521875 0.4421875 0.0189453125 0.0689453125
2 0.55078125 0.4296875 0.058203125 0.1091796875
4 0.64375 0.91015625 0.125 0.1796875
4 0.59453125 0.69296875 0.0802734375 0.1447265625
4 0.421875 0.70703125 0.10546875 0.173046875
4 0.39296875 0.90546875 0.1296875 0.1890625
4 0.4796875 0.61015625 0.05625 0.1103515625
4 0.5328125 0.5671875 0.062890625 0.0869140625
4 0.55625 0.5078125 0.049609375 0.084375
4 0.4875 0.50859375 0.046875 0.0701171875
4 0.4453125 0.56015625 0.04375 0.0802734375
4 0.41875 0.51875 0.04453125 0.08125
4 0.4515625 0.440625 0.021875 0.0623046875
4 0.46875 0.38984375 0.0244140625 0.0392578125
4 0.4875 0.45390625 0.0287109375 0.0517578125
4 0.5015625 0.39921875 0.022265625 0.0390625
4 0.50078125 0.434375 0.0232421875 0.0470703125