4 0.28125 0.9046875 0.178125 0.190625
4 0.46640625 0.77109375 0.0765625 0.1916015625
4 0.5921875 0.7265625 0.0751953125 0.1564453125
4 0.65390625 0.94609375 0.1140625 0.1078125
4 0.58125 0.5796875 0.059765625 0.1318359375
4 0.4640625 0.62421875 0.0537109375 0.1052734375
4 0.3890625 0.6046875 0.062890625 0.11484375
4 0.48203125 0.5546875 0.048828125 0.0650390625
4 0.4828125 0.4875 0.0373046875 0.059765625
4 0.44296875 0.47109375 0.0361328125 0.0701171875
4 0.49765625 0.459375 0.0416015625 0.06875
2 0.55859375 0.4609375 0.061328125 0.124609375
1 0.52578125 0.5828125 0.0236328125 0.0966796875
4 0.46640625 0.39765625 0.021875 0.0359375