4 0.28125 0.90546875 0.175 0.1890625
4 0.46640625 0.77109375 0.0734375 0.1896484375
4 0.5921875 0.7265625 0.0783203125 0.1587890625
4 0.65390625 0.94609375 0.1140625 0.1078125
4 0.58125 0.5796875 0.056640625 0.1314453125
4 0.4640625 0.62421875 0.0533203125 0.1048828125
4 0.3890625 0.6046875 0.062109375 0.112890625
4 0.48203125 0.5546875 0.048046875 0.0630859375
4 0.4828125 0.4875 0.0369140625 0.059765625
4 0.44296875 0.47109375 0.0384765625 0.0705078125
4 0.49765625 0.459375 0.0388671875 0.068359375
2 0.55859375 0.4609375 0.059375 0.122265625
1 0.52578125 0.5828125 0.0263671875 0.0966796875
4 0.46640625 0.39765625 0.023046875 0.036328125