4 0.28125 0.90546875 0.175 0.1890625
4 0.46640625 0.77109375 0.0703125 0.1892578125
4 0.5921875 0.7265625 0.0787109375 0.1591796875
4 0.65390625 0.94609375 0.1140625 0.1078125
4 0.58125 0.5796875 0.06328125 0.1341796875
4 0.4640625 0.62421875 0.0568359375 0.1076171875
4 0.3890625 0.6046875 0.065625 0.115234375
4 0.48203125 0.5546875 0.048828125 0.0650390625
4 0.4828125 0.4875 0.0349609375 0.059375
4 0.44296875 0.47109375 0.0361328125 0.0701171875
4 0.49765625 0.459375 0.0396484375 0.06875
2 0.55859375 0.4609375 0.0578125 0.122265625
1 0.52578125 0.5828125 0.0271484375 0.0970703125
4 0.46640625 0.39765625 0.021875 0.0359375