1 0.290625 0.8765625 0.046875 0.162109375
1 0.2828125 0.9578125 0.041015625 0.084375
1 0.521875 0.4421875 0.0181640625 0.0689453125
2 0.55078125 0.4296875 0.063671875 0.1119140625
4 0.64375 0.9109375 0.121875 0.178125
4 0.59453125 0.69296875 0.0791015625 0.1423828125
4 0.421875 0.70703125 0.096875 0.16875
4 0.39296875 0.9046875 0.1328125 0.190625
4 0.4796875 0.61015625 0.05390625 0.1083984375
4 0.5328125 0.5671875 0.059375 0.0841796875
4 0.55625 0.5078125 0.052734375 0.08515625
4 0.4875 0.50859375 0.046875 0.0701171875
4 0.4453125 0.56015625 0.04375 0.0802734375
4 0.41875 0.51875 0.044140625 0.080859375
4 0.4515625 0.440625 0.02265625 0.0623046875
4 0.46875 0.38984375 0.0244140625 0.0392578125
4 0.4875 0.45390625 0.0306640625 0.0521484375
4 0.5015625 0.39921875 0.024609375 0.039453125
4 0.50078125 0.434375 0.0236328125 0.0470703125