1 0.4421875 0.6484375 0.034765625 0.108984375
1 0.42265625 0.47421875 0.0259765625 0.0732421875
1 0.4734375 0.41328125 0.018359375 0.053125
4 0.65390625 0.921875 0.1359375 0.15625
4 0.3125 0.91015625 0.140625 0.1796875
4 0.45703125 0.9296875 0.1046875 0.140625
4 0.45859375 0.80078125 0.092578125 0.1673828125
4 0.59609375 0.70859375 0.0826171875 0.1669921875
4 0.38203125 0.65625 0.070703125 0.1314453125
4 0.41875 0.55 0.0537109375 0.081640625
4 0.47578125 0.58984375 0.0580078125 0.1107421875
4 0.45234375 0.48359375 0.03125 0.0642578125
4 0.45390625 0.43515625 0.0267578125 0.0455078125
4 0.484375 0.52421875 0.031640625 0.053125
4 0.49921875 0.49453125 0.0298828125 0.0546875
4 0.49453125 0.45703125 0.028125 0.054296875
4 0.50078125 0.4171875 0.026171875 0.0529296875
4 0.5453125 0.45703125 0.037109375 0.0453125
4 0.55546875 0.51953125 0.05 0.078125
2 0.53359375 0.39453125 0.040625 0.0734375