4 0.4171875 0.55390625 0.0369140625 0.0521484375
4 0.45625 0.48203125 0.0220703125 0.034375
4 0.48515625 0.44921875 0.019921875 0.0294921875
4 0.47265625 0.44375 0.015625 0.021875
4 0.56875 0.90390625 0.091015625 0.1740234375
4 0.7890625 0.8078125 0.0943359375 0.133984375
4 0.54921875 0.6421875 0.0486328125 0.081640625
4 0.61796875 0.56953125 0.042578125 0.0708984375
4 0.55078125 0.51328125 0.0271484375 0.046875
4 0.54453125 0.48984375 0.0171875 0.0390625
4 0.55390625 0.4671875 0.015625 0.028515625
5 0.6765625 0.753125 0.121875 0.287109375