5 0.4125 0.5421875 0.0626953125 0.1251953125
4 0.5921875 0.9484375 0.103125 0.103125
4 0.84921875 0.94453125 0.1328125 0.1109375
4 0.5421875 0.5828125 0.037109375 0.059765625
4 0.596875 0.54140625 0.027734375 0.0365234375
4 0.46484375 0.5421875 0.026171875 0.0318359375
4 0.44921875 0.51015625 0.0208984375 0.029296875
4 0.48515625 0.48359375 0.0140625 0.0236328125
4 0.46328125 0.484375 0.014453125 0.0248046875
4 0.53203125 0.5015625 0.0142578125 0.0248046875
5 0.5109375 0.5078125 0.0244140625 0.041015625