5 0.5265625 0.6171875 0.05 0.1068359375
5 0.44765625 0.49609375 0.0375 0.080078125
5 0.746875 0.7515625 0.125390625 0.16484375
4 0.75390625 0.7484375 0.085546875 0.112109375
1 0.59375 0.68046875 0.0251953125 0.0986328125
4 0.3734375 0.6421875 0.0474609375 0.091015625
4 0.478125 0.4984375 0.0158203125 0.0189453125
4 0.50859375 0.49765625 0.0142578125 0.021875
4 0.53203125 0.49765625 0.0107421875 0.0234375
4 0.56015625 0.509375 0.0201171875 0.025390625
4 0.590625 0.5484375 0.025 0.034375
4 0.55625 0.55859375 0.0283203125 0.0359375
4 0.53671875 0.47265625 0.0115234375 0.01875
4 0.52265625 0.4828125 0.0142578125 0.016015625