4 0.4171875 0.55390625 0.0349609375 0.0517578125
4 0.45625 0.48203125 0.0224609375 0.035546875
4 0.48515625 0.44921875 0.019921875 0.0298828125
4 0.47265625 0.44375 0.015625 0.021875
4 0.56875 0.90390625 0.097265625 0.1767578125
4 0.7890625 0.8078125 0.0943359375 0.133984375
4 0.54921875 0.6421875 0.0521484375 0.083984375
4 0.61796875 0.56953125 0.040625 0.0705078125
4 0.55078125 0.51328125 0.0291015625 0.048046875
4 0.54453125 0.48984375 0.017578125 0.0390625
4 0.55390625 0.4671875 0.015625 0.028515625
5 0.6765625 0.753125 0.11640625 0.284765625