4 0.3671875 0.96953125 0.05625 0.0609375
4 0.31171875 0.9203125 0.0572265625 0.1095703125
4 0.37421875 0.76640625 0.034375 0.0671875
5 0.47109375 0.81796875 0.0423828125 0.1083984375
5 0.4125 0.61484375 0.0310546875 0.0736328125
1 0.45234375 0.946875 0.0296875 0.10625
4 0.4265625 0.7296875 0.03984375 0.0693359375
4 0.3921875 0.68671875 0.031640625 0.055078125
4 0.4421875 0.65625 0.025390625 0.0560546875
4 0.478125 0.67421875 0.025 0.046875
4 0.46640625 0.634375 0.0234375 0.044140625
4 0.45234375 0.5984375 0.0208984375 0.046875
4 0.48515625 0.575 0.01875 0.037109375
4 0.565625 0.68515625 0.0306640625 0.0548828125
4 0.58984375 0.80390625 0.042578125 0.076953125
4 0.70625 0.80546875 0.0537109375 0.0640625
4 0.6234375 0.63984375 0.02265625 0.0455078125
4 0.60546875 0.60703125 0.0240234375 0.038671875
4 0.553125 0.54609375 0.01953125 0.0451171875