4 0.353125 0.9140625 0.0654296875 0.14140625
5 0.2640625 0.9203125 0.0875 0.159375
5 0.7296875 0.6640625 0.0595703125 0.0818359375
4 0.81875 0.94453125 0.0875 0.1109375
4 0.7046875 0.88828125 0.0623046875 0.1021484375
4 0.7390625 0.80078125 0.06484375 0.0833984375
4 0.6484375 0.74296875 0.0439453125 0.0708984375
4 0.59609375 0.77734375 0.051171875 0.0955078125
4 0.45546875 0.775 0.051171875 0.0869140625
4 0.6765625 0.69140625 0.03515625 0.051171875
4 0.69375 0.62734375 0.03125 0.0486328125
4 0.65546875 0.640625 0.0357421875 0.04375
4 0.6046875 0.6296875 0.028515625 0.0435546875
4 0.62890625 0.59921875 0.0302734375 0.0451171875
4 0.59765625 0.53515625 0.020703125 0.036328125
4 0.5890625 0.49765625 0.016015625 0.0267578125
4 0.5671875 0.5375 0.0193359375 0.0310546875
4 0.55390625 0.584375 0.025 0.0376953125
4 0.43828125 0.62421875 0.030078125 0.045703125
4 0.33203125 0.6578125 0.0390625 0.053515625
4 0.371875 0.58046875 0.0287109375 0.044921875
4 0.41171875 0.5734375 0.0271484375 0.041015625
4 0.45 0.5640625 0.02421875 0.0412109375
4 0.48046875 0.5578125 0.0208984375 0.034765625
4 0.42421875 0.5359375 0.0205078125 0.03125
4 0.39375 0.53671875 0.019140625 0.0328125
4 0.43359375 0.5078125 0.0177734375 0.022265625
4 0.45625 0.51171875 0.01875 0.0263671875
4 0.4859375 0.49609375 0.0181640625 0.033203125