4 0.353125 0.9140625 0.0595703125 0.140625
5 0.26484375 0.92109375 0.080078125 0.1578125
5 0.7296875 0.6640625 0.0623046875 0.0841796875
4 0.81953125 0.94453125 0.0859375 0.1109375
4 0.7046875 0.88828125 0.0599609375 0.1017578125
4 0.7390625 0.80078125 0.062890625 0.0830078125
4 0.6484375 0.74296875 0.0435546875 0.0708984375
4 0.59609375 0.77734375 0.048828125 0.0951171875
4 0.45546875 0.775 0.0484375 0.0845703125
4 0.6765625 0.69140625 0.034765625 0.05
4 0.69375 0.62734375 0.030859375 0.0486328125
4 0.65546875 0.640625 0.0365234375 0.04453125
4 0.6046875 0.6296875 0.028125 0.0435546875
4 0.62890625 0.59921875 0.0298828125 0.0451171875
4 0.59765625 0.53515625 0.0203125 0.0359375
4 0.5890625 0.49765625 0.016015625 0.0267578125
4 0.5671875 0.5375 0.0193359375 0.0310546875
4 0.55390625 0.584375 0.025 0.0376953125
4 0.43828125 0.62421875 0.0296875 0.045703125
4 0.33203125 0.6578125 0.039453125 0.053515625
4 0.371875 0.58046875 0.0306640625 0.044921875
4 0.41171875 0.5734375 0.0291015625 0.04140625
4 0.45 0.5640625 0.022265625 0.0408203125
4 0.48046875 0.5578125 0.0201171875 0.034375
4 0.42421875 0.5359375 0.0208984375 0.03125
4 0.39375 0.53671875 0.021484375 0.033203125
4 0.43359375 0.5078125 0.0177734375 0.022265625
4 0.45625 0.51171875 0.018359375 0.0263671875
4 0.4859375 0.49609375 0.0162109375 0.0328125