4 0.78984375 0.7953125 0.0611328125 0.0845703125
4 0.715625 0.78203125 0.053125 0.0771484375
4 0.64140625 0.75390625 0.0271484375 0.0548828125
4 0.5671875 0.69375 0.03125 0.05625
4 0.596875 0.6546875 0.0283203125 0.0470703125
4 0.678125 0.634375 0.025390625 0.0435546875
4 0.4484375 0.88671875 0.053125 0.1392578125
4 0.3515625 0.971875 0.059375 0.05625
4 0.346875 0.78359375 0.0498046875 0.0955078125
4 0.30703125 0.75390625 0.0427734375 0.0923828125
4 0.47109375 0.721875 0.0330078125 0.0755859375
1 0.4203125 0.73984375 0.015234375 0.0703125
1 0.609375 0.771875 0.021875 0.071875
4 0.3734375 0.69296875 0.0375 0.0736328125
4 0.440625 0.61953125 0.0337890625 0.0548828125
4 0.4796875 0.64609375 0.0224609375 0.053125
4 0.4796875 0.59609375 0.0224609375 0.0365234375
4 0.55 0.62734375 0.0251953125 0.0451171875
4 0.54453125 0.58125 0.023046875 0.037109375
4 0.5796875 0.5921875 0.0248046875 0.0373046875
4 0.60859375 0.5890625 0.0205078125 0.033984375
4 0.63125 0.61875 0.025390625 0.0375
5 0.42265625 0.5546875 0.035546875 0.07734375
4 0.38671875 0.59609375 0.0236328125 0.0390625
4 0.45859375 0.54921875 0.016796875 0.03125
4 0.48515625 0.5453125 0.016796875 0.028125