4 0.78984375 0.7953125 0.0611328125 0.0845703125
4 0.715625 0.78203125 0.052734375 0.0767578125
4 0.64140625 0.75390625 0.0291015625 0.0552734375
4 0.5671875 0.69375 0.02890625 0.055859375
4 0.596875 0.6546875 0.0279296875 0.0470703125
4 0.678125 0.634375 0.025390625 0.0435546875
4 0.4484375 0.88671875 0.05390625 0.1396484375
4 0.35234375 0.97265625 0.0578125 0.0546875
4 0.346875 0.78359375 0.0494140625 0.0955078125
4 0.30703125 0.75390625 0.0427734375 0.0923828125
4 0.47109375 0.721875 0.0326171875 0.0755859375
1 0.4203125 0.73984375 0.015234375 0.0703125
1 0.609375 0.771875 0.01953125 0.071875
4 0.3734375 0.69296875 0.037890625 0.0740234375
4 0.440625 0.61953125 0.0318359375 0.0544921875
4 0.4796875 0.64609375 0.0244140625 0.054296875
4 0.4796875 0.59609375 0.0220703125 0.0361328125
4 0.55 0.62734375 0.0275390625 0.0455078125
4 0.54453125 0.58125 0.0234375 0.0375
4 0.5796875 0.5921875 0.0255859375 0.0376953125
4 0.60859375 0.5890625 0.0228515625 0.034375
4 0.63125 0.61875 0.027734375 0.037890625
5 0.42265625 0.5546875 0.0328125 0.075
4 0.38671875 0.59609375 0.0240234375 0.0390625
4 0.45859375 0.54921875 0.0171875 0.032421875
4 0.48515625 0.5453125 0.016796875 0.028125