2 0.65859375 0.51171875 0.0666015625 0.0771484375
1 0.20234375 0.70859375 0.0234375 0.0953125
4 0.74296875 0.6796875 0.0697265625 0.08515625
4 0.60078125 0.62109375 0.0396484375 0.051953125
4 0.5203125 0.7109375 0.0560546875 0.078125
4 0.60390625 0.5703125 0.0333984375 0.0412109375
4 0.609375 0.52890625 0.0283203125 0.0390625
4 0.57265625 0.49765625 0.025 0.0294921875
4 0.55 0.48671875 0.01875 0.0294921875
4 0.5296875 0.46875 0.0185546875 0.025
4 0.4609375 0.54453125 0.0251953125 0.0419921875
4 0.38515625 0.540625 0.028125 0.037890625
4 0.2046875 0.64609375 0.0623046875 0.070703125
4 0.10078125 0.5453125 0.042578125 0.0505859375
4 0.215625 0.509375 0.030859375 0.037890625
4 0.26015625 0.50859375 0.0205078125 0.0328125
4 0.38046875 0.48828125 0.017578125 0.0328125
4 0.41640625 0.48046875 0.0205078125 0.0326171875