4 0.30703125 0.734375 0.066796875 0.09453125
4 0.26171875 0.68671875 0.0580078125 0.0767578125
4 0.03984375 0.82734375 0.0796875 0.1234375
4 0.096875 0.63125 0.059375 0.077734375
4 0.15625 0.5484375 0.034765625 0.0498046875
4 0.240625 0.5109375 0.0255859375 0.0412109375
4 0.3296875 0.51953125 0.0251953125 0.0392578125
4 0.39140625 0.540625 0.029296875 0.0412109375
4 0.371875 0.50859375 0.019140625 0.0361328125
4 0.3625 0.48984375 0.0212890625 0.0390625
4 0.56015625 0.55703125 0.0353515625 0.05
4 0.60390625 0.528125 0.029296875 0.0470703125
4 0.8328125 0.86015625 0.1060546875 0.1361328125
4 0.5078125 0.47109375 0.0224609375 0.0330078125
4 0.57265625 0.48828125 0.0203125 0.0330078125
4 0.5390625 0.46484375 0.0130859375 0.0328125
4 0.55390625 0.4546875 0.015625 0.0373046875
4 0.4609375 0.5359375 0.0337890625 0.03515625
4 0.446875 0.50625 0.0220703125 0.040625
1 0.23046875 0.653125 0.023828125 0.0751953125
1 0.05234375 0.63828125 0.0294921875 0.066796875
1 0.09765625 0.83203125 0.0447265625 0.1330078125