2 0.6390625 0.54296875 0.0744140625 0.1072265625
2 0.80078125 0.6046875 0.1125 0.1404296875
2 0.26328125 0.4765625 0.046875 0.0623046875
4 0.1375 0.71328125 0.0748046875 0.1125
4 0.03515625 0.95546875 0.0703125 0.0890625
4 0.20546875 0.51796875 0.028125 0.041796875
4 0.29609375 0.49140625 0.023046875 0.0267578125
4 0.35234375 0.50625 0.0240234375 0.031640625
4 0.290625 0.5546875 0.0400390625 0.046875
4 0.38515625 0.49296875 0.0171875 0.0330078125
4 0.38828125 0.53515625 0.0265625 0.039453125
4 0.365625 0.58984375 0.037109375 0.05
4 0.61640625 0.940625 0.1015625 0.11875
4 0.8078125 0.82578125 0.106640625 0.1546875
4 0.546875 0.48984375 0.0255859375 0.0427734375
4 0.4859375 0.61484375 0.043359375 0.0521484375
4 0.43984375 0.49375 0.0205078125 0.034375
1 0.57734375 0.55703125 0.0177734375 0.0580078125
1 0.29453125 0.59296875 0.0171875 0.059375