2 0.1875 0.50234375 0.0720703125 0.085546875
2 0.57890625 0.48671875 0.0451171875 0.065625
2 0.80546875 0.60390625 0.1142578125 0.130078125
4 0.8 0.828125 0.0970703125 0.109765625
4 0.53515625 0.70546875 0.0578125 0.08125
4 0.47734375 0.59609375 0.0388671875 0.0634765625
4 0.44921875 0.51796875 0.0228515625 0.035546875
4 0.3984375 0.51171875 0.0220703125 0.0328125
4 0.34765625 0.540625 0.0322265625 0.0412109375
4 0.31015625 0.5390625 0.0291015625 0.047265625
4 0.353125 0.50078125 0.01953125 0.0361328125
4 0.225 0.53359375 0.03203125 0.0396484375
4 0.265625 0.484375 0.0193359375 0.0314453125
4 0.60390625 0.57421875 0.0384765625 0.055078125
4 0.6546875 0.6609375 0.058984375 0.0681640625
4 0.71953125 0.640625 0.0552734375 0.0599609375
1 0.1078125 0.6125 0.0248046875 0.069140625