4 0.3625 0.775 0.06953125 0.1255859375
4 0.2359375 0.71875 0.07265625 0.1033203125
4 0.04765625 0.66640625 0.070703125 0.1046875
4 0.1296875 0.60859375 0.05625 0.0759765625
4 0.17734375 0.51953125 0.0357421875 0.0423828125
4 0.27265625 0.503125 0.0384765625 0.0505859375
4 0.27265625 0.6359375 0.048828125 0.059765625
4 0.359375 0.4921875 0.0185546875 0.034765625
4 0.3890625 0.4890625 0.016015625 0.0251953125
4 0.43671875 0.4859375 0.0173828125 0.028125
4 0.44921875 0.5203125 0.0240234375 0.0287109375
4 0.4734375 0.559375 0.02890625 0.0408203125
4 0.6109375 0.58203125 0.0408203125 0.045703125
4 0.63359375 0.53359375 0.0291015625 0.035546875
4 0.55 0.49609375 0.019140625 0.044921875
4 0.74453125 0.734375 0.0798828125 0.0875
4 0.80078125 0.91953125 0.126171875 0.154296875
2 0.790625 0.59453125 0.112890625 0.1357421875
2 0.546875 0.45546875 0.034765625 0.0578125