4 0.19140625 0.6078125 0.2984375 0.2150390625
4 0.52421875 0.5046875 0.194921875 0.1587890625
4 0.68984375 0.3859375 0.1875 0.1064453125
4 0.49921875 0.3546875 0.1173828125 0.084375
4 0.296875 0.3765625 0.156640625 0.103125
4 0.3484375 0.29453125 0.103125 0.0576171875
4 0.4765625 0.278125 0.091015625 0.059375
4 0.609375 0.28046875 0.1060546875 0.0580078125
5 0.5703125 0.22734375 0.08515625 0.0548828125
4 0.36796875 0.2515625 0.1046875 0.053125
4 0.39375 0.21015625 0.05625 0.038671875
4 0.475 0.21484375 0.046875 0.0361328125
4 0.478125 0.24140625 0.096875 0.025
4 0.2875 0.17578125 0.0595703125 0.0357421875
4 0.30234375 0.15078125 0.0484375 0.0208984375
5 0.40390625 0.1703125 0.080078125 0.053515625
4 0.54765625 0.1828125 0.0669921875 0.028125
4 0.47890625 0.175 0.054296875 0.0255859375