4 0.59765625 0.859375 0.3580078125 0.28125
4 0.15625 0.64296875 0.3125 0.2765625
4 0.259375 0.4515625 0.215234375 0.1154296875
4 0.5015625 0.490625 0.216015625 0.166015625
4 0.684375 0.403125 0.196484375 0.105859375
4 0.8359375 0.640625 0.328125 0.29375
4 0.48359375 0.3203125 0.1115234375 0.07890625
4 0.31640625 0.334375 0.15 0.0935546875
4 0.06171875 0.24765625 0.1234375 0.0703125
4 0.3640625 0.2671875 0.093359375 0.0537109375
4 0.61171875 0.2828125 0.1240234375 0.0658203125
4 0.59140625 0.2328125 0.0875 0.046875
4 0.4734375 0.2578125 0.078515625 0.0466796875
4 0.49140625 0.21953125 0.0705078125 0.0390625
4 0.38359375 0.2171875 0.0640625 0.0345703125
4 0.48203125 0.17890625 0.0576171875 0.0267578125
4 0.56796875 0.2 0.057421875 0.027734375
2 0.54765625 0.16328125 0.0740234375 0.0552734375
5 0.4 0.16796875 0.0873046875 0.065625
5 0.2859375 0.15234375 0.07109375 0.0544921875