4 0.809375 0.54296875 0.300390625 0.191796875
4 0.53515625 0.52578125 0.204296875 0.1546875
5 0.40546875 0.15859375 0.0833984375 0.0552734375
4 0.2078125 0.50625 0.2564453125 0.171875
4 0.325 0.33203125 0.1150390625 0.06875
4 0.04296875 0.35390625 0.0859375 0.0953125
4 0.4765625 0.3109375 0.1154296875 0.08359375
4 0.65546875 0.346875 0.175 0.08828125
4 0.5890625 0.25078125 0.0849609375 0.0423828125
4 0.48046875 0.24453125 0.0888671875 0.0392578125
4 0.34765625 0.26875 0.098046875 0.0630859375
4 0.37421875 0.2296875 0.075 0.028515625
4 0.384375 0.19921875 0.0716796875 0.0361328125
4 0.4671875 0.21171875 0.062890625 0.035546875
4 0.56640625 0.20859375 0.08125 0.0427734375
4 0.56171875 0.1859375 0.0671875 0.0224609375
2 0.5375 0.14921875 0.0658203125 0.04375