4 0.19140625 0.6078125 0.296875 0.2123046875
4 0.52421875 0.5046875 0.194921875 0.1587890625
4 0.68984375 0.3859375 0.186328125 0.1056640625
4 0.49921875 0.3546875 0.1142578125 0.07890625
4 0.296875 0.3765625 0.156640625 0.103125
4 0.3484375 0.29453125 0.103515625 0.0583984375
4 0.4765625 0.278125 0.093359375 0.062109375
4 0.609375 0.28046875 0.1060546875 0.0580078125
5 0.5703125 0.22734375 0.084765625 0.0541015625
4 0.36796875 0.2515625 0.104296875 0.052734375
4 0.39375 0.21015625 0.055859375 0.0359375
4 0.475 0.21484375 0.047265625 0.0365234375
4 0.478125 0.24140625 0.097265625 0.026953125
4 0.2875 0.17578125 0.0599609375 0.0361328125
4 0.30234375 0.15078125 0.0484375 0.0228515625
5 0.40390625 0.1703125 0.080078125 0.053515625
4 0.54765625 0.1828125 0.0673828125 0.028515625
4 0.47890625 0.175 0.054296875 0.0275390625