4 0.19140625 0.6078125 0.2984375 0.2150390625
4 0.52421875 0.5046875 0.1984375 0.1626953125
4 0.68984375 0.3859375 0.1859375 0.1029296875
4 0.49921875 0.3546875 0.1138671875 0.078125
4 0.296875 0.3765625 0.155859375 0.100390625
4 0.3484375 0.29453125 0.10390625 0.0603515625
4 0.4765625 0.278125 0.093359375 0.062109375
4 0.609375 0.28046875 0.1060546875 0.0576171875
5 0.5703125 0.22734375 0.084375 0.0517578125
4 0.36796875 0.2515625 0.1046875 0.05390625
4 0.39375 0.21015625 0.055859375 0.036328125
4 0.475 0.21484375 0.046875 0.0361328125
4 0.478125 0.24140625 0.096875 0.025
4 0.2875 0.17578125 0.0595703125 0.0357421875
4 0.30234375 0.15078125 0.0484375 0.0228515625
5 0.40390625 0.1703125 0.080078125 0.053515625
4 0.54765625 0.1828125 0.0673828125 0.03125
4 0.47890625 0.175 0.053125 0.0251953125