4 0.596875 0.8546875 0.371875 0.290625
4 0.15703125 0.64375 0.3140625 0.278125
4 0.259375 0.4515625 0.2125 0.1095703125
4 0.5015625 0.490625 0.212109375 0.159375
4 0.684375 0.403125 0.197265625 0.109765625
4 0.83671875 0.640625 0.3265625 0.290625
4 0.48359375 0.3203125 0.1134765625 0.080859375
4 0.31640625 0.334375 0.151953125 0.0970703125
4 0.0625 0.246875 0.125 0.075
4 0.3640625 0.2671875 0.09140625 0.0533203125
4 0.61171875 0.2828125 0.1236328125 0.0654296875
4 0.59140625 0.2328125 0.086328125 0.046484375
4 0.4734375 0.2578125 0.080859375 0.0474609375
4 0.49140625 0.21953125 0.0708984375 0.041796875
4 0.38359375 0.2171875 0.064453125 0.0369140625
4 0.48203125 0.17890625 0.0576171875 0.0271484375
4 0.56796875 0.2 0.057421875 0.028125
2 0.54765625 0.16328125 0.0763671875 0.0576171875
5 0.4 0.16796875 0.0900390625 0.06875
5 0.2859375 0.15234375 0.071484375 0.0548828125