6 0.97734375 0.603125 0.0453125 0.66875
6 0.028125 0.5109375 0.05625 0.684375
6 0.596875 0.49296875 0.06875 0.1375
6 0.5109375 0.50859375 0.1265625 0.5
6 0.41640625 0.52109375 0.15625 0.603125
6 0.59140625 0.4859375 0.1328125 0.5171875
6 0.25703125 0.52265625 0.140625 0.625
6 0.4609375 0.47109375 0.1265625 0.5328125
6 0.19921875 0.61015625 0.18125 0.6765625
6 0.34609375 0.55390625 0.178125 0.6921875
6 0.66328125 0.56328125 0.1640625 0.69375
6 0.4796875 0.6125 0.178125 0.6453125
6 0.05703125 0.5375 0.1140625 0.70625
6 0.5765625 0.5890625 0.2171875 0.7
6 0.396875 0.6765625 0.159375 0.646875
6 0.74296875 0.65234375 0.1921875 0.6828125
6 0.57421875 0.69921875 0.3828125 0.6015625
6 0.1359375 0.55546875 0.2328125 0.7390625
6 0.27734375 0.67421875 0.1984375 0.6515625
6 0.8640625 0.59921875 0.24375 0.7828125