6 0.22890625 0.44140625 0.0359375 0.0921875
6 0.74765625 0.48125 0.1265625 0.665625
6 0.215625 0.45 0.1046875 0.6703125
6 0.85234375 0.48125 0.1296875 0.66875
6 0.68671875 0.4984375 0.0953125 0.615625
6 0.9234375 0.4953125 0.1234375 0.6609375
6 0.29921875 0.46171875 0.10625 0.6953125
6 0.06953125 0.4578125 0.0875 0.6515625
6 0.22265625 0.596875 0.1453125 0.4171875
6 0.38359375 0.45859375 0.1 0.6671875
6 0.546875 0.5890625 0.1359375 0.4671875
6 0.6546875 0.58984375 0.1328125 0.459375
6 0.14296875 0.44765625 0.1015625 0.6984375
6 0.353125 0.6015625 0.1078125 0.43125
6 0.45078125 0.58046875 0.0953125 0.459375
6 0.775 0.5921875 0.1296875 0.4734375