6 0.84375 0.38984375 0.128125 0.384375
6 0.0515625 0.50546875 0.05 0.0703125
6 0.06484375 0.50546875 0.0296875 0.0625
6 0.07890625 0.5 0.0265625 0.06875
6 0.0125 0.5 0.025 0.071875
6 0.05234375 0.5046875 0.0265625 0.06875
6 0.8265625 0.371875 0.0515625 0.1484375
6 0.040625 0.50859375 0.03125 0.0734375
6 0.90390625 0.3765625 0.0796875 0.2140625
6 0.68828125 0.43359375 0.2078125 0.6015625
6 0.203125 0.471875 0.034375 0.09375
6 0.621875 0.425 0.203125 0.590625
6 0.94296875 0.371875 0.0671875 0.178125
6 0.7765625 0.40078125 0.2140625 0.6453125
6 0.87421875 0.39609375 0.228125 0.678125
6 0.540625 0.5265625 0.2125 0.5171875
6 0.43359375 0.55546875 0.184375 0.4546875
6 0.3453125 0.48359375 0.1859375 0.553125
6 0.25 0.47890625 0.190625 0.596875
6 0.1421875 0.5015625 0.209375 0.5921875
6 0.3265625 0.58359375 0.178125 0.45