6 0.159375 0.303125 0.04375 0.075
6 0.2734375 0.2796875 0.0359375 0.0765625
6 0.8515625 0.1875 0.0328125 0.103125
6 0.78515625 0.325 0.0265625 0.0421875
6 0.13515625 0.26953125 0.0421875 0.146875
6 0.78125 0.18125 0.03125 0.0703125
6 0.14609375 0.28359375 0.040625 0.1390625
6 0.8546875 0.16640625 0.0296875 0.0703125
6 0.92109375 0.10078125 0.0375 0.0921875
6 0.16328125 0.2734375 0.040625 0.1390625
6 0.81640625 0.175 0.0421875 0.090625
6 0.83984375 0.24921875 0.0421875 0.128125
6 0.00390625 0.25546875 0.0078125 0.1390625
6 0.2765625 0.25546875 0.040625 0.14375
6 0.6671875 0.43828125 0.13125 0.5296875
6 0.025 0.275 0.04375 0.1578125
6 0.215625 0.27578125 0.0453125 0.1140625
6 0.0484375 0.2703125 0.0421875 0.153125
6 0.5859375 0.25625 0.0421875 0.1328125
6 0.3375 0.2640625 0.0421875 0.1421875
6 0.18828125 0.26484375 0.04375 0.15625
6 0.19375 0.49453125 0.1671875 0.5953125
6 0.109375 0.26484375 0.0375 0.134375
6 0.06953125 0.26796875 0.046875 0.1484375
6 0.6015625 0.51328125 0.146875 0.4578125
6 0.3625 0.2640625 0.05 0.1453125
6 0.31875 0.42890625 0.19375 0.5734375
6 0.7046875 0.27109375 0.0421875 0.1234375
6 0.39140625 0.4921875 0.2015625 0.5765625
6 0.51484375 0.53203125 0.215625 0.4890625
6 0.2890625 0.590625 0.15 0.5203125
6 0.41328125 0.2640625 0.046875 0.146875
6 0.8390625 0.30625 0.0625 0.1859375
6 0.74609375 0.54296875 0.203125 0.4671875
6 0.5859375 0.66953125 0.35 0.5828125