6 0.11953125 0.48515625 0.2390625 0.9703125
6 0.62421875 0.24375 0.19375 0.39375
6 0.38046875 0.2234375 0.1515625 0.3203125
6 0.92578125 0.23125 0.1484375 0.34375
6 0.4859375 0.65625 0.553125 0.6875
6 0.53046875 0.18515625 0.0953125 0.35625
6 0.60703125 0.1578125 0.0703125 0.2828125
6 0.68515625 0.16953125 0.1015625 0.3265625
6 0.821875 0.5515625 0.309375 0.896875
6 0.4359375 0.25234375 0.1625 0.5046875
6 0.5421875 0.29453125 0.1375 0.584375
6 0.703125 0.309375 0.153125 0.571875
6 0.8 0.1671875 0.1109375 0.315625