6 0.3421875 0.325 0.059375 0.090625
6 0.04921875 0.33203125 0.0390625 0.08125
6 0.51953125 0.2625 0.0375 0.090625
6 0.07578125 0.3125 0.0453125 0.1375
6 0.54296875 0.26171875 0.0375 0.0796875
6 0.3328125 0.30625 0.078125 0.2109375
6 0.809375 0.3921875 0.1359375 0.2609375
6 0.3640625 0.2875 0.0515625 0.146875
6 0.096875 0.34375 0.0703125 0.2078125
6 0.89765625 0.37734375 0.1296875 0.2828125
6 0.56953125 0.2578125 0.0375 0.078125
6 0.49609375 0.26484375 0.0546875 0.1390625
6 0.41796875 0.28671875 0.059375 0.153125
6 0.1875 0.30703125 0.05 0.1203125
6 0.4453125 0.28359375 0.075 0.1671875
6 0.73046875 0.28125 0.090625 0.228125
6 0.59765625 0.43671875 0.1953125 0.3140625
6 0.21328125 0.38359375 0.1171875 0.1953125
6 0.028125 0.3515625 0.05625 0.215625
6 0.503125 0.415625 0.1640625 0.2984375
6 0.32421875 0.4609375 0.23125 0.3671875
6 0.15 0.340625 0.0765625 0.2015625
6 0.2 0.55625 0.3265625 0.475
6 0.71484375 0.58203125 0.3734375 0.5671875