6 0.55078125 0.57265625 0.0515625 0.0953125
6 0.803125 0.51875 0.0578125 0.10625
6 0.4859375 0.5890625 0.053125 0.096875
6 0.8609375 0.46953125 0.05625 0.090625
6 0.6796875 0.5609375 0.059375 0.0984375
6 0.540625 0.55078125 0.146875 0.4046875
6 0.87734375 0.50234375 0.1546875 0.396875
6 0.33515625 0.56796875 0.1453125 0.421875
6 0.82734375 0.51484375 0.14375 0.3890625
6 0.5421875 0.4234375 0.1421875 0.375
6 0.584375 0.575 0.1453125 0.4140625
6 0.6734375 0.5453125 0.1515625 0.446875
6 0.40390625 0.4875 0.140625 0.384375
6 0.79375 0.334375 0.0953125 0.275
6 0.2921875 0.5984375 0.1609375 0.471875
6 0.37734375 0.55078125 0.140625 0.4109375
6 0.46484375 0.45234375 0.15625 0.421875
6 0.6140625 0.50078125 0.1515625 0.4296875
6 0.76328125 0.4171875 0.1625 0.4171875
6 0.6859375 0.44296875 0.134375 0.378125
6 0.6328125 0.6921875 0.146875 0.3875
6 0.8328125 0.66484375 0.1734375 0.41875
6 0.703125 0.6984375 0.15 0.3921875
6 0.88515625 0.62578125 0.153125 0.4109375
6 0.1578125 0.6359375 0.2078125 0.6078125
6 0.74453125 0.5140625 0.18125 0.5046875
6 0.78828125 0.77734375 0.24375 0.3671875
6 0.3859375 0.75703125 0.1625 0.43125
6 0.93828125 0.3765625 0.1234375 0.496875
6 0.87578125 0.3984375 0.215625 0.5234375
6 0.44453125 0.73203125 0.1515625 0.41875
6 0.5796875 0.71640625 0.140625 0.39375
6 0.315625 0.77890625 0.19375 0.4421875
6 0.51328125 0.72890625 0.1515625 0.4
6 0.93515625 0.6234375 0.1296875 0.440625
6 0.23125 0.66171875 0.190625 0.571875
6 0.1140625 0.696875 0.228125 0.60625