6 0.67265625 0.50703125 0.0234375 0.0390625
6 0.784375 0.48515625 0.0296875 0.046875
6 0.12890625 0.4765625 0.01875 0.046875
6 0.31015625 0.50703125 0.078125 0.2359375
6 0.41796875 0.49609375 0.065625 0.2125
6 0.5390625 0.47890625 0.0796875 0.2390625
6 0.57109375 0.61796875 0.19375 0.1046875
6 0.446875 0.5140625 0.075 0.2359375
6 0.48515625 0.48984375 0.0796875 0.24375
6 0.703125 0.47265625 0.0796875 0.2484375
6 0.63515625 0.49921875 0.075 0.234375
6 0.59375 0.47734375 0.075 0.2375
6 0.52265625 0.5078125 0.0796875 0.2390625
6 0.57109375 0.503125 0.0765625 0.2359375
6 0.39609375 0.51015625 0.0796875 0.253125
6 0.36328125 0.49921875 0.075 0.234375
6 0.5515625 0.54609375 0.0953125 0.1984375
6 0.68515625 0.496875 0.0796875 0.246875
6 0.33359375 0.53046875 0.0921875 0.25
6 0.615625 0.55390625 0.0796875 0.1671875
6 0.73359375 0.4875 0.084375 0.2625
6 0.18359375 0.5515625 0.05625 0.1390625
6 0.25078125 0.52890625 0.0859375 0.2640625
6 0.4890625 0.5734375 0.0765625 0.1796875
6 0.734375 0.559375 0.0765625 0.1546875
6 0.6765625 0.56171875 0.075 0.1625
6 0.4296875 0.57734375 0.0796875 0.1859375
6 0.2390625 0.615625 0.0796875 0.1640625
6 0.7921875 0.54921875 0.0765625 0.1796875
6 0.37734375 0.59453125 0.075 0.1640625
6 0.3140625 0.60390625 0.0875 0.16875
6 0.8390625 0.4921875 0.103125 0.2625