6 0.57578125 0.02578125 0.0234375 0.0453125
6 0.03359375 0.15234375 0.01875 0.0328125
6 0.05546875 0.19140625 0.0796875 0.159375
6 0.128125 0.16796875 0.0390625 0.0984375
6 0.87265625 0.27890625 0.0484375 0.1015625
6 0.1296875 0.234375 0.05625 0.1125
6 0.08984375 0.15078125 0.0453125 0.1140625
6 0.43515625 0.15546875 0.0375 0.115625
6 0.07265625 0.12421875 0.0359375 0.109375
6 0.1 0.175 0.0375 0.1078125
6 0.140625 0.1875 0.04375 0.1203125
6 0.1484375 0.221875 0.046875 0.1265625
6 0.88125 0.3234375 0.0453125 0.1375
6 0.11484375 0.23828125 0.040625 0.1140625
6 0.46171875 0.1546875 0.0359375 0.115625
6 0.115625 0.16875 0.0328125 0.1
6 0.16328125 0.171875 0.0328125 0.0984375
6 0.103125 0.1140625 0.0375 0.1140625
6 0.0375 0.13203125 0.034375 0.1078125
6 0.88984375 0.3859375 0.0546875 0.15
6 0.1890625 0.15625 0.0390625 0.1
6 0.98046875 0.33515625 0.0390625 0.1390625
6 0.86484375 0.265625 0.0296875 0.090625
6 0.05078125 0.159375 0.053125 0.134375
6 0.86484375 0.3578125 0.046875 0.1671875
6 0.140625 0.29296875 0.065625 0.1765625
6 0.0734375 0.21328125 0.04375 0.1375
6 0.9625 0.39375 0.05625 0.1640625
6 0.084375 0.28515625 0.065625 0.1875
6 0.92734375 0.34765625 0.05 0.1484375
6 0.33046875 0.15 0.0453125 0.096875
6 0.7328125 0.21171875 0.0390625 0.1140625
6 0.6765625 0.5125 0.2484375 0.8578125
6 0.9578125 0.3515625 0.0453125 0.153125
6 0.04140625 0.2875 0.0671875 0.190625
6 0.98515625 0.40625 0.0296875 0.184375
6 0.034375 0.21328125 0.0421875 0.1515625
6 0.559375 0.47421875 0.2453125 0.925
6 0.79140625 0.52421875 0.3046875 0.928125
6 0.46953125 0.48359375 0.2578125 0.9171875
6 0.15859375 0.1140625 0.04375 0.115625
6 0.53828125 0.18125 0.0453125 0.1265625
6 0.33515625 0.484375 0.246875 0.8921875
6 0.1796875 0.484375 0.321875 0.96875