6 0.9484375 0.62890625 0.103125 0.2859375
6 0.51328125 0.5203125 0.1109375 0.2890625
6 0.290625 0.5359375 0.0671875 0.10625
6 0.89375 0.6046875 0.103125 0.228125
6 0.56796875 0.5859375 0.1640625 0.4734375
6 0.80703125 0.5734375 0.1125 0.2984375
6 0.84609375 0.58359375 0.0953125 0.240625
6 0.7078125 0.55703125 0.0953125 0.2609375
6 0.521875 0.6640625 0.1796875 0.5421875
6 0.3359375 0.53125 0.146875 0.3984375
6 0.4125 0.5625 0.1609375 0.4546875
6 0.90703125 0.7234375 0.1859375 0.49375
6 0.62890625 0.634375 0.2171875 0.45625
6 0.76484375 0.65625 0.190625 0.525
6 0.13515625 0.5171875 0.1984375 0.471875