6 0.7328125 0.796875 0.05625 0.084375
6 0.3265625 0.06953125 0.115625 0.1390625
6 0.534375 0.58203125 0.20625 0.465625
6 0.76796875 0.1015625 0.109375 0.1453125
6 0.94921875 0.140625 0.1015625 0.171875
6 0.9515625 0.72265625 0.053125 0.0765625
6 0.36640625 0.29375 0.1109375 0.1828125
6 0.39296875 0.06953125 0.1328125 0.1390625
6 0.415625 0.56640625 0.521875 0.8671875
6 0.68828125 0.090625 0.0984375 0.14375
6 0.02734375 0.634375 0.0546875 0.328125
6 0.5953125 0.084375 0.1390625 0.1625
6 0.5703125 0.62421875 0.403125 0.7515625
6 0.49921875 0.07890625 0.1171875 0.1578125
6 0.178125 0.096875 0.14375 0.19375
6 0.0796875 0.45 0.159375 0.321875
6 0.8546875 0.13046875 0.1296875 0.1796875
6 0.96640625 0.18203125 0.0671875 0.2390625
6 0.946875 0.7375 0.0828125 0.2515625
6 0.91953125 0.17265625 0.128125 0.24375
6 0.234375 0.17890625 0.1390625 0.271875
6 0.5453125 0.30859375 0.1484375 0.278125
6 0.97734375 0.3609375 0.0453125 0.25625
6 0.5359375 0.553125 0.13125 0.2671875
6 0.49609375 0.6625 0.1421875 0.2921875
6 0.8609375 0.25625 0.1234375 0.2234375
6 0.14140625 0.1640625 0.1390625 0.2796875
6 0.403125 0.209375 0.1328125 0.2625
6 0.946875 0.28125 0.10625 0.265625
6 0.2453125 0.521875 0.1421875 0.29375
6 0.4484375 0.8546875 0.159375 0.290625
6 0.77578125 0.24453125 0.13125 0.25625
6 0.69375 0.690625 0.134375 0.2640625
6 0.18046875 0.246875 0.13125 0.2421875
6 0.5 0.2234375 0.1328125 0.2515625
6 0.79921875 0.70390625 0.1359375 0.28125
6 0.88671875 0.73125 0.134375 0.275
6 0.16171875 0.4984375 0.125 0.2796875
6 0.2359375 0.746875 0.1765625 0.3484375
6 0.83671875 0.3328125 0.134375 0.2640625
6 0.74140625 0.32578125 0.1296875 0.2609375
6 0.77265625 0.4625 0.15 0.2953125
6 0.92734375 0.3390625 0.1453125 0.278125
6 0.646875 0.30859375 0.134375 0.2640625
6 0.83203125 0.57109375 0.165625 0.309375
6 0.0875 0.23671875 0.1296875 0.225
6 0.7359375 0.78203125 0.165625 0.2984375
6 0.92421875 0.82109375 0.109375 0.290625
6 0.83984375 0.825 0.1375 0.278125
6 0.70625 0.87265625 0.16875 0.2546875