6 0.3734375 0.48671875 0.0515625 0.1125
6 0.3203125 0.48515625 0.1453125 0.2234375
6 0.4390625 0.465625 0.146875 0.403125
6 0.33984375 0.50625 0.040625 0.075
6 0.95078125 0.36484375 0.0984375 0.3109375
6 0.19140625 0.5296875 0.040625 0.075
6 0.63671875 0.44921875 0.0546875 0.0984375
6 0.92578125 0.37421875 0.1484375 0.3921875
6 0.684375 0.4390625 0.0484375 0.1046875
6 0.896875 0.36484375 0.0953125 0.23125
6 0.56484375 0.4640625 0.0453125 0.09375
6 0.7328125 0.43984375 0.053125 0.09375
6 0.58828125 0.46015625 0.053125 0.1015625
6 0.35390625 0.4796875 0.08125 0.2234375
6 0.5390625 0.471875 0.0484375 0.090625
6 0.6125 0.4546875 0.0453125 0.103125
6 0.203125 0.5296875 0.0421875 0.0828125
6 0.15703125 0.53984375 0.04375 0.0765625
6 0.2328125 0.525 0.040625 0.0828125
6 0.70703125 0.42109375 0.065625 0.1453125
6 0.28515625 0.48828125 0.075 0.215625
6 0.50390625 0.45546875 0.10625 0.2546875
6 0.64375 0.42734375 0.10625 0.2421875
6 0.4375 0.5734375 0.1734375 0.4265625