6 0.7671875 0.4421875 0.0375 0.1328125
6 0.71796875 0.39921875 0.06875 0.1375
6 0.6765625 0.4953125 0.01875 0.034375
6 0.61015625 0.3921875 0.034375 0.115625
6 0.41171875 0.5578125 0.059375 0.1796875
6 0.07109375 0.5921875 0.09375 0.153125
6 0.47890625 0.59453125 0.0875 0.3078125
6 0.7859375 0.56796875 0.0734375 0.33125
6 0.93984375 0.4046875 0.0484375 0.175
6 0.59765625 0.51171875 0.053125 0.15
6 0.78203125 0.3625 0.0453125 0.1
6 0.5375 0.5140625 0.04375 0.1453125
6 0.7328125 0.4328125 0.0484375 0.1390625
6 0.63359375 0.40546875 0.0453125 0.125
6 0.66015625 0.43203125 0.053125 0.1296875
6 0.6515625 0.38046875 0.0359375 0.109375
6 0.51640625 0.490625 0.046875 0.140625
6 0.684375 0.471875 0.046875 0.1390625
6 0.63828125 0.4734375 0.053125 0.1453125
6 0.7125 0.50625 0.05 0.1578125
6 0.6875 0.38828125 0.0375 0.1234375
6 0.50703125 0.528125 0.0359375 0.1421875
6 0.5484375 0.5640625 0.0421875 0.165625
6 0.39765625 0.6078125 0.0359375 0.121875
6 0.71328125 0.43125 0.0453125 0.1390625
6 0.6765625 0.434375 0.040625 0.1390625
6 0.6703125 0.51875 0.04375 0.1671875
6 0.41953125 0.51328125 0.0390625 0.1265625
6 0.7046875 0.3765625 0.0421875 0.1203125
6 0.53984375 0.45546875 0.0359375 0.125
6 0.64609375 0.53359375 0.040625 0.1640625
6 0.69375 0.53203125 0.04375 0.18125
6 0.7609375 0.48125 0.046875 0.1671875
6 0.61640625 0.48046875 0.0453125 0.146875
6 0.984375 0.4046875 0.028125 0.153125
6 0.56875 0.48515625 0.0359375 0.1234375
6 0.73125 0.38046875 0.0421875 0.13125
6 0.7515625 0.43515625 0.0390625 0.1328125
6 0.790625 0.62890625 0.046875 0.125
6 0.5875 0.43046875 0.0390625 0.125
6 0.58125 0.46328125 0.0390625 0.1359375
6 0.5609375 0.55625 0.05 0.196875
6 0.390625 0.54921875 0.0359375 0.1359375
6 0.52265625 0.54921875 0.040625 0.1625
6 0.4828125 0.49296875 0.040625 0.1359375
6 0.78125 0.578125 0.0484375 0.1828125
6 0.73359375 0.475 0.0375 0.128125
6 0.60078125 0.42109375 0.0359375 0.1234375
6 0.946875 0.3375 0.0421875 0.15
6 0.81328125 0.578125 0.15 0.528125
6 0.75 0.58203125 0.059375 0.221875
6 0.6375 0.5671875 0.04375 0.178125
6 0.803125 0.35703125 0.0390625 0.1328125
6 0.728125 0.521875 0.0421875 0.1609375
6 0.290625 0.59453125 0.053125 0.1515625
6 0.9703125 0.31484375 0.0421875 0.1453125
6 0.09453125 0.5921875 0.0484375 0.146875
6 0.56328125 0.428125 0.0328125 0.1171875
6 0.68671875 0.5796875 0.05625 0.2125
6 0.97265625 0.47109375 0.0546875 0.2078125
6 0.96328125 0.41015625 0.0421875 0.1390625
6 0.14296875 0.5875 0.046875 0.1515625
6 0.578125 0.58359375 0.0828125 0.2734375
6 0.71953125 0.5859375 0.0515625 0.2140625
6 0.8546875 0.51015625 0.2859375 0.953125
6 0.6140625 0.58359375 0.0515625 0.1859375
6 0.0140625 0.590625 0.028125 0.165625
6 0.04453125 0.5953125 0.05 0.165625
6 0.496875 0.5875 0.0484375 0.1859375
6 0.1203125 0.6234375 0.078125 0.159375
6 0.365625 0.59921875 0.0875 0.325
6 0.65 0.59140625 0.0578125 0.1953125
6 0.53515625 0.58828125 0.05625 0.184375
6 0.25546875 0.59375 0.040625 0.15
6 0.9578125 0.6109375 0.084375 0.36875
6 0.32734375 0.6453125 0.1109375 0.253125
6 0.4453125 0.61875 0.1265625 0.4328125
6 0.19140625 0.60546875 0.1359375 0.478125