6 0.90546875 0.54453125 0.0296875 0.0453125
6 0.796875 0.39296875 0.0296875 0.0453125
6 0.52421875 0.39453125 0.025 0.0421875
6 0.75390625 0.4203125 0.03125 0.05
6 0.42265625 0.59921875 0.1 0.2671875
6 0.61953125 0.425 0.0375 0.0609375
6 0.98359375 0.4921875 0.0328125 0.184375
6 0.5359375 0.40234375 0.090625 0.1546875
6 0.759375 0.37734375 0.021875 0.0375
6 0.340625 0.53125 0.071875 0.1375
6 0.571875 0.3875 0.0703125 0.1375
6 0.56484375 0.5125 0.08125 0.1953125
6 0.965625 0.49375 0.06875 0.209375
6 0.53359375 0.38359375 0.05 0.13125
6 0.98125 0.56953125 0.0375 0.2203125
6 0.75234375 0.453125 0.065625 0.1890625
6 0.503125 0.39921875 0.05625 0.1453125
6 0.43359375 0.4265625 0.0515625 0.1640625
6 0.4453125 0.4609375 0.0609375 0.153125
6 0.5578125 0.43984375 0.065625 0.18125
6 0.47890625 0.375 0.0515625 0.1390625
6 0.4640625 0.42421875 0.05625 0.15
6 0.45 0.3828125 0.0578125 0.140625
6 0.59609375 0.43515625 0.0640625 0.1796875
6 0.6296875 0.390625 0.0625 0.159375
6 0.67734375 0.4328125 0.0671875 0.1734375
6 0.51796875 0.45078125 0.06875 0.1703125
6 0.66953125 0.3953125 0.0640625 0.1640625
6 0.34765625 0.484375 0.059375 0.15
6 0.978125 0.43984375 0.04375 0.1859375
6 0.70390625 0.39375 0.0609375 0.15625
6 0.49140625 0.5375 0.0625 0.1734375
6 0.59296875 0.3875 0.0625 0.1546875
6 0.96796875 0.4 0.0625 0.1765625
6 0.7875 0.39921875 0.06875 0.1765625
6 0.9421875 0.48046875 0.0703125 0.1890625
6 0.746875 0.38515625 0.0703125 0.1859375
6 0.46484375 0.58984375 0.090625 0.203125
6 0.0171875 0.515625 0.034375 0.378125
6 0.90546875 0.53515625 0.0796875 0.25625
6 0.78828125 0.503125 0.0875 0.28125
6 0.82578125 0.4046875 0.071875 0.1828125
6 0.71953125 0.43203125 0.0625 0.1609375
6 0.9296875 0.396875 0.0796875 0.1796875
6 0.6484375 0.5875 0.1 0.2234375
6 0.58515625 0.57109375 0.15625 0.4
6 0.54921875 0.59765625 0.0890625 0.2171875
6 0.8578125 0.40546875 0.0859375 0.21875
6 0.40078125 0.53515625 0.1296875 0.4546875
6 0.50234375 0.59296875 0.075 0.2109375
6 0.2171875 0.51484375 0.0953125 0.2984375
6 0.84609375 0.62734375 0.08125 0.228125
6 0.95703125 0.60234375 0.0859375 0.3171875
6 0.90078125 0.634375 0.0828125 0.2328125
6 0.73828125 0.55859375 0.0953125 0.328125
6 0.80234375 0.571875 0.090625 0.3328125
6 0.06875 0.51875 0.08125 0.259375
6 0.12578125 0.5296875 0.0828125 0.24375
6 0.25078125 0.54140625 0.184375 0.45