6 0.5625 0.4484375 0.228125 0.66875
6 0.075 0.31171875 0.0375 0.071875
6 0.2859375 0.37890625 0.059375 0.090625
6 0.259375 0.38125 0.053125 0.078125
6 0.0421875 0.45703125 0.084375 0.1421875
6 0.0578125 0.35234375 0.0421875 0.103125
6 0.24375 0.39140625 0.0390625 0.084375
6 0.028125 0.34375 0.0328125 0.090625
6 0.2890625 0.39453125 0.0328125 0.0796875
6 0.95234375 0.56015625 0.046875 0.10625
6 0.06640625 0.33046875 0.040625 0.09375
6 0.27265625 0.3796875 0.0375 0.084375
6 0.92890625 0.61796875 0.05625 0.1484375
6 0.0421875 0.3140625 0.0375 0.078125
6 0.3046875 0.3953125 0.0296875 0.0734375
6 0.4546875 0.53125 0.2109375 0.615625
6 0.64296875 0.47578125 0.2171875 0.65
6 0.18671875 0.36875 0.0390625 0.0953125
6 0.10234375 0.471875 0.05625 0.140625
6 0.69453125 0.66640625 0.2 0.603125
6 0.6328125 0.61015625 0.30625 0.7796875
6 0.30546875 0.359375 0.0390625 0.09375
6 0.05078125 0.46015625 0.053125 0.14375
6 0.15859375 0.36640625 0.040625 0.0921875
6 0.04453125 0.378125 0.0421875 0.0890625
6 0.79140625 0.65078125 0.3390625 0.6984375
6 0.94609375 0.61796875 0.0640625 0.1625
6 0.3640625 0.5515625 0.20625 0.6328125
6 0.02265625 0.45390625 0.0453125 0.1484375
6 0.06953125 0.4703125 0.05 0.134375
6 0.93203125 0.51875 0.0484375 0.115625
6 0.50859375 0.58828125 0.2796875 0.8234375
6 0.3984375 0.66015625 0.2296875 0.6625
6 0.97421875 0.49375 0.0515625 0.140625
6 0.97265625 0.62265625 0.053125 0.1703125
6 0.29609375 0.63125 0.253125 0.6921875
6 0.15546875 0.60390625 0.3109375 0.7109375