6 0.71640625 0.40703125 0.0734375 0.1203125
6 0.72421875 0.42734375 0.0359375 0.0515625
6 0.24765625 0.43125 0.0703125 0.1640625
6 0.80390625 0.41328125 0.0828125 0.1359375
6 0.7125 0.40390625 0.0375 0.1265625
6 0.6875 0.40546875 0.040625 0.11875
6 0.7375 0.41484375 0.040625 0.115625
6 0.825 0.4234375 0.0484375 0.1265625
6 0.18359375 0.4375 0.0671875 0.146875
6 0.02734375 0.440625 0.0546875 0.1625
6 0.8609375 0.4125 0.0421875 0.1125
6 0.128125 0.4015625 0.0828125 0.2171875
6 0.940625 0.428125 0.04375 0.1359375
6 0.7828125 0.409375 0.0390625 0.1359375
6 0.06953125 0.434375 0.09375 0.175
6 0.6328125 0.49765625 0.09375 0.2125
6 0.4890625 0.43984375 0.1265625 0.259375
6 0.74765625 0.5171875 0.125 0.234375
6 0.55703125 0.44296875 0.1046875 0.2453125
6 0.371875 0.546875 0.1703125 0.496875
6 0.1859375 0.50546875 0.2109375 0.328125