6 0.63203125 0.31875 0.0234375 0.0640625
6 0.378125 0.4234375 0.0484375 0.08125
6 0.84765625 0.35234375 0.0625 0.240625
6 0.571875 0.33203125 0.0390625 0.078125
6 0.2828125 0.39609375 0.06875 0.1890625
6 0.46015625 0.3546875 0.0375 0.1453125
6 0.6703125 0.37734375 0.0765625 0.1421875
6 0.4890625 0.346875 0.0359375 0.1546875
6 0.71796875 0.3578125 0.071875 0.1546875
6 0.53046875 0.44609375 0.1015625 0.2296875
6 0.184375 0.40703125 0.0640625 0.2046875
6 0.86796875 0.42109375 0.1125 0.2984375
6 0.81796875 0.47421875 0.1125 0.3421875
6 0.62578125 0.40390625 0.1015625 0.2125
6 0.0796875 0.4125 0.0765625 0.2296875
6 0.1828125 0.6390625 0.171875 0.4671875
6 0.45078125 0.48125 0.1390625 0.271875
6 0.31328125 0.51796875 0.1609375 0.3640625