6 0.42734375 0.8375 0.2890625 0.325
6 0.7296875 0.45390625 0.1671875 0.3453125
6 0.28515625 0.52734375 0.1328125 0.221875
6 0.7015625 0.4265625 0.1078125 0.23125
6 0.584375 0.50390625 0.128125 0.30625
6 0.821875 0.4296875 0.1109375 0.2765625
6 0.18671875 0.84296875 0.1640625 0.3140625
6 0.190625 0.584375 0.0828125 0.203125
6 0.3078125 0.5984375 0.175 0.4265625
6 0.4265625 0.40703125 0.1 0.2171875
6 0.1625 0.91171875 0.146875 0.1765625
6 0.1890625 0.70703125 0.15 0.315625
6 0.12734375 0.621875 0.153125 0.3375
6 0.10546875 0.7453125 0.1328125 0.2875
6 0.52109375 0.5328125 0.1875 0.4828125
6 0.2484375 0.89609375 0.121875 0.2078125
6 0.79765625 0.6515625 0.1578125 0.3453125
6 0.421875 0.6234375 0.175 0.45625
6 0.5296875 0.725 0.1390625 0.303125
6 0.89765625 0.55859375 0.159375 0.4734375
6 0.7109375 0.6921875 0.134375 0.3265625