6 0.73828125 0.3515625 0.034375 0.0765625
6 0.65703125 0.32421875 0.0453125 0.140625
6 0.76640625 0.3234375 0.078125 0.121875
6 0.48671875 0.3375 0.028125 0.0734375
6 0.50859375 0.33359375 0.0375 0.0703125
6 0.60546875 0.32265625 0.0390625 0.1265625
6 0.7890625 0.328125 0.04375 0.121875
6 0.6984375 0.33828125 0.0359375 0.0796875
6 0.9140625 0.35859375 0.0484375 0.15
6 0.72109375 0.3203125 0.040625 0.140625
6 0.709375 0.3171875 0.0375 0.1203125
6 0.51484375 0.3140625 0.05 0.115625
6 0.8171875 0.3421875 0.0375 0.09375
6 0.7765625 0.32421875 0.0328125 0.1046875
6 0.61640625 0.3484375 0.1640625 0.2125
6 0.74765625 0.32265625 0.0375 0.11875
6 0.16328125 0.32734375 0.0328125 0.1
6 0.66875 0.31171875 0.0421875 0.1484375
6 0.6296875 0.3171875 0.053125 0.1578125
6 0.7609375 0.3515625 0.034375 0.0765625
6 0.53125 0.30546875 0.04375 0.1296875
6 0.4484375 0.325 0.0265625 0.0734375
6 0.38203125 0.32734375 0.0484375 0.15625
6 0.878125 0.41484375 0.2328125 0.3484375
6 0.07734375 0.3484375 0.1546875 0.321875
6 0.2734375 0.4109375 0.2921875 0.634375