6 0.21953125 0.65234375 0.0484375 0.1015625
6 0.53671875 0.72265625 0.1328125 0.190625
6 0.32265625 0.66875 0.05 0.10625
6 0.825 0.79609375 0.1578125 0.246875
6 0.19609375 0.6421875 0.028125 0.08125
6 0.1125 0.62109375 0.0359375 0.10625
6 0.20234375 0.64140625 0.0296875 0.0953125
6 0.0953125 0.65703125 0.0359375 0.09375
6 0.21171875 0.65 0.0265625 0.0796875
6 0.33203125 0.6640625 0.03125 0.0859375
6 0.428125 0.6859375 0.0453125 0.1359375
6 0.22734375 0.6734375 0.05 0.1484375
6 0.5 0.7234375 0.071875 0.20625
6 0.10625 0.67734375 0.0640625 0.184375
6 0.56484375 0.725 0.071875 0.1765625
6 0.06640625 0.63515625 0.040625 0.1046875
6 0.89765625 0.790625 0.0734375 0.2125
6 0.859375 0.79296875 0.0953125 0.2296875
6 0.41171875 0.7109375 0.059375 0.1828125
6 0.3828125 0.69140625 0.046875 0.14375
6 0.4671875 0.71640625 0.0546875 0.159375
6 0.1703125 0.70546875 0.0765625 0.2265625
6 0.3421875 0.71484375 0.065625 0.19375
6 0.278125 0.71171875 0.0734375 0.2375
6 0.13359375 0.73125 0.096875 0.29375
6 0.30703125 0.68359375 0.053125 0.153125
6 0.009375 0.703125 0.01875 0.284375
6 0.228125 0.76328125 0.1125 0.3609375
6 0.609375 0.8171875 0.125 0.365625
6 0.5203125 0.81015625 0.165625 0.3796875
6 0.790625 0.81015625 0.10625 0.253125