6 0.2265625 0.9015625 0.0421875 0.10625
6 0.63359375 0.6328125 0.01875 0.0515625
6 0.82578125 0.61953125 0.0203125 0.0484375
6 0.2328125 0.8859375 0.0421875 0.115625
6 0.81171875 0.73515625 0.028125 0.0734375
6 0.57109375 0.76171875 0.03125 0.0890625
6 0.81953125 0.73203125 0.0328125 0.0765625
6 0.2203125 0.85703125 0.0375 0.1109375
6 0.6640625 0.65625 0.021875 0.053125
6 0.58203125 0.7578125 0.0328125 0.090625
6 0.20390625 0.8921875 0.0484375 0.1140625
6 0.7015625 0.70546875 0.0296875 0.0859375
6 0.5578125 0.76015625 0.03125 0.0890625
6 0.8265625 0.80078125 0.040625 0.11875
6 0.83984375 0.8078125 0.0328125 0.1046875
6 0.27109375 0.83828125 0.0328125 0.09375
6 0.25703125 0.853125 0.0375 0.109375
6 0.359375 0.8828125 0.03125 0.1078125