6 0.69765625 0.8171875 0.075 0.1921875
6 0.6828125 0.80234375 0.0765625 0.196875
6 0.9171875 0.8421875 0.05625 0.1328125
6 0.62265625 0.80390625 0.08125 0.215625
6 0.4734375 0.7671875 0.0671875 0.1875
6 0.21171875 0.7203125 0.0640625 0.178125
6 0.503125 0.77890625 0.075 0.1890625
6 0.02578125 0.725 0.0515625 0.35625
6 0.19765625 0.74375 0.0671875 0.1828125
6 0.44765625 0.7875 0.08125 0.2046875
6 0.265625 0.7328125 0.0671875 0.1875
6 0.55234375 0.79765625 0.0953125 0.221875
6 0.39921875 0.77109375 0.1078125 0.2484375
6 0.721875 0.865625 0.1 0.26875
6 0.88359375 0.840625 0.0703125 0.159375
6 0.63046875 0.84609375 0.10625 0.240625
6 0.06484375 0.72734375 0.0953125 0.2484375
6 0.29140625 0.74140625 0.0796875 0.2125
6 0.675 0.86328125 0.103125 0.2609375
6 0.76640625 0.871875 0.1015625 0.25625
6 0.5875 0.80234375 0.075 0.1984375
6 0.23828125 0.7453125 0.096875 0.2359375