6 0.96171875 0.5515625 0.0765625 0.09375
6 0.396875 0.453125 0.0671875 0.1265625
6 0.01796875 0.43359375 0.0359375 0.0890625
6 0.35546875 0.44609375 0.078125 0.1234375
6 0.94296875 0.68984375 0.09375 0.140625
6 0.35390625 0.4828125 0.1 0.1109375
6 0.1734375 0.38359375 0.0765625 0.1265625
6 0.09609375 0.39609375 0.0921875 0.109375
6 0.071875 0.44609375 0.1015625 0.1
6 0.5984375 0.509375 0.103125 0.090625
6 0.45 0.45625 0.090625 0.171875
6 0.16875 0.4265625 0.10625 0.11875
6 0.6 0.45859375 0.0953125 0.1640625
6 0.525 0.45703125 0.1015625 0.175
6 0.32890625 0.64453125 0.39375 0.4765625
6 0.7265625 0.584375 0.2 0.3