6 0.128125 0.37578125 0.096875 0.1953125
6 0.97890625 0.5203125 0.0421875 0.596875
6 0.35 0.5703125 0.0875 0.60625
6 0.58125 0.27109375 0.03125 0.084375
6 0.49296875 0.46484375 0.071875 0.19375
6 0.553125 0.415625 0.084375 0.478125
6 0.7625 0.359375 0.046875 0.11875
6 0.6015625 0.2609375 0.0515625 0.33125
6 0.87421875 0.37421875 0.109375 0.3453125
6 0.165625 0.3921875 0.0828125 0.478125
6 0.4828125 0.27734375 0.05 0.33125
6 0.9125 0.3625 0.059375 0.334375
6 0.7578125 0.39765625 0.0765625 0.5484375
6 0.8203125 0.3171875 0.05625 0.340625
6 0.82890625 0.54453125 0.1140625 0.540625
6 0.909375 0.51953125 0.08125 0.4984375
6 0.87265625 0.540625 0.1078125 0.53125
6 0.221875 0.4328125 0.096875 0.5375
6 0.61875 0.4078125 0.065625 0.440625
6 0.6671875 0.32734375 0.053125 0.3484375
6 0.8375 0.37265625 0.05625 0.3625
6 0.5921875 0.35859375 0.059375 0.409375
6 0.0953125 0.384375 0.08125 0.465625
6 0.809375 0.41171875 0.0625 0.4
6 0.51875 0.44296875 0.1 0.5734375
6 0.5546875 0.29921875 0.0625 0.409375
6 0.04609375 0.51640625 0.0921875 0.8703125
6 0.1296875 0.496875 0.10625 0.6265625
6 0.6375 0.525 0.096875 0.634375
6 0.25625 0.40703125 0.0625 0.434375
6 0.95859375 0.46484375 0.078125 0.490625
6 0.7609375 0.6421875 0.128125 0.715625
6 0.60546875 0.63515625 0.1125 0.7234375
6 0.58125 0.47109375 0.0703125 0.4984375
6 0.31328125 0.4203125 0.1125 0.646875
6 0.1546875 0.675 0.153125 0.65
6 0.465625 0.36171875 0.06875 0.50625
6 0.95546875 0.66953125 0.0859375 0.6609375
6 0.6734375 0.64296875 0.171875 0.7125
6 0.31875 0.653125 0.13125 0.69375
6 0.39296875 0.3703125 0.0890625 0.59375
6 0.825 0.69140625 0.1953125 0.615625
6 0.51875 0.6640625 0.1625 0.671875
6 0.1 0.15 0.05625 0.253125
6 0.43046875 0.59140625 0.1140625 0.75
6 0.2203125 0.628125 0.1625 0.74375
6 0.4375 0.715625 0.309375 0.56875