6 0.446875 0.30859375 0.0234375 0.0515625
6 0.3828125 0.31328125 0.0234375 0.05625
6 0.7828125 0.28046875 0.0265625 0.059375
6 0.43828125 0.31171875 0.021875 0.0578125
6 0.4546875 0.321875 0.01875 0.040625
6 0.47265625 0.31015625 0.0203125 0.046875
6 0.37890625 0.29609375 0.01875 0.0484375
6 0.87578125 0.2734375 0.0328125 0.059375
6 0.92265625 0.275 0.0328125 0.0609375
6 0.809375 0.27890625 0.0234375 0.0625
6 0.825 0.29375 0.028125 0.0515625
6 0.865625 0.43359375 0.1984375 0.3671875
6 0.41171875 0.31171875 0.0203125 0.0484375
6 0.775 0.2765625 0.021875 0.05625
6 0.890625 0.2625 0.025 0.0671875
6 0.83046875 0.27265625 0.0234375 0.0609375
6 0.5578125 0.3125 0.021875 0.0640625
6 0.978125 0.2390625 0.01875 0.0734375
6 0.884375 0.215625 0.028125 0.0765625
6 0.20703125 0.43359375 0.059375 0.23125
6 0.76015625 0.41875 0.09375 0.3078125
6 0.76484375 0.2390625 0.0265625 0.078125
6 0.0828125 0.27578125 0.0328125 0.075
6 0.26640625 0.4234375 0.0640625 0.23125
6 0.50625 0.425 0.0546875 0.24375
6 0.7 0.5109375 0.0671875 0.2
6 0.80859375 0.2359375 0.0265625 0.078125
6 0.71640625 0.42578125 0.071875 0.2609375
6 0.490625 0.44765625 0.0671875 0.2546875
6 0.40625 0.428125 0.05625 0.2328125
6 0.94453125 0.23828125 0.0265625 0.0703125
6 0.46171875 0.42109375 0.0625 0.234375
6 0.3265625 0.44609375 0.0671875 0.2625
6 0.3859375 0.44609375 0.078125 0.275
6 0.35625 0.425 0.0703125 0.2609375
6 0.92578125 0.43359375 0.1203125 0.3828125
6 0.11328125 0.2765625 0.0296875 0.0734375
6 0.4375 0.440625 0.071875 0.2578125
6 0.52890625 0.4375 0.0703125 0.2875
6 0.6375 0.43828125 0.0765625 0.2875
6 0.7515625 0.51953125 0.084375 0.2140625
6 0.19453125 0.4953125 0.0640625 0.2109375
6 0.5796875 0.43046875 0.078125 0.2875
6 0.23828125 0.44375 0.0625 0.2453125
6 0.27109375 0.51484375 0.071875 0.209375
6 0.28515625 0.45 0.065625 0.2578125
6 0.67890625 0.42421875 0.0734375 0.28125
6 0.7875 0.44765625 0.0921875 0.3171875
6 0.37421875 0.5234375 0.06875 0.203125
6 0.13984375 0.44375 0.0734375 0.2984375
6 0.6625 0.51875 0.0671875 0.196875
6 0.83125 0.5109375 0.1203125 0.240625
6 0.23359375 0.53203125 0.071875 0.1953125
6 0.31953125 0.51796875 0.0828125 0.221875
6 0.61953125 0.5140625 0.075 0.2015625
6 0.11484375 0.46171875 0.0953125 0.31875
6 0.56328125 0.52578125 0.0625 0.1796875
6 0.51953125 0.5234375 0.059375 0.18125
6 0.41171875 0.53125 0.0796875 0.1953125
6 0.1609375 0.5234375 0.1046875 0.2671875
6 0.0640625 0.4625 0.096875 0.3296875
6 0.46953125 0.52890625 0.065625 0.178125