6 0.0140625 0.48828125 0.028125 0.1640625
6 0.21796875 0.5296875 0.15 0.2078125
6 0.746875 0.54453125 0.0546875 0.1671875
6 0.26953125 0.5046875 0.0546875 0.1484375
6 0.2796875 0.47265625 0.0359375 0.1171875
6 0.009375 0.48203125 0.01875 0.1203125
6 0.78671875 0.53515625 0.04375 0.1421875
6 0.24765625 0.4953125 0.0453125 0.1375
6 0.62109375 0.52109375 0.0484375 0.1578125
6 0.1609375 0.4765625 0.04375 0.1203125
6 0.59921875 0.5 0.0296875 0.0984375
6 0.2890625 0.49375 0.04375 0.13125
6 0.06328125 0.47265625 0.0359375 0.1
6 0.8 0.5375 0.05 0.1703125
6 0.42421875 0.5109375 0.05 0.103125
6 0.14375 0.46875 0.034375 0.10625
6 0.12109375 0.5046875 0.0640625 0.1890625
6 0.67578125 0.5078125 0.034375 0.1015625
6 0.72890625 0.53046875 0.0484375 0.1484375
6 0.7015625 0.528125 0.0453125 0.1328125
6 0.18203125 0.5328125 0.090625 0.2296875
6 0.64609375 0.553125 0.0703125 0.2390625
6 0.33515625 0.49375 0.05 0.1171875
6 0.40703125 0.49375 0.0390625 0.11875
6 0.259375 0.53515625 0.1109375 0.1796875
6 0.5265625 0.5046875 0.0359375 0.1125
6 0.0359375 0.4984375 0.0578125 0.2
6 0.5 0.5046875 0.0453125 0.1234375
6 0.09375 0.5171875 0.078125 0.24375
6 0.82578125 0.55625 0.078125 0.2140625
6 0.878125 0.54140625 0.059375 0.165625
6 0.95 0.625 0.1 0.35
6 0.76171875 0.6109375 0.125 0.328125