6 0.559375 0.334375 0.1875 0.615625
6 0.42265625 0.36328125 0.1703125 0.5609375
6 0.2734375 0.328125 0.19375 0.59375
6 0.7078125 0.29921875 0.19375 0.5984375
6 0.25546875 0.490625 0.1875 0.6578125
6 0.61953125 0.44609375 0.2015625 0.66875
6 0.36484375 0.47734375 0.1890625 0.659375
6 0.128125 0.50390625 0.2046875 0.678125
6 0.7359375 0.59140625 0.2265625 0.771875
6 0.48203125 0.62265625 0.2109375 0.746875
6 0.215625 0.63203125 0.2125 0.7359375
6 0.34609375 0.6265625 0.2203125 0.746875
6 0.85234375 0.42578125 0.2046875 0.68125
6 0.603125 0.6125 0.2125 0.7546875