6 0.25546875 0.21953125 0.034375 0.1078125
6 0.540625 0.2453125 0.046875 0.0984375
6 0.55703125 0.165625 0.0421875 0.1015625
6 0.8578125 0.1984375 0.053125 0.10625
6 0.490625 0.18828125 0.0640625 0.1046875
6 0.43203125 0.51875 0.0546875 0.19375
6 0.490625 0.5265625 0.0984375 0.56875
6 0.465625 0.50703125 0.04375 0.1640625
6 0.03203125 0.4 0.0484375 0.084375
6 0.0453125 0.19921875 0.0359375 0.09375
6 0.609375 0.16953125 0.0546875 0.1140625
6 0.3484375 0.16640625 0.0359375 0.103125
6 0.53125 0.2625 0.0328125 0.0890625
6 0.5578125 0.22734375 0.0375 0.1015625
6 0.59375 0.146875 0.0375 0.0984375
6 0.55390625 0.26015625 0.0390625 0.1
6 0.47421875 0.18359375 0.0390625 0.10625
6 0.55 0.19453125 0.040625 0.128125
6 0.80078125 0.16796875 0.046875 0.1078125
6 0.5671875 0.146875 0.0359375 0.090625
6 0.82109375 0.146875 0.034375 0.103125
6 0.90859375 0.2140625 0.040625 0.11875
6 0.01171875 0.23046875 0.0234375 0.1078125
6 0.840625 0.11796875 0.0390625 0.1109375
6 0.4125 0.17421875 0.040625 0.1078125
6 0.97265625 0.5234375 0.0546875 0.18125
6 0.83359375 0.16796875 0.040625 0.109375
6 0.01796875 0.3734375 0.0359375 0.134375
6 0.9734375 0.203125 0.0375 0.1234375
6 0.275 0.20703125 0.0375 0.1109375
6 0.30078125 0.25234375 0.0375 0.1
6 0.46484375 0.60390625 0.0640625 0.2046875
6 0.20390625 0.2078125 0.0421875 0.1046875
6 0.47265625 0.13515625 0.034375 0.0875
6 0.67421875 0.2578125 0.046875 0.1375
6 0.21015625 0.653125 0.1203125 0.5671875
6 0.9515625 0.2484375 0.0359375 0.1203125
6 0.78828125 0.14453125 0.0421875 0.1140625
6 0.44453125 0.1734375 0.0359375 0.1015625
6 0.90625 0.25625 0.0421875 0.1171875
6 0.97578125 0.2484375 0.034375 0.13125
6 0.98046875 0.57265625 0.0390625 0.2109375
6 0.79921875 0.6671875 0.1140625 0.5109375
6 0.69765625 0.1734375 0.0390625 0.115625
6 0.64453125 0.10703125 0.0421875 0.1171875
6 0.44921875 0.25390625 0.040625 0.1046875
6 0.70859375 0.26015625 0.05 0.128125
6 0.0234375 0.26953125 0.0453125 0.11875
6 0.72109375 0.1953125 0.0453125 0.121875
6 0.8703125 0.1234375 0.04375 0.1
6 0.971875 0.36328125 0.05 0.159375
6 0.3078125 0.646875 0.11875 0.565625
6 0.05625 0.6546875 0.1125 0.59375
6 0.68671875 0.64609375 0.1109375 0.546875
6 0.76953125 0.55234375 0.153125 0.7390625
6 0.51015625 0.5328125 0.15625 0.8125
6 0.62734375 0.51640625 0.1765625 0.84375
6 0.11171875 0.54453125 0.184375 0.84375
6 0.37265625 0.5140625 0.2 0.884375
6 0.24453125 0.509375 0.1640625 0.8734375
6 0.89140625 0.53359375 0.178125 0.7921875