6 0.70390625 0.39296875 0.115625 0.3421875
6 0.20546875 0.2109375 0.0421875 0.071875
6 0.9234375 0.58046875 0.1328125 0.3796875
6 0.3390625 0.24609375 0.0453125 0.0828125
6 0.05703125 0.1859375 0.040625 0.0609375
6 0.77890625 0.265625 0.109375 0.3046875
6 0.96875 0.54296875 0.0625 0.4703125
6 0.390625 0.31953125 0.125 0.3328125
6 0.48125 0.36015625 0.1171875 0.371875
6 0.3390625 0.23125 0.084375 0.2671875
6 0.81171875 0.50859375 0.1421875 0.459375
6 0.73359375 0.31484375 0.1109375 0.3390625
6 0.53203125 0.26796875 0.1125 0.33125
6 0.61796875 0.40859375 0.134375 0.4296875
6 0.06484375 0.215625 0.115625 0.40625
6 0.10703125 0.22265625 0.1046875 0.3625
6 0.71015625 0.484375 0.1234375 0.4015625
6 0.940625 0.54140625 0.11875 0.4734375
6 0.275 0.2046875 0.10625 0.3234375
6 0.91484375 0.4859375 0.1140625 0.3828125
6 0.6078125 0.3046875 0.1109375 0.3453125
6 0.353125 0.39140625 0.1171875 0.3875
6 0.2921875 0.26953125 0.1171875 0.3390625
6 0.21015625 0.2234375 0.1140625 0.31875
6 0.87109375 0.49921875 0.140625 0.45625
6 0.35859375 0.2671875 0.0984375 0.30625
6 0.4578125 0.2609375 0.1125 0.3390625
6 0.7328125 0.57421875 0.290625 0.8515625
6 0.38828125 0.4328125 0.1296875 0.403125
6 0.24609375 0.38984375 0.1328125 0.4046875
6 0.0984375 0.36328125 0.1390625 0.40625
6 0.18359375 0.37578125 0.1453125 0.4078125
6 0.6453125 0.49921875 0.2140625 0.6203125
6 0.31484375 0.4125 0.146875 0.40625
6 0.44921875 0.440625 0.1796875 0.540625
6 0.05 0.353125 0.1 0.4
6 0.5140625 0.58828125 0.33125 0.8234375