6 0.3171875 0.5640625 0.0625 0.128125
6 0.16484375 0.54609375 0.0421875 0.0703125
6 0.36484375 0.58828125 0.0671875 0.1359375
6 0.35703125 0.575 0.04375 0.1
6 0.8375 0.6875 0.059375 0.09375
6 0.8515625 0.70078125 0.0640625 0.0859375
6 0.296875 0.57109375 0.04375 0.1125
6 0.196875 0.55 0.0515625 0.1109375
6 0.603125 0.62734375 0.0671875 0.1578125
6 0.74921875 0.78828125 0.1203125 0.1671875
6 0.38125 0.61328125 0.1015625 0.18125
6 0.80234375 0.653125 0.0515625 0.1375
6 0.45703125 0.753125 0.0890625 0.1578125
6 0.49765625 0.62578125 0.0734375 0.1921875
6 0.23515625 0.53671875 0.103125 0.296875
6 0.575 0.63359375 0.090625 0.21875
6 0.68125 0.63984375 0.0796875 0.15625
6 0.3109375 0.609375 0.0953125 0.203125
6 0.025 0.590625 0.05 0.28125
6 0.0703125 0.58515625 0.125 0.2765625