6 0.1625 0.5984375 0.159375 0.4640625
6 0.59453125 0.6328125 0.1296875 0.4140625
6 0.925 0.61484375 0.096875 0.2890625
6 0.88203125 0.63515625 0.1265625 0.3703125
6 0.6546875 0.62109375 0.103125 0.34375
6 0.72109375 0.6796875 0.2234375 0.640625
6 0.93671875 0.665625 0.1265625 0.5
6 0.4296875 0.5765625 0.1109375 0.3515625
6 0.4953125 0.61953125 0.1375 0.3984375
6 0.81015625 0.69375 0.2046875 0.5765625
6 0.23203125 0.5875 0.1765625 0.546875
6 0.06796875 0.5875 0.1359375 0.546875
6 0.328125 0.66484375 0.25625 0.628125
6 0.5609375 0.675 0.2375 0.65
6 0.11875 0.640625 0.2375 0.625