6 0.30546875 0.45625 0.0375 0.0703125
6 0.68828125 0.49765625 0.0734375 0.2390625
6 0.25 0.46171875 0.109375 0.3078125
6 0.321875 0.46640625 0.0875 0.25
6 0.50546875 0.47109375 0.0625 0.20625
6 0.58515625 0.48359375 0.0640625 0.20625
6 0.29375 0.44765625 0.0953125 0.2859375
6 0.88359375 0.57578125 0.096875 0.2875
6 0.6546875 0.4859375 0.0890625 0.271875
6 0.740625 0.51953125 0.08125 0.2546875
6 0.521875 0.47265625 0.0703125 0.209375
6 0.20703125 0.44921875 0.1078125 0.334375
6 0.8078125 0.54921875 0.0921875 0.2921875
6 0.0875 0.42265625 0.103125 0.3078125
6 0.7078125 0.5203125 0.078125 0.2484375
6 0.7640625 0.54140625 0.0828125 0.2546875
6 0.5609375 0.49140625 0.0796875 0.2359375
6 0.85 0.56015625 0.0859375 0.284375
6 0.15546875 0.43828125 0.1578125 0.484375
6 0.9515625 0.57578125 0.096875 0.3453125
6 0.6671875 0.5234375 0.0875 0.2515625
6 0.0328125 0.41640625 0.065625 0.3390625
6 0.60625 0.49765625 0.084375 0.23125
6 0.90703125 0.5671875 0.1015625 0.3203125
6 0.2515625 0.534375 0.1703125 0.259375
6 0.36953125 0.47890625 0.1828125 0.484375
6 0.42578125 0.578125 0.35 0.753125