6 0.08046875 0.4140625 0.04375 0.125
6 0.91875 0.6328125 0.0546875 0.0875
6 0.90625 0.6265625 0.0375 0.0765625
6 0.1625 0.5015625 0.0578125 0.1265625
6 0.5171875 0.58046875 0.1359375 0.209375
6 0.81953125 0.6 0.046875 0.0953125
6 0.85234375 0.61171875 0.0484375 0.1328125
6 0.115625 0.4609375 0.0484375 0.1234375
6 0.8890625 0.628125 0.0359375 0.08125
6 0.0296875 0.41328125 0.046875 0.1109375
6 0.02421875 0.45546875 0.0484375 0.1640625
6 0.36796875 0.5359375 0.040625 0.1203125
6 0.2109375 0.51171875 0.04375 0.1109375
6 0.06875 0.4359375 0.05 0.1203125
6 0.7703125 0.59296875 0.040625 0.1203125
6 0.1265625 0.49296875 0.065625 0.1578125
6 0.22890625 0.54296875 0.0453125 0.1125
6 0.46171875 0.571875 0.0796875 0.1875
6 0.04296875 0.4875 0.0796875 0.178125
6 0.14140625 0.42578125 0.04375 0.1203125
6 0.834375 0.60625 0.04375 0.1203125
6 0.01953125 0.525 0.0390625 0.20625
6 0.8046875 0.59296875 0.0421875 0.10625
6 0.59453125 0.56328125 0.040625 0.10625
6 0.090625 0.61640625 0.1203125 0.2171875
6 0.6765625 0.56171875 0.03125 0.090625
6 0.6609375 0.5703125 0.04375 0.121875
6 0.2546875 0.5359375 0.053125 0.15625
6 0.38515625 0.534375 0.053125 0.1390625
6 0.490625 0.57109375 0.078125 0.1828125
6 0.325 0.5359375 0.0484375 0.13125
6 0.71171875 0.58515625 0.04375 0.1265625
6 0.05546875 0.6359375 0.1109375 0.278125
6 0.8609375 0.63984375 0.06875 0.190625
6 0.96015625 0.64921875 0.0640625 0.175
6 0.33359375 0.6609375 0.1734375 0.41875
6 0.02890625 0.671875 0.0578125 0.30625
6 0.275 0.54140625 0.05625 0.16875
6 0.12890625 0.60390625 0.134375 0.21875
6 0.40390625 0.64375 0.2125 0.3890625
6 0.7421875 0.65 0.109375 0.31875
6 0.78515625 0.81953125 0.2515625 0.3609375
6 0.54609375 0.5890625 0.0765625 0.215625
6 0.61953125 0.6609375 0.1578125 0.3609375
6 0.61875 0.79609375 0.3 0.4078125