6 0.271875 0.65546875 0.2125 0.346875
6 0.9375 0.35859375 0.125 0.3859375
6 0.5890625 0.39765625 0.11875 0.4265625
6 0.090625 0.43203125 0.153125 0.5765625
6 0.46953125 0.684375 0.6953125 0.4484375
6 0.0296875 0.44453125 0.059375 0.6515625
6 0.5125 0.428125 0.1078125 0.3625
6 0.3640625 0.55546875 0.146875 0.4453125
6 0.30703125 0.38984375 0.1578125 0.6046875
6 0.95859375 0.43359375 0.0828125 0.5203125
6 0.61328125 0.4765625 0.14375 0.5015625
6 0.421875 0.4328125 0.178125 0.69375
6 0.0859375 0.64921875 0.171875 0.3765625
6 0.74921875 0.45390625 0.1421875 0.5484375
6 0.85859375 0.46171875 0.1515625 0.565625