6 0.9234375 0.22109375 0.096875 0.0828125
6 0.16875 0.2765625 0.109375 0.08125
6 0.2546875 0.26796875 0.04375 0.0453125
6 0.45625 0.5375 0.109375 0.075
6 0.80078125 0.25859375 0.06875 0.1109375
6 0.34453125 0.28984375 0.1078125 0.0796875
6 0.74765625 0.2625 0.096875 0.0734375
6 0.32109375 0.259375 0.05 0.0421875
6 0.3078125 0.33125 0.1140625 0.1796875
6 0.2578125 0.25390625 0.034375 0.040625
6 0.00859375 0.26953125 0.0171875 0.0453125
6 0.21875 0.2609375 0.03125 0.0421875
6 0.703125 0.30859375 0.065625 0.0828125
6 0.82734375 0.28984375 0.128125 0.1875
6 0.7078125 0.26875 0.078125 0.109375
6 0.42421875 0.54375 0.246875 0.35
6 0.74765625 0.43515625 0.228125 0.421875
6 0.56953125 0.4515625 0.23125 0.428125
6 0.3359375 0.46171875 0.265625 0.4390625
6 0.89375 0.415625 0.2125 0.475
6 0.79609375 0.55703125 0.2640625 0.315625
6 0.44765625 0.64609375 0.359375 0.3140625
6 0.628125 0.57578125 0.271875 0.334375
6 0.16953125 0.5609375 0.284375 0.3609375