6 0.68046875 0.45 0.0765625 0.078125
6 0.1484375 0.5234375 0.0921875 0.075
6 0.72421875 0.4171875 0.0703125 0.08125
6 0.665625 0.4421875 0.053125 0.0484375
6 0.96875 0.365625 0.0421875 0.075
6 0.6546875 0.434375 0.0765625 0.0765625
6 0.63125 0.44921875 0.071875 0.08125
6 0.6171875 0.4234375 0.0546875 0.065625
6 0.1734375 0.5125 0.059375 0.075
6 0.79765625 0.39375 0.0640625 0.0734375
6 0.14296875 0.50546875 0.0453125 0.0609375
6 0.71328125 0.37421875 0.071875 0.075
6 0.70078125 0.46171875 0.0546875 0.0703125
6 0.8765625 0.3984375 0.06875 0.090625
6 0.34375 0.5296875 0.1171875 0.153125
6 0.5953125 0.44296875 0.05625 0.071875
6 0.8140625 0.3640625 0.0578125 0.0703125
6 0.5328125 0.47734375 0.071875 0.08125
6 0.909375 0.3890625 0.0734375 0.08125
6 0.0640625 0.53984375 0.0515625 0.0625
6 0.12109375 0.57578125 0.140625 0.20625
6 0.49765625 0.42265625 0.0515625 0.0640625
6 0.94921875 0.37421875 0.071875 0.0828125
6 0.85625 0.409375 0.0796875 0.0859375
6 0.96484375 0.4671875 0.0703125 0.115625
6 0.9625 0.40078125 0.065625 0.084375
6 0.584375 0.50703125 0.0890625 0.1046875
6 0.84609375 0.3578125 0.0796875 0.0765625
6 0.6234375 0.51015625 0.08125 0.1015625
6 0.28984375 0.53671875 0.1140625 0.103125
6 0.66640625 0.38203125 0.065625 0.0703125
6 0.953125 0.55703125 0.09375 0.3828125
6 0.665625 0.55078125 0.1890625 0.2640625
6 0.91171875 0.47421875 0.1171875 0.1328125
6 0.75859375 0.5421875 0.3296875 0.43125
6 0.43984375 0.49296875 0.38125 0.4
6 0.1734375 0.6875 0.346875 0.434375