6 0.253125 0.47421875 0.05 0.134375
6 0.41796875 0.49921875 0.1046875 0.215625
6 0.18515625 0.54140625 0.0828125 0.2609375
6 0.32421875 0.4875 0.06875 0.1828125
6 0.48046875 0.48828125 0.078125 0.19375
6 0.134375 0.6015625 0.1515625 0.3578125
6 0.40703125 0.4453125 0.04375 0.1140625
6 0.16171875 0.52265625 0.084375 0.2046875
6 0.36796875 0.49765625 0.0828125 0.2078125
6 0.21171875 0.5703125 0.1296875 0.3171875
6 0.284375 0.459375 0.0609375 0.140625
6 0.33828125 0.46875 0.065625 0.1671875
6 0.52421875 0.48515625 0.071875 0.184375
6 0.67578125 0.43515625 0.0640625 0.1890625
6 0.61484375 0.4671875 0.06875 0.2
6 0.46484375 0.52890625 0.1125 0.284375
6 0.22890625 0.5078125 0.08125 0.1890625
6 0.2671875 0.48203125 0.0625 0.1625
6 0.63125 0.42265625 0.0625 0.1625
6 0.5875 0.45234375 0.05625 0.165625
6 0.53828125 0.57890625 0.1546875 0.3703125
6 0.70390625 0.43046875 0.0625 0.1734375
6 0.325 0.5734375 0.134375 0.3421875
6 0.9078125 0.403125 0.090625 0.3390625
6 0.671875 0.52890625 0.13125 0.3265625
6 0.9453125 0.421875 0.103125 0.36875
6 0.76875 0.58515625 0.2171875 0.4015625
6 0.11171875 0.69375 0.221875 0.45625
6 0.875 0.546875 0.1546875 0.4171875
6 0.27109375 0.703125 0.240625 0.5234375
6 0.48125 0.690625 0.253125 0.509375