6 0.415625 0.5046875 0.0453125 0.0765625
6 0.27421875 0.459375 0.0484375 0.078125
6 0.1734375 0.49921875 0.196875 0.425
6 0.4109375 0.50078125 0.1015625 0.325
6 0.24765625 0.49453125 0.1171875 0.35
6 0.509375 0.521875 0.1203125 0.3625
6 0.5546875 0.5015625 0.1109375 0.340625
6 0.3515625 0.48828125 0.1078125 0.33125
6 0.73671875 0.69375 0.1640625 0.353125
6 0.2140625 0.4953125 0.11875 0.3734375
6 0.82734375 0.76484375 0.278125 0.428125
6 0.3734375 0.5328125 0.1296875 0.328125
6 0.4390625 0.55234375 0.10625 0.321875
6 0.4578125 0.61796875 0.1296875 0.3234375
6 0.58046875 0.52734375 0.1265625 0.3765625
6 0.53046875 0.621875 0.1125 0.3015625
6 0.72109375 0.55078125 0.14375 0.4140625
6 0.30625 0.5015625 0.1078125 0.340625
6 0.8296875 0.58515625 0.1578125 0.459375
6 0.6078125 0.62421875 0.140625 0.321875
6 0.390625 0.628125 0.1359375 0.3390625
6 0.6546875 0.5453125 0.1390625 0.3984375
6 0.2546875 0.64296875 0.1953125 0.4671875
6 0.1140625 0.5328125 0.18125 0.46875