6 0.18671875 0.61328125 0.034375 0.096875
6 0.12265625 0.61015625 0.034375 0.0890625
6 0.1078125 0.63046875 0.03125 0.0859375
6 0.146875 0.60625 0.034375 0.0921875
6 0.4234375 0.54609375 0.5375 0.9078125
6 0.9515625 0.69453125 0.096875 0.5515625
6 0.0875 0.62890625 0.0421875 0.0890625
6 0.03984375 0.61328125 0.0375 0.090625
6 0.0953125 0.58515625 0.0375 0.10625
6 0.2390625 0.5984375 0.0375 0.0921875
6 0.0203125 0.63671875 0.040625 0.0890625
6 0.16953125 0.61796875 0.0453125 0.103125
6 0.8609375 0.66796875 0.278125 0.6640625
6 0.2046875 0.61953125 0.0453125 0.0984375
6 0.73984375 0.575 0.0484375 0.11875
6 0.28515625 0.59453125 0.046875 0.1328125