6 0.9015625 0.54453125 0.196875 0.6734375
6 0.6734375 0.15859375 0.046875 0.1109375
6 0.27109375 0.27109375 0.075 0.321875
6 0.4515625 0.21171875 0.0453125 0.18125
6 0.29140625 0.740625 0.5390625 0.51875
6 0.95546875 0.209375 0.0640625 0.18125
6 0.29921875 0.33203125 0.11875 0.4625
6 0.4109375 0.32890625 0.109375 0.475
6 0.7984375 0.15546875 0.0546875 0.1609375
6 0.6640625 0.17890625 0.0453125 0.1609375
6 0.94375 0.3828125 0.1125 0.453125
6 0.7203125 0.16953125 0.059375 0.1703125
6 0.765625 0.15625 0.0625 0.19375
6 0.38203125 0.36640625 0.1359375 0.55625
6 0.4734375 0.3125 0.0734375 0.253125
6 0.85078125 0.4109375 0.1625 0.490625
6 0.06796875 0.49765625 0.1359375 0.7515625
6 0.6953125 0.334375 0.128125 0.46875
6 0.2046875 0.51484375 0.29375 0.9359375
6 0.54765625 0.3578125 0.1328125 0.571875