6 0.19375 0.64375 0.025 0.071875
6 0.01171875 0.6 0.0234375 0.140625
6 0.25390625 0.6421875 0.0453125 0.13125
6 0.8703125 0.7234375 0.0359375 0.125
6 0.83828125 0.68984375 0.0546875 0.1703125
6 0.85390625 0.6890625 0.059375 0.1921875
6 0.47265625 0.63125 0.0828125 0.20625
6 0.04453125 0.615625 0.0375 0.1203125
6 0.6203125 0.64765625 0.1015625 0.2046875
6 0.11171875 0.6125 0.053125 0.153125
6 0.665625 0.659375 0.0890625 0.196875
6 0.79453125 0.7203125 0.0375 0.1078125
6 0.50078125 0.61796875 0.1390625 0.25625
6 0.70859375 0.659375 0.0796875 0.215625
6 0.0859375 0.61640625 0.0453125 0.14375
6 0.23984375 0.5578125 0.115625 0.3109375
6 0.0390625 0.5703125 0.078125 0.240625
6 0.14453125 0.61953125 0.04375 0.1421875
6 0.90703125 0.6984375 0.071875 0.1859375
6 0.5640625 0.6140625 0.1203125 0.2609375