4 0.5125 0.55234375 0.025 0.0453125
4 0.565625 0.5578125 0.033984375 0.059765625
4 0.3625 0.5890625 0.0375 0.059375
4 0.4 0.540625 0.019140625 0.0341796875
4 0.2921875 0.7 0.0654296875 0.0837890625
4 0.14296875 0.89140625 0.1296875 0.171875
4 0.4421875 0.48828125 0.0126953125 0.0203125
4 0.44453125 0.4703125 0.011328125 0.0220703125
4 0.490625 0.4953125 0.0099609375 0.0189453125
4 0.50859375 0.4890625 0.0107421875 0.0189453125
4 0.48046875 0.47578125 0.0111328125 0.0169921875
4 0.49609375 0.4765625 0.0109375 0.0185546875
4 0.4578125 0.47109375 0.009375 0.0142578125
4 0.4890625 0.4546875 0.009765625 0.015625