4 0.26171875 0.56171875 0.1861328125 0.0861328125
4 0.23125 0.4578125 0.152734375 0.0693359375
4 0.35546875 0.36796875 0.0826171875 0.0490234375
4 0.4515625 0.325 0.0505859375 0.02578125
4 0.51484375 0.328125 0.0517578125 0.0314453125
4 0.50625 0.296875 0.0404296875 0.01953125
4 0.52890625 0.30859375 0.0390625 0.0166015625
4 0.5359375 0.284375 0.0318359375 0.0162109375
4 0.55625 0.26875 0.0248046875 0.0154296875
4 0.71171875 0.3171875 0.048046875 0.0275390625
4 0.7265625 0.346875 0.047265625 0.02578125
4 0.7625 0.2984375 0.037109375 0.01640625
4 0.7015625 0.28671875 0.0345703125 0.0203125
4 0.7109375 0.2703125 0.0314453125 0.0125
4 0.72734375 0.2609375 0.0298828125 0.0158203125
4 0.659375 0.25859375 0.0283203125 0.017578125
4 0.61328125 0.25546875 0.025 0.0173828125
4 0.58984375 0.259375 0.0234375 0.012890625