4 0.31640625 0.48671875 0.1359375 0.063671875
4 0.059375 0.44765625 0.11875 0.0640625
4 0.0578125 0.89140625 0.115625 0.1578125
4 0.94296875 0.70859375 0.1140625 0.2046875
4 0.6296875 0.53359375 0.1443359375 0.105078125
4 0.87421875 0.3953125 0.0951171875 0.062890625
4 0.70859375 0.33671875 0.0666015625 0.0423828125
4 0.75703125 0.31171875 0.0578125 0.030078125
4 0.434375 0.38125 0.075390625 0.0466796875
4 0.321875 0.33203125 0.0625 0.029296875
4 0.4953125 0.32734375 0.0623046875 0.0359375
4 0.4796875 0.29921875 0.04140625 0.0259765625
4 0.39609375 0.30390625 0.05 0.0228515625
4 0.4671875 0.2796875 0.03515625 0.0220703125
4 0.7375 0.28671875 0.0404296875 0.0173828125
4 0.5515625 0.2703125 0.0341796875 0.015625
4 0.51953125 0.26796875 0.0296875 0.0125
4 0.63046875 0.25234375 0.0201171875 0.0142578125
4 0.6828125 0.275 0.03125 0.015234375
4 0.69609375 0.26796875 0.0232421875 0.014453125