4 0.665625 0.553125 0.137890625 0.1185546875
4 0.91875 0.59375 0.1625 0.128125
4 0.1296875 0.53046875 0.17265625 0.080078125
4 0.2375 0.3921875 0.093359375 0.0404296875
4 0.3625 0.39296875 0.0845703125 0.0388671875
4 0.45234375 0.421875 0.0802734375 0.044140625
4 0.40546875 0.33203125 0.0583984375 0.026953125
4 0.66015625 0.33046875 0.0453125 0.0232421875
4 0.67265625 0.3078125 0.034375 0.021875
4 0.71640625 0.30859375 0.0365234375 0.0203125
4 0.771875 0.40078125 0.0818359375 0.044921875
4 0.746875 0.284375 0.021875 0.012890625
4 0.72421875 0.275 0.0203125 0.012109375
4 0.65703125 0.28046875 0.0263671875 0.014453125
4 0.68515625 0.2734375 0.0232421875 0.012890625
5 0.75546875 0.2671875 0.034375 0.01875
5 0.30546875 0.5375 0.2044921875 0.124609375