4 0.665625 0.553125 0.134765625 0.1130859375
4 0.91953125 0.59296875 0.1609375 0.1234375
4 0.1296875 0.53046875 0.17265625 0.080078125
4 0.2375 0.3921875 0.093359375 0.0408203125
4 0.3625 0.39296875 0.0845703125 0.0388671875
4 0.45234375 0.421875 0.0798828125 0.043359375
4 0.40546875 0.33203125 0.0580078125 0.026171875
4 0.66015625 0.33046875 0.0453125 0.0236328125
4 0.67265625 0.3078125 0.035546875 0.022265625
4 0.71640625 0.30859375 0.0361328125 0.01875
4 0.771875 0.40078125 0.0837890625 0.045703125
4 0.746875 0.284375 0.021875 0.012890625
4 0.72421875 0.275 0.0203125 0.0125
4 0.65703125 0.28046875 0.0263671875 0.014453125
4 0.68515625 0.2734375 0.0232421875 0.0125
5 0.75546875 0.2671875 0.034375 0.019140625
5 0.30546875 0.5375 0.2083984375 0.13203125