4 0.31640625 0.48671875 0.135546875 0.0625
4 0.059375 0.44765625 0.11875 0.0609375
4 0.05859375 0.89140625 0.1171875 0.1578125
4 0.9421875 0.70859375 0.115625 0.2078125
4 0.6296875 0.53359375 0.1462890625 0.10625
4 0.87421875 0.3953125 0.0951171875 0.0625
4 0.70859375 0.33671875 0.0666015625 0.0419921875
4 0.75703125 0.31171875 0.0578125 0.0296875
4 0.434375 0.38125 0.074609375 0.0435546875
4 0.321875 0.33203125 0.062109375 0.028125
4 0.4953125 0.32734375 0.0626953125 0.038671875
4 0.4796875 0.29921875 0.041015625 0.0236328125
4 0.39609375 0.30390625 0.05 0.0205078125
4 0.4671875 0.2796875 0.034765625 0.0220703125
4 0.7375 0.28671875 0.0404296875 0.0173828125
4 0.5515625 0.2703125 0.0341796875 0.015234375
4 0.51953125 0.26796875 0.0296875 0.013671875
4 0.63046875 0.25234375 0.0201171875 0.0142578125
4 0.6828125 0.275 0.03125 0.01328125
4 0.69609375 0.26796875 0.0232421875 0.0140625