5 0.54296875 0.3328125 0.0611328125 0.034765625
4 0.73125 0.278125 0.0439453125 0.03828125
4 0.38203125 0.4859375 0.121875 0.0693359375
4 0.75078125 0.78046875 0.236328125 0.2234375
4 0.66640625 0.41484375 0.0798828125 0.051171875
4 0.77578125 0.4015625 0.0791015625 0.04609375
4 0.79140625 0.33984375 0.0611328125 0.0294921875
4 0.76875 0.28359375 0.0189453125 0.014453125
4 0.7828125 0.27265625 0.021484375 0.013671875
4 0.678125 0.2953125 0.0251953125 0.0158203125
4 0.703125 0.28125 0.0216796875 0.0125
4 0.584375 0.3140625 0.037109375 0.018359375
4 0.5296875 0.29609375 0.0341796875 0.015625
4 0.4671875 0.3140625 0.0439453125 0.0162109375
4 0.48828125 0.3328125 0.0451171875 0.019140625
4 0.51171875 0.365625 0.0486328125 0.0255859375
4 0.41171875 0.36640625 0.0640625 0.0296875
4 0.528125 0.31328125 0.0435546875 0.019921875