4 0.2296875 0.37421875 0.1005859375 0.05
4 0.89140625 0.53046875 0.1552734375 0.094921875
4 0.4875 0.28359375 0.04375 0.0296875
4 0.415625 0.30234375 0.059375 0.0302734375
4 0.54609375 0.29609375 0.0421875 0.0203125
4 0.58203125 0.2796875 0.0294921875 0.0130859375
4 0.51796875 0.27109375 0.0330078125 0.0166015625
4 0.55234375 0.2640625 0.0265625 0.0130859375
4 0.584375 0.25546875 0.0216796875 0.011328125
4 0.5984375 0.27109375 0.021484375 0.0140625
4 0.7 0.2796875 0.031640625 0.018359375
4 0.71484375 0.26015625 0.025 0.014453125
4 0.63046875 0.259375 0.026953125 0.016015625
4 0.60546875 0.25078125 0.021875 0.013671875
4 0.63203125 0.246875 0.0203125 0.0095703125
4 0.7375 0.2484375 0.018359375 0.0125
4 0.66640625 0.24765625 0.0234375 0.013671875
4 0.7578125 0.2515625 0.01875 0.0123046875