4 0.3796875 0.3875 0.0849609375 0.041015625
4 0.325 0.48984375 0.1279296875 0.073046875
4 0.084375 0.5484375 0.16875 0.090625
4 0.1046875 0.82578125 0.209375 0.2484375
4 0.40703125 0.3390625 0.071875 0.037109375
4 0.72578125 0.334375 0.0578125 0.0279296875
4 0.7015625 0.28125 0.0310546875 0.0279296875
4 0.46171875 0.28984375 0.0578125 0.0236328125
4 0.521875 0.27265625 0.030859375 0.0173828125
4 0.553125 0.265625 0.0279296875 0.018359375
4 0.609375 0.2703125 0.030859375 0.015234375
4 0.58125 0.259375 0.025390625 0.0158203125
4 0.61015625 0.25390625 0.0203125 0.0109375
4 0.6359375 0.26171875 0.0216796875 0.0078125
4 0.7109375 0.2640625 0.0279296875 0.012890625
4 0.7453125 0.26796875 0.0310546875 0.0166015625
4 0.6625 0.25546875 0.0154296875 0.009375
4 0.6328125 0.25078125 0.0189453125 0.0078125
4 0.72734375 0.25390625 0.0236328125 0.011328125