5 0.7640625 0.3859375 0.11015625 0.10859375
5 0.66796875 0.28046875 0.0267578125 0.016796875
4 0.68125 0.728125 0.196875 0.1904296875
4 0.403125 0.471875 0.115234375 0.0564453125
4 0.37578125 0.39140625 0.0767578125 0.0357421875
4 0.503125 0.321875 0.0435546875 0.0189453125
4 0.6046875 0.303125 0.0314453125 0.0162109375
4 0.6296875 0.29375 0.028125 0.0130859375
4 0.66484375 0.31953125 0.0359375 0.020703125
4 0.7328125 0.31484375 0.028515625 0.0173828125
4 0.77421875 0.3078125 0.0392578125 0.0244140625
4 0.73125 0.290625 0.03125 0.0130859375
4 0.72734375 0.27734375 0.0201171875 0.0140625
4 0.6203125 0.28046875 0.0279296875 0.0125
4 0.59765625 0.28828125 0.0265625 0.0115234375
4 0.6328125 0.29453125 0.025 0.0177734375
5 0.75703125 0.275 0.0267578125 0.019140625