4 0.8421875 0.36484375 0.084375 0.0421875
4 0.10234375 0.42421875 0.1328125 0.055078125
4 0.39921875 0.41640625 0.0982421875 0.061328125
5 0.34765625 0.3578125 0.0896484375 0.0556640625
4 0.4046875 0.30390625 0.0501953125 0.023828125
4 0.4921875 0.33046875 0.0537109375 0.028125
4 0.5296875 0.30234375 0.0345703125 0.0177734375
4 0.4703125 0.28203125 0.0376953125 0.0205078125
4 0.70234375 0.32890625 0.051171875 0.0296875
4 0.69765625 0.30234375 0.0453125 0.021875
4 0.51484375 0.27109375 0.0328125 0.0146484375
4 0.54765625 0.290625 0.0326171875 0.0162109375
4 0.5765625 0.2765625 0.033984375 0.0193359375
4 0.55 0.26015625 0.025 0.0142578125
4 0.58203125 0.25390625 0.0232421875 0.0111328125
4 0.615625 0.2546875 0.024609375 0.012890625
4 0.70859375 0.259375 0.025 0.0126953125