4 0.0984375 0.16640625 0.078515625 0.0826171875
4 0.1140625 0.9015625 0.228125 0.196875
4 0.3484375 0.71171875 0.1599609375 0.163671875
4 0.55546875 0.6265625 0.09375 0.1533203125
4 0.6015625 0.940625 0.146484375 0.1185546875
4 0.51171875 0.32734375 0.054296875 0.08125
4 0.4375 0.2984375 0.06953125 0.0849609375
4 0.42734375 0.428125 0.0763671875 0.121484375
4 0.31796875 0.47578125 0.0728515625 0.0828125
4 0.33515625 0.40859375 0.069921875 0.065625
4 0.33828125 0.35390625 0.0740234375 0.0666015625
4 0.3796875 0.26015625 0.043359375 0.05625
4 0.3453125 0.21953125 0.034375 0.0455078125
4 0.43203125 0.22421875 0.0423828125 0.0607421875
4 0.4828125 0.2515625 0.0525390625 0.0556640625
4 0.47890625 0.20546875 0.0392578125 0.0427734375
5 0.54375 0.46328125 0.0810546875 0.1390625
5 0.41953125 0.83125 0.1375 0.247265625
1 0.2625 0.81171875 0.065625 0.188671875
1 0.3671875 0.49140625 0.0318359375 0.1236328125
1 0.3796875 0.45234375 0.021875 0.0986328125