4 0.19140625 0.840625 0.240625 0.2126953125
4 0.253125 0.95703125 0.13125 0.0859375
4 0.61796875 0.96328125 0.1828125 0.0734375
4 0.565625 0.67734375 0.1212890625 0.18125
4 0.4140625 0.58203125 0.1095703125 0.1640625
4 0.309375 0.465625 0.0755859375 0.121875
4 0.33046875 0.35390625 0.0546875 0.0666015625
4 0.425 0.33671875 0.0625 0.088671875
4 0.36640625 0.23984375 0.0484375 0.067578125
4 0.43359375 0.25390625 0.04375 0.0673828125
4 0.5 0.25625 0.0462890625 0.0693359375
4 0.53046875 0.46796875 0.0859375 0.1298828125
5 0.51953125 0.35859375 0.0705078125 0.0951171875
5 0.421875 0.78671875 0.1220703125 0.25625
1 0.26953125 0.65078125 0.055078125 0.1728515625
1 0.38828125 0.38125 0.029296875 0.0966796875
1 0.5453125 0.80078125 0.044140625 0.1990234375