4 0.528125 0.59453125 0.0970703125 0.1830078125
4 0.11328125 0.81953125 0.2265625 0.2421875
4 0.29140625 0.6953125 0.1111328125 0.209375
4 0.35390625 0.55859375 0.1044921875 0.1326171875
4 0.31015625 0.4578125 0.071875 0.1193359375
4 0.334375 0.353125 0.0564453125 0.08125
4 0.3515625 0.21328125 0.0494140625 0.076171875
4 0.4421875 0.32578125 0.0537109375 0.0958984375
4 0.50390625 0.303125 0.0544921875 0.0681640625
4 0.515625 0.38515625 0.071484375 0.1103515625
4 0.478125 0.2109375 0.03671875 0.075390625
4 0.434375 0.81171875 0.1244140625 0.2017578125
4 0.6046875 0.896875 0.16875 0.20625
1 0.43046875 0.584375 0.0423828125 0.1560546875
1 0.38515625 0.3546875 0.0322265625 0.103125
1 0.3953125 0.22578125 0.0251953125 0.067578125
5 0.434375 0.47421875 0.08203125 0.141796875