5 0.4171875 0.8453125 0.1435546875 0.2724609375
5 0.59140625 0.70859375 0.1326171875 0.2203125
1 0.25546875 0.92109375 0.0640625 0.1578125
1 0.3265625 0.603125 0.0376953125 0.1560546875
1 0.3625 0.57890625 0.0412109375 0.154296875
4 0.23515625 0.80234375 0.2736328125 0.226953125
4 0.43203125 0.5484375 0.0890625 0.153125
4 0.47109375 0.44140625 0.09375 0.1115234375
4 0.446875 0.36015625 0.06875 0.1115234375
4 0.50546875 0.28046875 0.054296875 0.086328125
4 0.4453125 0.26953125 0.0474609375 0.076953125
4 0.3875 0.278125 0.046875 0.0783203125
4 0.33515625 0.365625 0.0546875 0.0783203125
4 0.34375 0.4296875 0.0595703125 0.083984375
4 0.31640625 0.50859375 0.0861328125 0.132421875
4 0.35625 0.22578125 0.040625 0.0572265625
4 0.41171875 0.215625 0.051953125 0.0662109375