1 0.3765625 0.453125 0.03359375 0.128515625
1 0.428125 0.28828125 0.024609375 0.08125
1 0.3890625 0.290625 0.022265625 0.087109375
1 0.4828125 0.490625 0.0318359375 0.134375
4 0.6046875 0.9375 0.159375 0.125
4 0.27265625 0.84453125 0.1390625 0.2396484375
4 0.2953125 0.67734375 0.1435546875 0.1572265625
4 0.059375 0.84765625 0.11875 0.1671875
4 0.55078125 0.58984375 0.104296875 0.173046875
4 0.52421875 0.45390625 0.0666015625 0.1140625
4 0.440625 0.4171875 0.0654296875 0.11015625
4 0.31328125 0.465625 0.0794921875 0.128125
4 0.3328125 0.35234375 0.0654296875 0.067578125
4 0.334375 0.40390625 0.0658203125 0.053125
4 0.35859375 0.228125 0.0416015625 0.072265625
4 0.4203125 0.25078125 0.0435546875 0.0671875
4 0.49921875 0.30703125 0.051171875 0.069921875
4 0.49140625 0.24609375 0.044921875 0.065625
4 0.43515625 0.20234375 0.035546875 0.041796875
5 0.43515625 0.63125 0.1015625 0.1931640625