5 0.6203125 0.83828125 0.143359375 0.245703125
5 0.4125 0.875 0.121875 0.25
4 0.21640625 0.81484375 0.2673828125 0.2205078125
4 0.30859375 0.5359375 0.0736328125 0.1337890625
4 0.43203125 0.575 0.0802734375 0.1435546875
4 0.43671875 0.471875 0.0640625 0.108984375
4 0.44140625 0.38515625 0.0609375 0.086328125
4 0.515625 0.32265625 0.0595703125 0.09375
4 0.4453125 0.29140625 0.0474609375 0.0642578125
4 0.38671875 0.290625 0.054296875 0.06953125
4 0.3421875 0.37109375 0.055859375 0.071875
4 0.3421875 0.434375 0.062109375 0.078125
4 0.36328125 0.2328125 0.041796875 0.053125
4 0.41953125 0.22109375 0.0361328125 0.08125
4 0.46171875 0.24453125 0.0421875 0.0580078125
1 0.3640625 0.6296875 0.0443359375 0.14765625
1 0.32890625 0.6484375 0.0482421875 0.1462890625