5 0.57421875 0.60234375 0.1083984375 0.1759765625
5 0.41875 0.8359375 0.140625 0.2619140625
4 0.0515625 0.93125 0.103125 0.1375
4 0.259375 0.78203125 0.237890625 0.1986328125
4 0.6015625 0.88984375 0.1595703125 0.211328125
4 0.42734375 0.51015625 0.0828125 0.1419921875
4 0.5046875 0.40546875 0.08359375 0.1
4 0.44140625 0.353125 0.0677734375 0.1212890625
4 0.4984375 0.246875 0.046875 0.06875
4 0.4453125 0.25234375 0.047265625 0.0763671875
4 0.46484375 0.3 0.0484375 0.068359375
4 0.3875 0.275 0.037890625 0.0814453125
4 0.35078125 0.2265625 0.0361328125 0.0654296875
4 0.4046875 0.20390625 0.0474609375 0.046875
4 0.340625 0.35859375 0.0623046875 0.0673828125
4 0.3390625 0.42421875 0.07265625 0.073046875
4 0.3140625 0.496875 0.083984375 0.0935546875
1 0.275 0.89453125 0.0560546875 0.2109375
1 0.33828125 0.56015625 0.033203125 0.134375
1 0.36484375 0.54375 0.03125 0.146875