4 0.19140625 0.840625 0.240625 0.2126953125
4 0.253125 0.95703125 0.13125 0.0859375
4 0.61796875 0.9640625 0.1828125 0.071875
4 0.565625 0.67734375 0.1154296875 0.178125
4 0.4140625 0.58203125 0.1154296875 0.1671875
4 0.309375 0.465625 0.0775390625 0.121875
4 0.33046875 0.35390625 0.05625 0.0669921875
4 0.425 0.33671875 0.062890625 0.088671875
4 0.36640625 0.23984375 0.048046875 0.067578125
4 0.43359375 0.25390625 0.044921875 0.0673828125
4 0.5 0.25625 0.0435546875 0.0685546875
4 0.53046875 0.46796875 0.0890625 0.1322265625
5 0.51953125 0.35859375 0.0697265625 0.0927734375
5 0.421875 0.78671875 0.1220703125 0.25625
1 0.26953125 0.65078125 0.051171875 0.1708984375
1 0.38828125 0.38125 0.030078125 0.0970703125
1 0.5453125 0.80078125 0.043359375 0.1986328125