5 0.6203125 0.83828125 0.14609375 0.246875
5 0.4125 0.87421875 0.13125 0.2515625
4 0.21640625 0.81484375 0.2673828125 0.2205078125
4 0.30859375 0.5359375 0.0708984375 0.1314453125
4 0.43203125 0.575 0.0830078125 0.1439453125
4 0.43671875 0.471875 0.059375 0.10625
4 0.44140625 0.38515625 0.059375 0.0859375
4 0.515625 0.32265625 0.0599609375 0.094921875
4 0.4453125 0.29140625 0.0498046875 0.0646484375
4 0.38671875 0.290625 0.0515625 0.06875
4 0.3421875 0.37109375 0.053125 0.0703125
4 0.3421875 0.434375 0.059765625 0.07578125
4 0.36328125 0.2328125 0.042578125 0.05390625
4 0.41953125 0.22109375 0.0416015625 0.0828125
4 0.46171875 0.24453125 0.040625 0.0576171875
1 0.3640625 0.6296875 0.0404296875 0.147265625
1 0.32890625 0.6484375 0.0427734375 0.1439453125