4 0.5921875 0.81171875 0.1404296875 0.2259765625
4 0.14296875 0.875 0.2859375 0.25
4 0.38515625 0.64765625 0.14375 0.166796875
4 0.54375 0.54921875 0.0939453125 0.1416015625
4 0.4265625 0.3828125 0.06015625 0.109375
4 0.33828125 0.359375 0.0634765625 0.084765625
4 0.315625 0.4640625 0.077734375 0.1150390625
4 0.37734375 0.24453125 0.0423828125 0.0640625
4 0.4765625 0.221875 0.04140625 0.0564453125
4 0.50390625 0.28828125 0.0453125 0.0740234375
5 0.53203125 0.40546875 0.076171875 0.1140625
5 0.4359375 0.278125 0.05625 0.0876953125
5 0.41953125 0.8140625 0.134375 0.262109375
1 0.56171875 0.934375 0.0765625 0.13125
1 0.246875 0.73125 0.05625 0.1755859375
4 0.1125 0.1671875 0.0693359375 0.096875