4 0.21171875 0.76015625 0.2177734375 0.2015625
4 0.31171875 0.5828125 0.0986328125 0.14609375
4 0.4359375 0.57890625 0.081640625 0.1486328125
4 0.403125 0.4453125 0.0689453125 0.0998046875
4 0.31171875 0.4609375 0.073046875 0.099609375
4 0.32890625 0.34921875 0.064453125 0.0517578125
4 0.32890625 0.4015625 0.0701171875 0.074609375
4 0.34609375 0.215625 0.033203125 0.05625
4 0.44609375 0.26015625 0.0478515625 0.0642578125
4 0.4671875 0.21171875 0.033984375 0.0578125
4 0.49921875 0.27421875 0.05 0.0765625
4 0.5078125 0.3875 0.0599609375 0.081640625
4 0.53828125 0.5046875 0.0740234375 0.125390625
4 0.57890625 0.72421875 0.1076171875 0.1771484375
1 0.4375 0.7734375 0.059375 0.1876953125
1 0.3484375 0.29375 0.0314453125 0.0783203125
1 0.4703125 0.4109375 0.0248046875 0.090625
5 0.42578125 0.371875 0.0640625 0.1005859375