4 0.0984375 0.16640625 0.07734375 0.0802734375
4 0.11328125 0.903125 0.2265625 0.19375
4 0.3484375 0.71171875 0.1591796875 0.161328125
4 0.55546875 0.6265625 0.1 0.1564453125
4 0.60078125 0.93828125 0.1515625 0.1234375
4 0.51171875 0.32734375 0.054296875 0.08125
4 0.4375 0.2984375 0.071875 0.0873046875
4 0.42734375 0.428125 0.0771484375 0.121875
4 0.31796875 0.47578125 0.0705078125 0.08125
4 0.33515625 0.40859375 0.067578125 0.063671875
4 0.33828125 0.35390625 0.0740234375 0.0666015625
4 0.3796875 0.26015625 0.04375 0.05625
4 0.3453125 0.21953125 0.03515625 0.0458984375
4 0.43203125 0.22421875 0.0451171875 0.0615234375
4 0.4828125 0.2515625 0.0505859375 0.0537109375
4 0.47890625 0.20546875 0.0396484375 0.0447265625
5 0.54375 0.46328125 0.0806640625 0.138671875
5 0.41953125 0.83125 0.135546875 0.246484375
1 0.2625 0.81171875 0.06796875 0.188671875
1 0.3671875 0.49140625 0.0373046875 0.1240234375
1 0.3796875 0.45234375 0.02109375 0.0986328125