4 0.528125 0.59453125 0.0970703125 0.1830078125
4 0.1140625 0.81953125 0.228125 0.2453125
4 0.29140625 0.6953125 0.1134765625 0.209765625
4 0.35390625 0.55859375 0.1076171875 0.1353515625
4 0.31015625 0.4578125 0.075 0.1216796875
4 0.334375 0.353125 0.0564453125 0.08125
4 0.3515625 0.21328125 0.0498046875 0.0765625
4 0.4421875 0.32578125 0.0537109375 0.0958984375
4 0.50390625 0.303125 0.0544921875 0.0681640625
4 0.515625 0.38515625 0.069140625 0.1080078125
4 0.478125 0.2109375 0.037109375 0.075390625
4 0.434375 0.81171875 0.1212890625 0.2009765625
4 0.6046875 0.89765625 0.1625 0.2046875
1 0.43046875 0.584375 0.0478515625 0.1564453125
1 0.38515625 0.3546875 0.0333984375 0.103515625
1 0.3953125 0.22578125 0.0251953125 0.067578125
5 0.434375 0.47421875 0.075390625 0.1375