4 0.23125 0.78359375 0.2064453125 0.2015625
4 0.25234375 0.92578125 0.1515625 0.1484375
4 0.3171875 0.4578125 0.0724609375 0.1181640625
4 0.33515625 0.35859375 0.0625 0.0830078125
4 0.4234375 0.3109375 0.062890625 0.1
4 0.43046875 0.51328125 0.0765625 0.129296875
4 0.58125 0.8515625 0.140625 0.2412109375
4 0.54765625 0.5671875 0.105078125 0.1587890625
4 0.515625 0.4046875 0.0775390625 0.1119140625
4 0.5046875 0.3125 0.0626953125 0.0810546875
4 0.490625 0.22578125 0.0376953125 0.0671875
4 0.43203125 0.21796875 0.0458984375 0.084375
4 0.36328125 0.23515625 0.0427734375 0.0884765625
1 0.31875 0.5765625 0.0625 0.130859375
1 0.521875 0.6671875 0.0537109375 0.1724609375
1 0.39140625 0.36015625 0.0333984375 0.1017578125
5 0.42734375 0.73359375 0.121875 0.2115234375