4 0.23125 0.78359375 0.2033203125 0.1984375
4 0.253125 0.92578125 0.153125 0.1484375
4 0.3171875 0.4578125 0.0693359375 0.1158203125
4 0.33515625 0.35859375 0.0640625 0.0853515625
4 0.4234375 0.3109375 0.0625 0.1
4 0.43046875 0.51328125 0.078125 0.1296875
4 0.58125 0.8515625 0.14921875 0.2466796875
4 0.54765625 0.5671875 0.109375 0.1599609375
4 0.515625 0.4046875 0.0748046875 0.1095703125
4 0.5046875 0.3125 0.0591796875 0.0783203125
4 0.490625 0.22578125 0.0400390625 0.067578125
4 0.43203125 0.21796875 0.0490234375 0.0859375
4 0.36328125 0.23515625 0.0392578125 0.0861328125
1 0.31875 0.5765625 0.06171875 0.130859375
1 0.521875 0.6671875 0.0501953125 0.1720703125
1 0.39140625 0.36015625 0.0330078125 0.1017578125
5 0.42734375 0.73359375 0.1234375 0.2134765625