4 0.0296875 0.28359375 0.059375 0.0765625
4 0.121875 0.8546875 0.24375 0.246875
4 0.415625 0.93515625 0.1625 0.1296875
4 0.43984375 0.64453125 0.0919921875 0.1921875
4 0.30546875 0.61015625 0.0884765625 0.160546875
4 0.34140625 0.453125 0.0794921875 0.10078125
4 0.334375 0.36171875 0.0623046875 0.076953125
4 0.39296875 0.3765625 0.051171875 0.1001953125
4 0.43203125 0.49609375 0.09375 0.125
4 0.5421875 0.42421875 0.078125 0.1322265625
4 0.4390625 0.31171875 0.04375 0.0767578125
4 0.3875 0.290625 0.0625 0.083984375
4 0.37578125 0.22578125 0.0451171875 0.0671875
4 0.42421875 0.22265625 0.0455078125 0.075
1 0.31484375 0.75390625 0.0634765625 0.2041015625
1 0.36328125 0.70546875 0.0416015625 0.1544921875