1 0.4515625 0.51640625 0.0314453125 0.1375
1 0.3734375 0.334375 0.0375 0.1037109375
4 0.57734375 0.72890625 0.121875 0.214453125
4 0.1296875 0.8046875 0.259375 0.2248046875
4 0.2953125 0.65234375 0.103515625 0.1767578125
4 0.44140625 0.72421875 0.11875 0.1978515625
4 0.52265625 0.5109375 0.085546875 0.144140625
4 0.5078125 0.33671875 0.0501953125 0.0955078125
4 0.48671875 0.26328125 0.0484375 0.0732421875
4 0.4421875 0.30390625 0.0564453125 0.086328125
4 0.3296875 0.34609375 0.053515625 0.06875
4 0.30703125 0.4625 0.0763671875 0.1185546875
4 0.375 0.5140625 0.09296875 0.11015625
5 0.42890625 0.43203125 0.0740234375 0.107421875
4 0.34765625 0.21875 0.0513671875 0.065234375
4 0.0890625 0.23359375 0.1001953125 0.0888671875