4 0.56171875 0.5140625 0.035546875 0.0494140625
4 0.54921875 0.46953125 0.0271484375 0.038671875
4 0.4859375 0.40703125 0.0193359375 0.0326171875
4 0.4453125 0.51328125 0.0283203125 0.0392578125
4 0.4171875 0.5421875 0.0474609375 0.1056640625
4 0.1890625 0.8125 0.121875 0.1818359375
4 0.45234375 0.47265625 0.0271484375 0.0484375
5 0.3984375 0.46328125 0.055859375 0.098828125
5 0.471875 0.38203125 0.02578125 0.058203125
5 0.60234375 0.45546875 0.0544921875 0.111328125
5 0.559375 0.38828125 0.01875 0.046875