4 0.0984375 0.16640625 0.078515625 0.0826171875
4 0.1140625 0.9015625 0.228125 0.196875
4 0.3484375 0.71171875 0.1626953125 0.165625
4 0.55546875 0.6265625 0.095703125 0.1556640625
4 0.6015625 0.9390625 0.15 0.121875
4 0.51171875 0.32734375 0.054296875 0.08125
4 0.4375 0.2984375 0.068359375 0.0841796875
4 0.42734375 0.428125 0.0771484375 0.121875
4 0.31796875 0.47578125 0.0708984375 0.082421875
4 0.33515625 0.40859375 0.069921875 0.065625
4 0.33828125 0.35390625 0.0763671875 0.0673828125
4 0.3796875 0.26015625 0.043359375 0.05625
4 0.3453125 0.21953125 0.034765625 0.0458984375
4 0.43203125 0.22421875 0.0427734375 0.0607421875
4 0.4828125 0.2515625 0.0525390625 0.0556640625
4 0.47890625 0.20546875 0.0388671875 0.0423828125
5 0.54375 0.46328125 0.0779296875 0.1375
5 0.41953125 0.83125 0.141796875 0.249609375
1 0.2625 0.81171875 0.06875 0.1890625
1 0.3671875 0.49140625 0.0373046875 0.1240234375
1 0.3796875 0.45234375 0.01875 0.0986328125