4 0.5046875 0.3015625 0.052734375 0.08515625
4 0.4765625 0.2375 0.049609375 0.072265625
4 0.43984375 0.27578125 0.0548828125 0.084375
4 0.39296875 0.4765625 0.086328125 0.1126953125
4 0.43828125 0.64375 0.1103515625 0.1775390625
4 0.55625 0.5921875 0.096875 0.143359375
4 0.51953125 0.43984375 0.0759765625 0.111328125
4 0.6 0.89140625 0.140625 0.2171875
4 0.16484375 0.78671875 0.2666015625 0.2177734375
4 0.30625 0.6203125 0.112109375 0.15390625
4 0.31015625 0.46953125 0.0859375 0.1234375
4 0.3328125 0.35625 0.065625 0.0904296875
4 0.346875 0.215625 0.044140625 0.0626953125
5 0.4296875 0.409375 0.059765625 0.115625
1 0.43828125 0.91328125 0.0640625 0.1734375
1 0.46796875 0.46328125 0.028125 0.1125
1 0.3609375 0.325 0.028125 0.084375