1 0.35390625 0.53125 0.033203125 0.1224609375
1 0.37109375 0.5 0.032421875 0.125390625
1 0.2828125 0.85859375 0.0462890625 0.1892578125
4 0.08359375 0.9140625 0.1671875 0.171875
4 0.58203125 0.74921875 0.1298828125 0.192578125
4 0.309375 0.74765625 0.2162109375 0.1853515625
4 0.2875 0.5921875 0.0849609375 0.162890625
4 0.31953125 0.4890625 0.066796875 0.116015625
4 0.33359375 0.41171875 0.0640625 0.0646484375
4 0.334375 0.35390625 0.0689453125 0.0673828125
4 0.43984375 0.3328125 0.06875 0.1189453125
4 0.428125 0.47265625 0.07421875 0.1203125
4 0.51484375 0.36328125 0.057421875 0.0927734375
4 0.47734375 0.27578125 0.0423828125 0.0759765625
4 0.43671875 0.246875 0.0455078125 0.071875
4 0.38359375 0.2625 0.0421875 0.0626953125
4 0.35 0.2203125 0.031640625 0.050390625
4 0.4921875 0.2265625 0.0435546875 0.0619140625
5 0.55859375 0.53046875 0.0986328125 0.145703125
5 0.41796875 0.82890625 0.1271484375 0.2390625