4 0.21171875 0.76015625 0.2169921875 0.2
4 0.31171875 0.5828125 0.0923828125 0.14140625
4 0.4359375 0.57890625 0.08515625 0.1513671875
4 0.403125 0.4453125 0.0724609375 0.1025390625
4 0.31171875 0.4609375 0.0734375 0.099609375
4 0.32890625 0.34921875 0.0640625 0.0513671875
4 0.32890625 0.4015625 0.0677734375 0.072265625
4 0.34609375 0.215625 0.035546875 0.05625
4 0.44609375 0.26015625 0.0486328125 0.0646484375
4 0.4671875 0.21171875 0.03515625 0.059375
4 0.49921875 0.27421875 0.053125 0.078125
4 0.5078125 0.3875 0.0626953125 0.083984375
4 0.53828125 0.5046875 0.0740234375 0.125390625
4 0.57890625 0.72421875 0.1115234375 0.1798828125
1 0.4375 0.7734375 0.059375 0.1876953125
1 0.3484375 0.29375 0.0287109375 0.0779296875
1 0.4703125 0.4109375 0.0275390625 0.091015625
5 0.42578125 0.371875 0.063671875 0.1001953125