4 0.21953125 0.7578125 0.0919921875 0.1525390625
4 0.4140625 0.59140625 0.050390625 0.0767578125
4 0.44453125 0.496875 0.029296875 0.055859375
4 0.4671875 0.453125 0.0283203125 0.0341796875
4 0.453125 0.41953125 0.0189453125 0.021875
4 0.565625 0.55546875 0.0375 0.059375
4 0.540625 0.44765625 0.0255859375 0.0423828125
5 0.49140625 0.39609375 0.023046875 0.0330078125
5 0.46875 0.38671875 0.0216796875 0.0486328125
5 0.38125 0.4953125 0.0408203125 0.1029296875
5 0.59296875 0.4609375 0.048046875 0.0974609375