4 0.56171875 0.5140625 0.0328125 0.0470703125
4 0.54921875 0.46953125 0.0263671875 0.0375
4 0.4859375 0.40703125 0.0189453125 0.0326171875
4 0.4453125 0.51328125 0.0279296875 0.0392578125
4 0.4171875 0.5421875 0.0474609375 0.1056640625
4 0.1890625 0.8125 0.122265625 0.1837890625
4 0.45234375 0.47265625 0.0294921875 0.048828125
5 0.3984375 0.46328125 0.053125 0.0984375
5 0.471875 0.38203125 0.025390625 0.058203125
5 0.60234375 0.45546875 0.0541015625 0.1109375
5 0.559375 0.38828125 0.01953125 0.048046875