1 0.4515625 0.51640625 0.0314453125 0.1375
1 0.3734375 0.334375 0.0375 0.1037109375
4 0.57734375 0.72890625 0.1234375 0.215625
4 0.1296875 0.80390625 0.259375 0.2265625
4 0.2953125 0.65234375 0.11015625 0.1802734375
4 0.44140625 0.72421875 0.115625 0.1955078125
4 0.52265625 0.5109375 0.08125 0.143359375
4 0.5078125 0.33671875 0.0529296875 0.0978515625
4 0.48671875 0.26328125 0.05 0.0736328125
4 0.4421875 0.30390625 0.0560546875 0.0859375
4 0.3296875 0.34609375 0.053515625 0.067578125
4 0.30703125 0.4625 0.0708984375 0.1154296875
4 0.375 0.5140625 0.09296875 0.11015625
5 0.42890625 0.43203125 0.0736328125 0.10625
4 0.34765625 0.21875 0.0486328125 0.062890625
4 0.0890625 0.23359375 0.0970703125 0.0853515625