4 0.0296875 0.284375 0.059375 0.075
4 0.11875 0.85390625 0.2375 0.2359375
4 0.41484375 0.9359375 0.1609375 0.128125
4 0.43984375 0.64453125 0.0919921875 0.1921875
4 0.30546875 0.61015625 0.0884765625 0.160546875
4 0.34140625 0.453125 0.0794921875 0.10078125
4 0.334375 0.36171875 0.0599609375 0.076171875
4 0.39296875 0.3765625 0.0515625 0.1005859375
4 0.43203125 0.49609375 0.0921875 0.1234375
4 0.5421875 0.42421875 0.075390625 0.1298828125
4 0.4390625 0.31171875 0.046875 0.0791015625
4 0.3875 0.290625 0.059375 0.08125
4 0.37578125 0.22578125 0.0458984375 0.067578125
4 0.42421875 0.22265625 0.0451171875 0.075
1 0.31484375 0.75390625 0.0544921875 0.2017578125
1 0.36328125 0.70546875 0.0416015625 0.1544921875