4 0.5703125 0.8453125 0.159375 0.243359375
4 0.07734375 0.8359375 0.1546875 0.203125
4 0.27578125 0.790625 0.140625 0.209375
4 0.31328125 0.6359375 0.1294921875 0.1376953125
4 0.30859375 0.4671875 0.0826171875 0.125
4 0.33203125 0.34921875 0.0638671875 0.0861328125
4 0.44296875 0.38125 0.054296875 0.0931640625
4 0.52265625 0.3875 0.0609375 0.0962890625
4 0.53671875 0.503125 0.086328125 0.1373046875
4 0.4921875 0.27109375 0.04375 0.075
4 0.48125 0.2234375 0.04375 0.0625
4 0.41640625 0.22265625 0.0490234375 0.066796875
4 0.36015625 0.221875 0.0453125 0.0630859375
1 0.35390625 0.90546875 0.0609375 0.1890625
1 0.3875 0.41328125 0.0375 0.0990234375
1 0.4421875 0.25234375 0.0244140625 0.0736328125
1 0.39296875 0.26953125 0.028125 0.076953125
5 0.43203125 0.575 0.085546875 0.183984375