4 0.5921875 0.81171875 0.1439453125 0.2271484375
4 0.14140625 0.8765625 0.2828125 0.246875
4 0.38515625 0.64765625 0.145703125 0.167578125
4 0.54375 0.54921875 0.0966796875 0.1423828125
4 0.4265625 0.3828125 0.065625 0.112109375
4 0.33828125 0.359375 0.0611328125 0.084375
4 0.315625 0.4640625 0.08125 0.1162109375
4 0.37734375 0.24453125 0.0416015625 0.063671875
4 0.4765625 0.221875 0.043359375 0.0568359375
4 0.50390625 0.28828125 0.044921875 0.0736328125
5 0.53203125 0.40546875 0.078125 0.114453125
5 0.4359375 0.278125 0.059765625 0.0904296875
5 0.41953125 0.8140625 0.1390625 0.262890625
1 0.56171875 0.934375 0.0765625 0.13125
1 0.246875 0.73125 0.05703125 0.1775390625
4 0.1125 0.1671875 0.0662109375 0.094140625