1 0.4515625 0.51640625 0.0314453125 0.1375
1 0.3734375 0.334375 0.034375 0.1033203125
4 0.57734375 0.72890625 0.1203125 0.2140625
4 0.13125 0.80390625 0.2625 0.2328125
4 0.2953125 0.65234375 0.10390625 0.1771484375
4 0.44140625 0.72421875 0.1140625 0.1951171875
4 0.52265625 0.5109375 0.080078125 0.14140625
4 0.5078125 0.33671875 0.0474609375 0.0951171875
4 0.48671875 0.26328125 0.048828125 0.0736328125
4 0.4421875 0.30390625 0.0537109375 0.085546875
4 0.3296875 0.34609375 0.055859375 0.069921875
4 0.30703125 0.4625 0.0705078125 0.1154296875
4 0.375 0.5140625 0.09375 0.1125
5 0.42890625 0.43203125 0.0771484375 0.109375
4 0.34765625 0.21875 0.0509765625 0.06328125
4 0.0890625 0.23359375 0.0966796875 0.0833984375