4 0.528125 0.59453125 0.0931640625 0.1802734375
4 0.11328125 0.81953125 0.2265625 0.2421875
4 0.29140625 0.6953125 0.1076171875 0.20859375
4 0.35390625 0.55859375 0.1017578125 0.1302734375
4 0.31015625 0.4578125 0.073046875 0.1212890625
4 0.334375 0.353125 0.0595703125 0.08203125
4 0.3515625 0.21328125 0.0470703125 0.076171875
4 0.4421875 0.32578125 0.0568359375 0.0982421875
4 0.50390625 0.303125 0.0513671875 0.0654296875
4 0.515625 0.38515625 0.071484375 0.1103515625
4 0.478125 0.2109375 0.034765625 0.075
4 0.434375 0.81171875 0.1251953125 0.2041015625
4 0.6046875 0.8984375 0.159375 0.203125
1 0.43046875 0.584375 0.0486328125 0.1564453125
1 0.38515625 0.3546875 0.0330078125 0.103515625
1 0.3953125 0.22578125 0.0220703125 0.0671875
5 0.434375 0.47421875 0.080859375 0.139453125