1 0.3765625 0.453125 0.030859375 0.128125
1 0.428125 0.28828125 0.02578125 0.082421875
1 0.3890625 0.290625 0.022265625 0.087109375
1 0.4828125 0.490625 0.0373046875 0.134765625
4 0.6046875 0.93671875 0.159375 0.1265625
4 0.27265625 0.84453125 0.1390625 0.2396484375
4 0.2953125 0.67734375 0.1462890625 0.1583984375
4 0.05859375 0.8484375 0.1171875 0.165625
4 0.55078125 0.58984375 0.101171875 0.170703125
4 0.52421875 0.45390625 0.0638671875 0.1125
4 0.440625 0.4171875 0.0599609375 0.108984375
4 0.31328125 0.465625 0.0794921875 0.128125
4 0.3328125 0.35234375 0.0630859375 0.066796875
4 0.334375 0.40390625 0.0685546875 0.05625
4 0.35859375 0.228125 0.0416015625 0.072265625
4 0.4203125 0.25078125 0.0443359375 0.067578125
4 0.49921875 0.30703125 0.048046875 0.067578125
4 0.49140625 0.24609375 0.046875 0.067578125
4 0.43515625 0.20234375 0.0359375 0.041796875
5 0.43515625 0.63125 0.1 0.1912109375