4 0.5046875 0.3015625 0.053515625 0.087109375
4 0.4765625 0.2375 0.05 0.072265625
4 0.43984375 0.27578125 0.0583984375 0.086328125
4 0.39296875 0.4765625 0.083203125 0.1095703125
4 0.43828125 0.64375 0.1013671875 0.1720703125
4 0.55625 0.5921875 0.10078125 0.14609375
4 0.51953125 0.43984375 0.0740234375 0.1109375
4 0.6 0.88984375 0.15 0.2203125
4 0.16484375 0.78671875 0.2580078125 0.2080078125
4 0.30625 0.6203125 0.115625 0.156640625
4 0.31015625 0.46953125 0.0828125 0.120703125
4 0.3328125 0.35625 0.066015625 0.0904296875
4 0.346875 0.215625 0.04453125 0.0630859375
5 0.4296875 0.409375 0.062109375 0.116015625
1 0.43828125 0.91328125 0.0609375 0.1734375
1 0.46796875 0.46328125 0.029296875 0.1125
1 0.3609375 0.325 0.031640625 0.084765625