5 0.596875 0.8875 0.121875 0.225
5 0.38515625 0.5828125 0.0666015625 0.091015625
5 0.56171875 0.58359375 0.0353515625 0.0552734375
4 0.12890625 0.84921875 0.11875 0.130078125
4 0.35703125 0.66171875 0.0455078125 0.065625
4 0.41484375 0.815625 0.076953125 0.1025390625
5 0.478125 0.89296875 0.090234375 0.1677734375
4 0.5046875 0.7703125 0.0470703125 0.071875
4 0.46796875 0.70703125 0.057421875 0.064453125
4 0.4875 0.65390625 0.037109375 0.0546875
4 0.47265625 0.59375 0.0228515625 0.05703125
4 0.44765625 0.5859375 0.0259765625 0.046875
4 0.5203125 0.6125 0.0310546875 0.0310546875
4 0.53984375 0.6640625 0.032421875 0.0318359375
4 0.55 0.62890625 0.034765625 0.0298828125
4 0.52578125 0.70859375 0.0416015625 0.060546875
4 0.6078125 0.753125 0.0560546875 0.053125
4 0.59296875 0.69375 0.040625 0.0443359375
4 0.59140625 0.6640625 0.0390625 0.0341796875
4 0.6015625 0.63046875 0.0556640625 0.040625
4 0.5953125 0.5921875 0.02890625 0.0251953125
4 0.59375 0.56328125 0.025390625 0.021875
4 0.50078125 0.5671875 0.0203125 0.028125