4 0.5234375 0.76640625 0.096484375 0.134375
4 0.58125 0.6171875 0.06875 0.1095703125
4 0.54140625 0.5640625 0.054296875 0.0783203125
4 0.57265625 0.51640625 0.0365234375 0.0615234375
4 0.6015625 0.4796875 0.037109375 0.0494140625
4 0.65390625 0.5453125 0.0541015625 0.081640625
4 0.66328125 0.4921875 0.036328125 0.044140625
4 0.66171875 0.45390625 0.0375 0.0361328125
4 0.48046875 0.45703125 0.042578125 0.044921875
4 0.45625 0.49453125 0.0310546875 0.05
4 0.41796875 0.51953125 0.0517578125 0.058203125
4 0.26953125 0.5890625 0.0615234375 0.1033203125
4 0.0421875 0.84296875 0.084375 0.1828125
1 0.2203125 0.57421875 0.030859375 0.1015625