4 0.81640625 0.89296875 0.3171875 0.2140625
4 0.36015625 0.88203125 0.2359375 0.2359375
4 0.0828125 0.8703125 0.165625 0.259375
4 0.68515625 0.71953125 0.18125 0.114453125
4 0.4046875 0.725 0.1498046875 0.1099609375
4 0.159375 0.69921875 0.228515625 0.1388671875
4 0.28125 0.6046875 0.109375 0.0681640625
4 0.41953125 0.6421875 0.136328125 0.0775390625
4 0.4296875 0.58828125 0.09140625 0.064453125
4 0.30859375 0.56484375 0.1015625 0.0421875
4 0.646875 0.62109375 0.1470703125 0.092578125
2 0.61015625 0.54921875 0.151953125 0.1076171875