4 0.815625 0.89375 0.315625 0.2125
4 0.36015625 0.88203125 0.2359375 0.2359375
4 0.08515625 0.86875 0.1703125 0.2625
4 0.68515625 0.71953125 0.179296875 0.110546875
4 0.4046875 0.725 0.1498046875 0.1099609375
4 0.159375 0.69921875 0.225390625 0.1326171875
4 0.28125 0.6046875 0.10625 0.0623046875
4 0.41953125 0.6421875 0.1359375 0.0748046875
4 0.4296875 0.58828125 0.09140625 0.064453125
4 0.30859375 0.56484375 0.103125 0.046875
4 0.646875 0.62109375 0.1498046875 0.095703125
2 0.61015625 0.54921875 0.153125 0.1080078125