1 0.5359375 0.72421875 0.078125 0.107421875
1 0.5171875 0.60625 0.04375 0.0689453125
2 0.60625 0.54921875 0.1439453125 0.116796875
4 0.09140625 0.84375 0.1828125 0.253125
4 0.359375 0.87890625 0.2599609375 0.2208984375
4 0.77890625 0.84296875 0.2853515625 0.1853515625
4 0.67578125 0.70625 0.1548828125 0.1087890625
4 0.6484375 0.62109375 0.1287109375 0.0890625
4 0.403125 0.71640625 0.159765625 0.110546875
4 0.20703125 0.65546875 0.184375 0.111328125
4 0.29375 0.58046875 0.1255859375 0.078125
4 0.41796875 0.64296875 0.1333984375 0.0833984375
4 0.428125 0.5796875 0.0994140625 0.0625
4 0.3515625 0.521875 0.07265625 0.059375