4 0.54765625 0.48515625 0.0609375 0.1173828125
4 0.63984375 0.69765625 0.0759765625 0.1103515625
4 0.734375 0.90078125 0.09375 0.1458984375
4 0.3828125 0.75859375 0.066015625 0.1048828125
4 0.3171875 0.8828125 0.0810546875 0.10390625
4 0.28984375 0.74453125 0.0552734375 0.1080078125
4 0.26484375 0.58828125 0.0576171875 0.0888671875
4 0.25234375 0.4875 0.055078125 0.0806640625
4 0.3515625 0.3203125 0.0404296875 0.075
4 0.40625 0.3078125 0.050390625 0.0783203125
4 0.37109375 0.19296875 0.086328125 0.073046875
4 0.41640625 0.109375 0.0361328125 0.04453125
4 0.65390625 0.4265625 0.0544921875 0.071484375
4 0.68828125 0.465625 0.0546875 0.059375
4 0.70625 0.52109375 0.0564453125 0.0853515625
2 0.5328125 0.17265625 0.1193359375 0.0990234375
5 0.36796875 0.08671875 0.0486328125 0.0921875