4 0.24609375 0.68046875 0.08125 0.0865234375
4 0.31796875 0.7515625 0.076171875 0.0974609375
4 0.33671875 0.940625 0.073046875 0.1185546875
4 0.49140625 0.846875 0.0611328125 0.0966796875
4 0.58828125 0.84296875 0.0701171875 0.109375
4 0.67578125 0.93203125 0.0734375 0.1359375
4 0.6078125 0.74609375 0.0623046875 0.0888671875
4 0.5921875 0.69375 0.0376953125 0.0587890625
4 0.5296875 0.67421875 0.0349609375 0.0642578125
4 0.51796875 0.73515625 0.0396484375 0.080078125
4 0.46171875 0.71328125 0.05625 0.0857421875
4 0.5 0.6515625 0.033984375 0.053515625
4 0.52265625 0.59765625 0.029296875 0.05
4 0.5609375 0.61875 0.0287109375 0.05625
4 0.4734375 0.596875 0.0279296875 0.0283203125
4 0.46328125 0.575 0.020703125 0.034765625
4 0.42734375 0.57578125 0.028125 0.045703125
4 0.36953125 0.603125 0.0302734375 0.056640625
4 0.59453125 0.6328125 0.041796875 0.059765625
4 0.6171875 0.58671875 0.0279296875 0.034375
4 0.59296875 0.5859375 0.03125 0.0466796875
4 0.56953125 0.56171875 0.0205078125 0.0453125