4 0.52734375 0.33203125 0.0609375 0.0927734375
4 0.65703125 0.38125 0.0875 0.1068359375
4 0.3453125 0.6890625 0.1462890625 0.253515625
4 0.43359375 0.090625 0.0419921875 0.0501953125
4 0.52421875 0.15546875 0.0447265625 0.0552734375
4 0.60078125 0.096875 0.0365234375 0.0375
4 0.57578125 0.046875 0.030078125 0.037890625
4 0.525 0.04921875 0.01953125 0.0359375
4 0.49375 0.01640625 0.022265625 0.0265625
4 0.46328125 0.025 0.0271484375 0.0376953125
4 0.521875 0.01328125 0.019140625 0.0263671875
4 0.5671875 0.0109375 0.021875 0.021875
4 0.38515625 0.01328125 0.0265625 0.0263671875
5 0.03203125 0.33125 0.0640625 0.128125