4 0.62890625 0.71015625 0.075 0.1267578125
4 0.39140625 0.82734375 0.1173828125 0.1298828125
4 0.4984375 0.6390625 0.0779296875 0.0876953125
4 0.534375 0.5703125 0.0529296875 0.0962890625
4 0.5609375 0.5234375 0.0380859375 0.0787109375
4 0.6171875 0.54375 0.0462890625 0.08125
4 0.6328125 0.47890625 0.0283203125 0.0423828125
4 0.6734375 0.4796875 0.027734375 0.046484375
4 0.46640625 0.471875 0.03125 0.0533203125
4 0.43984375 0.49921875 0.0322265625 0.0521484375
4 0.37578125 0.5609375 0.057421875 0.0693359375
4 0.334375 0.54375 0.052734375 0.0693359375
4 0.06875 0.71953125 0.11328125 0.15625