4 0.31328125 0.88984375 0.0703125 0.1263671875
4 0.28359375 0.7515625 0.0578125 0.1287109375
4 0.25859375 0.59453125 0.0548828125 0.082421875
4 0.24453125 0.49296875 0.0484375 0.084375
4 0.3609375 0.3734375 0.05234375 0.071875
4 0.34453125 0.315625 0.0427734375 0.053515625
4 0.39296875 0.303125 0.0478515625 0.075
4 0.43046875 0.178125 0.079296875 0.0625
4 0.2953125 0.153125 0.0466796875 0.0505859375
4 0.26796875 0.0984375 0.0271484375 0.05625
4 0.31875 0.11171875 0.031640625 0.0705078125
4 0.60703125 0.62578125 0.0701171875 0.1140625
4 0.678125 0.8234375 0.084765625 0.1216796875
4 0.73203125 0.93828125 0.0984375 0.1234375
4 0.70078125 0.528125 0.0521484375 0.078515625
4 0.6796875 0.47421875 0.04140625 0.0607421875
4 0.6453125 0.42578125 0.0568359375 0.051953125
4 0.621875 0.384375 0.0560546875 0.0435546875
4 0.603125 0.346875 0.055859375 0.0498046875
4 0.44921875 0.1140625 0.0390625 0.0501953125
4 0.4078125 0.11640625 0.034375 0.041796875
5 0.3625 0.0921875 0.0443359375 0.096484375