4 0.35625 0.878125 0.240234375 0.22421875
4 0.7921875 0.85625 0.2900390625 0.1966796875
4 0.6796875 0.7109375 0.1658203125 0.105859375
4 0.6484375 0.6171875 0.137890625 0.0939453125
4 0.40546875 0.7203125 0.1576171875 0.1125
4 0.41796875 0.6421875 0.1107421875 0.0689453125
4 0.43203125 0.5828125 0.084375 0.059375
4 0.296875 0.5859375 0.094140625 0.053125
4 0.19921875 0.6625 0.15625 0.096875
4 0.0828125 0.8578125 0.165625 0.24375
1 0.57265625 0.925 0.1171875 0.15
1 0.52421875 0.6515625 0.061328125 0.0931640625
2 0.60390625 0.5453125 0.1359375 0.1130859375
4 0.346875 0.5296875 0.081640625 0.05234375