4 0.42421875 0.3921875 0.0826171875 0.1400390625
4 0.55 0.85 0.1375 0.3
4 0.76953125 0.85 0.1890625 0.3
4 0.61484375 0.190625 0.059375 0.1060546875
4 0.5234375 0.06484375 0.0341796875 0.055078125
4 0.48125 0.05625 0.031640625 0.041015625
4 0.44453125 0.0625 0.0302734375 0.0537109375
4 0.33984375 0.04375 0.041796875 0.059765625
4 0.29140625 0.0265625 0.038671875 0.049609375
4 0.26796875 0.11328125 0.0513671875 0.078125
4 0.2359375 0.0859375 0.041015625 0.0654296875
4 0.1921875 0.065625 0.0443359375 0.0599609375