5 0.4625 0.51328125 0.078515625 0.13125
5 0.546875 0.48359375 0.075 0.15
5 0.50390625 0.390625 0.0484375 0.0974609375
4 0.63125 0.70078125 0.0693359375 0.0958984375
4 0.68984375 0.81796875 0.0853515625 0.1396484375
4 0.375 0.69765625 0.0595703125 0.0875
4 0.284375 0.74453125 0.053515625 0.1103515625
4 0.31015625 0.87578125 0.0576171875 0.108203125
4 0.2609375 0.59296875 0.0466796875 0.0833984375
4 0.24609375 0.49765625 0.0359375 0.0892578125
4 0.3734375 0.24609375 0.0400390625 0.0984375
4 0.2921875 0.14375 0.041015625 0.066015625
4 0.2421875 0.13515625 0.034375 0.053125
4 0.26640625 0.08203125 0.0291015625 0.048828125
4 0.24921875 0.02734375 0.0294921875 0.0521484375
4 0.47109375 0.1328125 0.0453125 0.053125
4 0.59296875 0.346875 0.0451171875 0.0689453125
4 0.615625 0.384375 0.037890625 0.0595703125
4 0.64453125 0.42265625 0.0548828125 0.060546875
4 0.6765625 0.46328125 0.05390625 0.045703125
4 0.69765625 0.5296875 0.0548828125 0.08125
1 0.38203125 0.90859375 0.032421875 0.1330078125
1 0.20234375 0.03203125 0.0177734375 0.0455078125