4 0.36171875 0.88203125 0.2265625 0.2359375
4 0.07734375 0.87578125 0.1546875 0.2484375
4 0.81484375 0.89375 0.3140625 0.2125
4 0.6765625 0.7078125 0.156640625 0.1099609375
4 0.4109375 0.71953125 0.1626953125 0.1013671875
4 0.16796875 0.69765625 0.2083984375 0.1263671875
4 0.26875 0.60234375 0.125390625 0.0521484375
4 0.4171875 0.64921875 0.106640625 0.071875
4 0.64296875 0.61796875 0.1453125 0.0798828125
2 0.609375 0.553125 0.14921875 0.10703125
4 0.4328125 0.5859375 0.0931640625 0.0630859375
4 0.30703125 0.565625 0.0978515625 0.059375
4 0.3421875 0.5359375 0.07265625 0.0408203125
4 0.46640625 0.5421875 0.063671875 0.034375