4 0.45546875 0.72421875 0.0875 0.1359375
4 0.434375 0.9359375 0.096875 0.128125
4 0.67734375 0.8203125 0.0822265625 0.122265625
4 0.734375 0.94453125 0.090625 0.1109375
4 0.60859375 0.61953125 0.06875 0.1103515625
4 0.375 0.43203125 0.0474609375 0.067578125
4 0.4359375 0.390625 0.0529296875 0.0650390625
4 0.35859375 0.36484375 0.0486328125 0.060546875
4 0.34609375 0.32265625 0.0455078125 0.06875
4 0.24453125 0.4921875 0.0486328125 0.0689453125
4 0.2578125 0.590625 0.047265625 0.072265625
4 0.28203125 0.7578125 0.057421875 0.1095703125
4 0.309375 0.89296875 0.072265625 0.1166015625
4 0.69921875 0.52421875 0.055078125 0.0958984375
4 0.675 0.4625 0.04921875 0.05078125
4 0.646875 0.4234375 0.0591796875 0.0466796875
4 0.61875 0.38359375 0.062109375 0.057421875
4 0.6015625 0.3453125 0.056640625 0.0474609375
4 0.44765625 0.1125 0.0357421875 0.044140625
4 0.40859375 0.11328125 0.0365234375 0.0458984375
5 0.3609375 0.09453125 0.0462890625 0.0927734375