4 0.4234375 0.346875 0.0693359375 0.11875
4 0.715625 0.5609375 0.1181640625 0.1931640625
4 0.61015625 0.25078125 0.0640625 0.092578125
4 0.53125 0.22421875 0.059765625 0.096875
4 0.4734375 0.12734375 0.040625 0.0646484375
4 0.5890625 0.08203125 0.034765625 0.06875
4 0.52578125 0.0171875 0.0296875 0.034375
4 0.490625 0.0171875 0.025 0.034375
4 0.46328125 0.02109375 0.0236328125 0.0419921875
4 0.33515625 0.05 0.035546875 0.049609375
4 0.22890625 0.1359375 0.0583984375 0.0849609375
4 0.18515625 0.09140625 0.0580078125 0.059375
4 0.06328125 0.16640625 0.075 0.0671875
4 0.02421875 0.253125 0.0484375 0.1