4 0.4828125 0.5640625 0.105859375 0.18984375
4 0.42421875 0.33984375 0.065625 0.1173828125
4 0.44765625 0.18515625 0.044921875 0.082421875
4 0.47734375 0.1 0.0267578125 0.056640625
4 0.5234375 0.06875 0.0337890625 0.0345703125
4 0.57890625 0.1046875 0.032421875 0.040625
4 0.55546875 0.02890625 0.0263671875 0.0375
4 0.475 0.0171875 0.019140625 0.0341796875
4 0.2328125 0.034375 0.0306640625 0.0380859375
4 0.19296875 0.0625 0.0423828125 0.04453125
4 0.14375 0.1140625 0.0537109375 0.0630859375
4 0.05703125 0.22421875 0.0767578125 0.0830078125
5 0.5265625 0.1171875 0.040234375 0.0751953125
5 0.190625 0.62890625 0.1720703125 0.2455078125