4 0.790625 0.8484375 0.277734375 0.18515625
4 0.88046875 0.97734375 0.2390625 0.0453125
4 0.359375 0.8671875 0.2224609375 0.2130859375
4 0.103125 0.79609375 0.20625 0.2015625
4 0.21171875 0.64765625 0.1609375 0.101171875
4 0.4078125 0.71484375 0.1755859375 0.1044921875
4 0.42265625 0.6375 0.1111328125 0.0712890625
4 0.43046875 0.571875 0.103125 0.058984375
4 0.3 0.5796875 0.094140625 0.0537109375
4 0.32578125 0.54140625 0.0892578125 0.0333984375
4 0.36796875 0.51171875 0.0673828125 0.0330078125
4 0.3921875 0.4828125 0.0595703125 0.0318359375
4 0.67265625 0.703125 0.159375 0.1064453125
4 0.65234375 0.6125 0.1259765625 0.090625
2 0.60078125 0.53359375 0.1169921875 0.086328125
1 0.56875 0.8546875 0.0873046875 0.1380859375
1 0.53671875 0.67578125 0.0669921875 0.0921875
1 0.51796875 0.59375 0.046875 0.0662109375
1 0.52109375 0.553125 0.0396484375 0.0591796875
4 0.46484375 0.528125 0.061328125 0.0404296875