4 0.05625 0.7703125 0.1123046875 0.1091796875
4 0.13515625 0.82890625 0.0958984375 0.1078125
4 0.27265625 0.80703125 0.0857421875 0.1052734375
4 0.4828125 0.84375 0.069140625 0.10078125
4 0.5921875 0.83671875 0.0537109375 0.098046875
4 0.6734375 0.95390625 0.071875 0.0921875
4 0.5234375 0.72890625 0.040234375 0.0701171875
4 0.45703125 0.7359375 0.0458984375 0.0775390625
4 0.3734375 0.653125 0.043359375 0.04921875
4 0.27421875 0.66171875 0.0517578125 0.053125
4 0.41953125 0.58046875 0.029296875 0.0361328125
4 0.49765625 0.65234375 0.028125 0.0375
4 0.51171875 0.62421875 0.0205078125 0.028125
4 0.47265625 0.56875 0.0203125 0.021875
4 0.47109375 0.5515625 0.016796875 0.022265625
4 0.49453125 0.54765625 0.015625 0.01875
4 0.51953125 0.5484375 0.0173828125 0.01640625
4 0.52734375 0.590625 0.0177734375 0.028125
4 0.53671875 0.57421875 0.015625 0.0203125
4 0.55859375 0.6046875 0.020703125 0.0224609375
4 0.5609375 0.5859375 0.016015625 0.025
4 0.53828125 0.66328125 0.032421875 0.0447265625
4 0.6 0.6734375 0.03203125 0.044140625
5 0.6265625 0.73203125 0.049609375 0.0798828125
5 0.5921875 0.61640625 0.040234375 0.0888671875
5 0.58359375 0.5203125 0.0013671875 0.0091796875