4 0.3609375 0.8875 0.12734375 0.1654296875
4 0.61796875 0.8328125 0.091796875 0.1599609375
4 0.47109375 0.68515625 0.0666015625 0.108203125
4 0.64375 0.615625 0.0537109375 0.106640625
4 0.5375 0.58203125 0.065234375 0.079296875
4 0.55859375 0.53046875 0.0513671875 0.0853515625
4 0.58125 0.503125 0.046875 0.068359375
4 0.628125 0.50625 0.0439453125 0.071484375
4 0.64140625 0.46171875 0.032421875 0.035546875
4 0.67734375 0.4671875 0.023828125 0.0470703125
4 0.5046875 0.4640625 0.0349609375 0.053515625
4 0.4359375 0.48828125 0.037109375 0.0572265625
4 0.4046875 0.53125 0.040625 0.0625
4 0.284375 0.62578125 0.07421875 0.104296875
4 0.2546875 0.59453125 0.06640625 0.0861328125