1 0.5546875 0.83046875 0.105859375 0.1427734375
1 0.52578125 0.6359375 0.0646484375 0.071875
1 0.525 0.56796875 0.047265625 0.0611328125
4 0.790625 0.85 0.266015625 0.20625
4 0.35703125 0.87421875 0.238671875 0.232421875
4 0.09921875 0.8171875 0.1984375 0.221875
4 0.215625 0.65 0.162109375 0.1033203125
4 0.29453125 0.5796875 0.0916015625 0.0564453125
4 0.4171875 0.63671875 0.12265625 0.0798828125
4 0.415625 0.72421875 0.1443359375 0.119921875
4 0.43359375 0.57890625 0.0826171875 0.0677734375
4 0.67578125 0.70625 0.145703125 0.118359375
4 0.64921875 0.6140625 0.138671875 0.097265625
4 0.3609375 0.51875 0.0775390625 0.0625
2 0.603125 0.54609375 0.1251953125 0.0923828125