4 0.36171875 0.8828125 0.2265625 0.234375
4 0.07890625 0.875 0.1578125 0.25
4 0.81484375 0.89375 0.3140625 0.2125
4 0.6765625 0.7078125 0.153515625 0.1060546875
4 0.4109375 0.71953125 0.1623046875 0.0986328125
4 0.16796875 0.69765625 0.2103515625 0.1271484375
4 0.26875 0.60234375 0.124609375 0.0482421875
4 0.4171875 0.64921875 0.106640625 0.071875
4 0.64296875 0.61796875 0.148828125 0.0865234375
2 0.609375 0.553125 0.14921875 0.10703125
4 0.4328125 0.5859375 0.0931640625 0.0626953125
4 0.30703125 0.565625 0.0958984375 0.056640625
4 0.3421875 0.5359375 0.072265625 0.0400390625
4 0.46640625 0.5421875 0.063671875 0.034375