4 0.36171875 0.88203125 0.2265625 0.2359375
4 0.07578125 0.8765625 0.1515625 0.246875
4 0.81484375 0.890625 0.3234375 0.21875
4 0.6765625 0.7078125 0.15625 0.1095703125
4 0.4109375 0.71953125 0.1595703125 0.0951171875
4 0.16796875 0.69765625 0.2115234375 0.1322265625
4 0.26875 0.60234375 0.124609375 0.0486328125
4 0.4171875 0.64921875 0.109375 0.076171875
4 0.64296875 0.61796875 0.148046875 0.0833984375
2 0.609375 0.553125 0.146875 0.105859375
4 0.4328125 0.5859375 0.0931640625 0.0626953125
4 0.30703125 0.565625 0.0955078125 0.05625
4 0.3421875 0.5359375 0.072265625 0.0400390625
4 0.46640625 0.5421875 0.063671875 0.03359375