5 0.075 0.76640625 0.15 0.1984375
4 0.075 0.890625 0.1404296875 0.1404296875
4 0.36171875 0.903125 0.0921875 0.1154296875
4 0.4734375 0.89375 0.084765625 0.121875
4 0.57421875 0.9390625 0.0765625 0.121875
4 0.26875 0.6703125 0.0556640625 0.0623046875
4 0.44140625 0.628125 0.0298828125 0.037109375
4 0.4703125 0.71875 0.04765625 0.0630859375
4 0.515625 0.759375 0.0439453125 0.0748046875
4 0.59921875 0.79375 0.04375 0.081640625
4 0.5734375 0.69609375 0.0439453125 0.0580078125
4 0.57890625 0.65703125 0.0330078125 0.0576171875
4 0.54765625 0.6359375 0.025 0.0408203125
4 0.5171875 0.615625 0.0248046875 0.0314453125
4 0.47890625 0.5890625 0.0240234375 0.0310546875
4 0.46328125 0.5703125 0.0205078125 0.028125
4 0.53359375 0.59296875 0.01875 0.0236328125
5 0.59765625 0.60390625 0.0392578125 0.115625
5 0.5578125 0.596875 0.0310546875 0.0626953125
5 0.56796875 0.5609375 0.01875 0.040625
5 0.43046875 0.5859375 0.0390625 0.066015625
5 0.48046875 0.53203125 0.0267578125 0.0419921875
5 0.49921875 0.525 0.0203125 0.037109375
2 0.3375 0.471875 0.0599609375 0.0474609375
2 0.28984375 0.4734375 0.0478515625 0.041015625
4 0.5 0.5484375 0.018359375 0.0154296875
4 0.51875 0.53203125 0.0126953125 0.0169921875