4 0.35078125 0.8953125 0.2609375 0.209375
4 0.8203125 0.8921875 0.303125 0.215625
4 0.6859375 0.73359375 0.194140625 0.1197265625
4 0.65703125 0.62578125 0.138671875 0.1044921875
4 0.42109375 0.64765625 0.1390625 0.0888671875
4 0.39765625 0.746875 0.1767578125 0.1314453125
4 0.1484375 0.7046875 0.2185546875 0.1466796875
4 0.271875 0.61875 0.1119140625 0.0712890625
4 0.3 0.56875 0.0875 0.037890625
4 0.34140625 0.53828125 0.0916015625 0.0513671875
4 0.43203125 0.58203125 0.110546875 0.0580078125
2 0.60390625 0.55390625 0.144921875 0.1142578125