5 0.1703125 0.76328125 0.2998046875 0.3271484375
4 0.703125 0.91171875 0.0685546875 0.1166015625
4 0.59921875 0.85390625 0.060546875 0.090625
4 0.5953125 0.76484375 0.046875 0.0765625
4 0.6546875 0.72734375 0.0537109375 0.091796875
4 0.47265625 0.7125 0.0478515625 0.06953125
4 0.36171875 0.6125 0.0416015625 0.056640625
4 0.29609375 0.78046875 0.073046875 0.1203125
4 0.5109375 0.62578125 0.0283203125 0.0453125
5 0.434375 0.5859375 0.037890625 0.0689453125
5 0.59453125 0.66796875 0.048046875 0.1009765625
4 0.55390625 0.65 0.028125 0.0376953125
4 0.5515625 0.60859375 0.0251953125 0.0361328125
4 0.48046875 0.596875 0.030078125 0.028515625