4 0.35625 0.878125 0.237890625 0.221875
4 0.7921875 0.85625 0.2931640625 0.2005859375
4 0.6796875 0.7109375 0.1658203125 0.105859375
4 0.6484375 0.6171875 0.1375 0.0935546875
4 0.40546875 0.7203125 0.1603515625 0.116015625
4 0.41796875 0.6421875 0.1138671875 0.0751953125
4 0.43203125 0.5828125 0.083203125 0.05859375
4 0.296875 0.5859375 0.09375 0.052734375
4 0.19921875 0.6625 0.155078125 0.09453125
4 0.0828125 0.8578125 0.165625 0.24375
1 0.57265625 0.92421875 0.1203125 0.1515625
1 0.52421875 0.6515625 0.0625 0.0935546875
2 0.60390625 0.5453125 0.133203125 0.1099609375
4 0.346875 0.5296875 0.08203125 0.053125