4 0.465625 0.95234375 0.084375 0.0953125
4 0.59296875 0.9015625 0.071875 0.112109375
4 0.50390625 0.81484375 0.0583984375 0.0951171875
4 0.4265625 0.78828125 0.0587890625 0.076953125
4 0.47578125 0.7171875 0.0365234375 0.0474609375
4 0.490625 0.67265625 0.0318359375 0.0365234375
4 0.5265625 0.69765625 0.034765625 0.0552734375
4 0.55 0.6640625 0.0220703125 0.0376953125
4 0.60234375 0.68203125 0.0333984375 0.0521484375
4 0.59921875 0.77265625 0.0451171875 0.0830078125
4 0.54765625 0.62890625 0.026171875 0.0328125
4 0.51796875 0.615625 0.023828125 0.0310546875
4 0.59453125 0.6203125 0.0177734375 0.0310546875
4 0.559375 0.5984375 0.0193359375 0.0248046875
4 0.53515625 0.584375 0.01875 0.030859375
4 0.46875 0.59609375 0.0220703125 0.0361328125
4 0.45390625 0.559375 0.0201171875 0.0314453125
4 0.390625 0.6796875 0.0404296875 0.05625
4 0.3046875 0.70234375 0.0591796875 0.0671875
4 0.50546875 0.5390625 0.0125 0.027734375
5 0.51953125 0.5203125 0.0236328125 0.0373046875
5 0.5984375 0.56015625 0.0255859375 0.0673828125
5 0.38515625 0.5921875 0.0451171875 0.066015625
5 0.2078125 0.66796875 0.1462890625 0.159375
2 0.28203125 0.47109375 0.0611328125 0.0419921875
4 0.48359375 0.54609375 0.0171875 0.028125
4 0.56640625 0.5765625 0.0169921875 0.0248046875