4 0.3609375 0.8875 0.128515625 0.1681640625
4 0.61796875 0.8328125 0.088671875 0.1591796875
4 0.47109375 0.68515625 0.0642578125 0.1078125
4 0.64375 0.615625 0.0556640625 0.106640625
4 0.5375 0.58203125 0.0625 0.076953125
4 0.55859375 0.53046875 0.0482421875 0.0830078125
4 0.58125 0.503125 0.050390625 0.06953125
4 0.628125 0.50625 0.0431640625 0.06953125
4 0.64140625 0.46171875 0.03125 0.034375
4 0.67734375 0.4671875 0.025 0.0474609375
4 0.5046875 0.4640625 0.0349609375 0.053515625
4 0.4359375 0.48828125 0.03515625 0.0552734375
4 0.4046875 0.53125 0.04140625 0.062890625
4 0.284375 0.62578125 0.077734375 0.107421875
4 0.2546875 0.59453125 0.065234375 0.0853515625