4 0.45234375 0.94453125 0.1359375 0.1109375
4 0.1484375 0.728125 0.093359375 0.1283203125
4 0.29140625 0.56875 0.067578125 0.0908203125
4 0.39609375 0.53671875 0.051171875 0.0740234375
4 0.55546875 0.6765625 0.0759765625 0.099609375
4 0.59765625 0.56328125 0.04375 0.0580078125
4 0.6171875 0.515625 0.028515625 0.04375
4 0.63046875 0.4796875 0.0271484375 0.0439453125
4 0.6703125 0.46015625 0.02265625 0.03125
4 0.60390625 0.46640625 0.028125 0.0333984375
4 0.5484375 0.4609375 0.0318359375 0.0314453125