4 0.20234375 0.30625 0.0759765625 0.11875
4 0.29453125 0.07890625 0.029296875 0.0640625
4 0.37109375 0.13125 0.0296875 0.062109375
4 0.421875 0.0984375 0.0283203125 0.0595703125
4 0.48359375 0.134375 0.0419921875 0.0568359375
4 0.47265625 0.08515625 0.0298828125 0.0423828125
4 0.39375 0.0546875 0.028125 0.040625
2 0.51484375 0.06875 0.0416015625 0.06953125
2 0.5765625 0.14453125 0.07890625 0.1298828125
2 0.49375 0.03046875 0.040625 0.0609375
2 0.21796875 0.0859375 0.064453125 0.109375
2 0.2703125 0.03515625 0.053125 0.0703125
2 0.02890625 0.2578125 0.0578125 0.184375
1 0.0828125 0.18984375 0.02890625 0.0732421875
1 0.6671875 0.23203125 0.027734375 0.092578125