4 0.54765625 0.48515625 0.061328125 0.1173828125
4 0.63984375 0.69765625 0.0740234375 0.1083984375
4 0.734375 0.90078125 0.096484375 0.1482421875
4 0.3828125 0.75859375 0.06875 0.1072265625
4 0.3171875 0.8828125 0.0810546875 0.10390625
4 0.28984375 0.74453125 0.0611328125 0.1107421875
4 0.26484375 0.58828125 0.0607421875 0.0916015625
4 0.25234375 0.4875 0.054296875 0.0787109375
4 0.3515625 0.3203125 0.0435546875 0.07734375
4 0.40625 0.3078125 0.05078125 0.0787109375
4 0.37109375 0.19296875 0.0859375 0.071875
4 0.41640625 0.109375 0.0357421875 0.044140625
4 0.65390625 0.4265625 0.0576171875 0.07265625
4 0.68828125 0.465625 0.055078125 0.059765625
4 0.70625 0.52109375 0.0533203125 0.0830078125
2 0.5328125 0.17265625 0.1193359375 0.0990234375
5 0.36796875 0.08671875 0.0490234375 0.0921875