4 0.24609375 0.68046875 0.0765625 0.0830078125
4 0.31796875 0.7515625 0.076953125 0.0994140625
4 0.3359375 0.93984375 0.075 0.1203125
4 0.49140625 0.846875 0.0642578125 0.0974609375
4 0.58828125 0.84296875 0.0669921875 0.1078125
4 0.6765625 0.9328125 0.0658203125 0.134375
4 0.6078125 0.74609375 0.0623046875 0.0888671875
4 0.5921875 0.69375 0.0345703125 0.0564453125
4 0.5296875 0.67421875 0.0345703125 0.0638671875
4 0.51796875 0.73515625 0.0423828125 0.08125
4 0.46171875 0.71328125 0.055078125 0.0857421875
4 0.5 0.6515625 0.03203125 0.053515625
4 0.52265625 0.59765625 0.029296875 0.05
4 0.5609375 0.61875 0.0287109375 0.05625
4 0.4734375 0.596875 0.0283203125 0.0287109375
4 0.46328125 0.575 0.020703125 0.034765625
4 0.42734375 0.57578125 0.029296875 0.045703125
4 0.36953125 0.603125 0.0326171875 0.05703125
4 0.59453125 0.6328125 0.0390625 0.058984375
4 0.6171875 0.58671875 0.0283203125 0.034375
4 0.59296875 0.5859375 0.033203125 0.0474609375
4 0.56953125 0.56171875 0.0228515625 0.045703125