5 0.4625 0.51328125 0.072265625 0.128125
5 0.546875 0.48359375 0.078125 0.151171875
5 0.50390625 0.390625 0.048046875 0.0974609375
4 0.63125 0.70078125 0.0720703125 0.0982421875
4 0.68984375 0.81796875 0.0884765625 0.1423828125
4 0.375 0.69765625 0.0564453125 0.0859375
4 0.284375 0.74453125 0.05625 0.1103515625
4 0.31015625 0.87578125 0.0607421875 0.110546875
4 0.2609375 0.59296875 0.0443359375 0.0830078125
4 0.24609375 0.49765625 0.0359375 0.0892578125
4 0.3734375 0.24609375 0.0412109375 0.098828125
4 0.2921875 0.14375 0.043359375 0.06796875
4 0.2421875 0.13515625 0.034375 0.053125
4 0.26640625 0.08203125 0.0291015625 0.048828125
4 0.24921875 0.02734375 0.0291015625 0.0521484375
4 0.47109375 0.1328125 0.045703125 0.053515625
4 0.59296875 0.346875 0.0451171875 0.0689453125
4 0.615625 0.384375 0.03828125 0.0599609375
4 0.64453125 0.42265625 0.0521484375 0.058203125
4 0.6765625 0.46328125 0.05390625 0.046875
4 0.69765625 0.5296875 0.0513671875 0.078515625
1 0.38203125 0.90859375 0.03125 0.1326171875
1 0.20234375 0.03203125 0.0177734375 0.0455078125