4 0.5234375 0.76640625 0.103515625 0.1390625
4 0.58125 0.6171875 0.06875 0.1095703125
4 0.54140625 0.5640625 0.053125 0.0779296875
4 0.57265625 0.51640625 0.0365234375 0.0615234375
4 0.6015625 0.4796875 0.034375 0.0470703125
4 0.65390625 0.5453125 0.0548828125 0.08359375
4 0.66328125 0.4921875 0.0375 0.04609375
4 0.66171875 0.45390625 0.038671875 0.0384765625
4 0.48046875 0.45703125 0.042578125 0.044921875
4 0.45625 0.49453125 0.0318359375 0.051171875
4 0.41796875 0.51953125 0.0541015625 0.060546875
4 0.26953125 0.5890625 0.0646484375 0.1060546875
4 0.04375 0.8421875 0.0875 0.184375
1 0.2203125 0.57421875 0.028515625 0.1015625