4 0.53359375 0.44765625 0.073046875 0.125
4 0.64296875 0.74296875 0.0765625 0.140625
4 0.7125 0.88984375 0.093359375 0.1482421875
4 0.31875 0.88046875 0.0720703125 0.1240234375
4 0.2875 0.753125 0.059765625 0.1341796875
4 0.26015625 0.596875 0.060546875 0.102734375
4 0.253125 0.4921875 0.0623046875 0.1064453125
4 0.36796875 0.3796875 0.0576171875 0.0748046875
4 0.35234375 0.3328125 0.05 0.080859375
4 0.39609375 0.3 0.0515625 0.0779296875
4 0.47109375 0.1796875 0.0669921875 0.0751953125
4 0.4234375 0.184375 0.05625 0.0685546875
4 0.61953125 0.38828125 0.059375 0.0646484375
4 0.65 0.440625 0.0494140625 0.0630859375
4 0.6859375 0.47734375 0.056640625 0.0638671875
4 0.70546875 0.53125 0.059375 0.078125
4 0.3234375 0.10859375 0.046875 0.0607421875
5 0.36796875 0.096875 0.0482421875 0.1005859375
4 0.45078125 0.11796875 0.033203125 0.0642578125
4 0.409375 0.11796875 0.0375 0.0365234375
4 0.4015625 0.075 0.0283203125 0.059375