1 0.5546875 0.83046875 0.1 0.1396484375
1 0.52578125 0.6359375 0.0673828125 0.074609375
1 0.525 0.56796875 0.049609375 0.0615234375
4 0.790625 0.85 0.262109375 0.2
4 0.35703125 0.87421875 0.2453125 0.239453125
4 0.09921875 0.8171875 0.1984375 0.221875
4 0.215625 0.65 0.162890625 0.1060546875
4 0.29453125 0.5796875 0.0896484375 0.0560546875
4 0.4171875 0.63671875 0.121875 0.0767578125
4 0.415625 0.72421875 0.1412109375 0.116796875
4 0.43359375 0.57890625 0.0794921875 0.0642578125
4 0.67578125 0.70625 0.1421875 0.1125
4 0.64921875 0.6140625 0.138671875 0.096875
4 0.3609375 0.51875 0.0779296875 0.062890625
2 0.603125 0.54609375 0.1251953125 0.0923828125