5 0.721875 0.5859375 0.14453125 0.2193359375
5 0.4015625 0.17109375 0.053515625 0.0826171875
4 0.51875 0.159375 0.05078125 0.08203125
4 0.46796875 0.12578125 0.0390625 0.058203125
4 0.47265625 0.0765625 0.0333984375 0.05390625
4 0.4890625 0.0421875 0.02734375 0.0443359375
5 0.52421875 0.04296875 0.032421875 0.065625
4 0.5640625 0.04453125 0.027734375 0.0423828125
4 0.0953125 0.10703125 0.0630859375 0.0759765625
4 0.28203125 0.01640625 0.0298828125 0.0328125
4 0.32578125 0.028125 0.0267578125 0.0404296875
4 0.3546875 0.034375 0.028515625 0.0439453125