5 0.46328125 0.88828125 0.1453125 0.2234375
5 0.52265625 0.69609375 0.057421875 0.101171875
5 0.60390625 0.6953125 0.070703125 0.2150390625
4 0.62421875 0.85078125 0.078125 0.104296875
4 0.22109375 0.84609375 0.1 0.1302734375
4 0.24453125 0.6984375 0.0517578125 0.059765625
4 0.325 0.63125 0.04453125 0.0462890625
4 0.41015625 0.58828125 0.023828125 0.0326171875
4 0.43671875 0.56640625 0.0267578125 0.0330078125
4 0.4375 0.63671875 0.025390625 0.040625
4 0.425 0.60703125 0.024609375 0.0392578125
4 0.48125 0.6734375 0.03203125 0.053515625
4 0.52734375 0.60859375 0.021875 0.0298828125
4 0.53671875 0.5734375 0.0171875 0.0248046875
4 0.56328125 0.59765625 0.0205078125 0.032421875
4 0.57109375 0.5703125 0.0169921875 0.01640625
4 0.52265625 0.54453125 0.014453125 0.0201171875
5 0.46953125 0.54140625 0.0353515625 0.0521484375
2 0.30234375 0.47421875 0.0677734375 0.0427734375
5 0.8046875 0.4703125 0.052734375 0.072265625
4 0.50703125 0.5421875 0.0142578125 0.0158203125
4 0.49140625 0.534375 0.0125 0.0189453125
5 0.52734375 0.5171875 0.0142578125 0.0310546875