4 0.4828125 0.5640625 0.102734375 0.1875
4 0.42421875 0.33984375 0.066796875 0.1177734375
4 0.44765625 0.18515625 0.044921875 0.082421875
4 0.47734375 0.1 0.0267578125 0.056640625
4 0.5234375 0.06875 0.0314453125 0.0341796875
4 0.57890625 0.1046875 0.032421875 0.040625
4 0.55546875 0.02890625 0.0263671875 0.0375
4 0.475 0.0171875 0.01953125 0.0341796875
4 0.2328125 0.034375 0.0287109375 0.0373046875
4 0.19296875 0.0625 0.0427734375 0.046484375
4 0.14375 0.1140625 0.0560546875 0.0650390625
4 0.05703125 0.22421875 0.0791015625 0.0853515625
5 0.5265625 0.1171875 0.04140625 0.0755859375
5 0.190625 0.62890625 0.1720703125 0.2455078125