4 0.54765625 0.48515625 0.064453125 0.1197265625
4 0.63984375 0.69765625 0.0740234375 0.1083984375
4 0.734375 0.90078125 0.09453125 0.1478515625
4 0.3828125 0.75859375 0.06640625 0.1048828125
4 0.3171875 0.8828125 0.0837890625 0.10625
4 0.28984375 0.74453125 0.0583984375 0.1103515625
4 0.26484375 0.58828125 0.0580078125 0.0892578125
4 0.25234375 0.4875 0.053125 0.0783203125
4 0.3515625 0.3203125 0.0435546875 0.07734375
4 0.40625 0.3078125 0.050390625 0.0783203125
4 0.37109375 0.19296875 0.084375 0.0703125
4 0.41640625 0.109375 0.0361328125 0.04453125
4 0.65390625 0.4265625 0.0572265625 0.072265625
4 0.68828125 0.465625 0.057421875 0.06171875
4 0.70625 0.52109375 0.0537109375 0.0830078125
2 0.5328125 0.17265625 0.1220703125 0.1021484375
5 0.36796875 0.08671875 0.0458984375 0.090625