4 0.4828125 0.5640625 0.103515625 0.187890625
4 0.42421875 0.33984375 0.067578125 0.1177734375
4 0.44765625 0.18515625 0.0453125 0.0828125
4 0.47734375 0.1 0.0291015625 0.05703125
4 0.5234375 0.06875 0.0314453125 0.0341796875
4 0.57890625 0.1046875 0.03125 0.040234375
4 0.55546875 0.02890625 0.0267578125 0.0375
4 0.47421875 0.0171875 0.0203125 0.034375
4 0.2328125 0.034375 0.0306640625 0.0380859375
4 0.19296875 0.0625 0.0427734375 0.046484375
4 0.14375 0.1140625 0.0556640625 0.0650390625
4 0.05703125 0.22421875 0.0791015625 0.0853515625
5 0.5265625 0.1171875 0.040625 0.0751953125
5 0.190625 0.62890625 0.1755859375 0.2482421875