4 0.50078125 0.85859375 0.0990234375 0.140625
4 0.1390625 0.68515625 0.078515625 0.114453125
4 0.36015625 0.56015625 0.0486328125 0.0677734375
4 0.41875 0.52265625 0.0376953125 0.0578125
4 0.45234375 0.47734375 0.036328125 0.0453125
4 0.51015625 0.465625 0.029296875 0.0412109375
4 0.5875 0.49375 0.03125 0.031640625
4 0.565625 0.52734375 0.0349609375 0.0455078125
4 0.59921875 0.56328125 0.0419921875 0.0708984375
4 0.56328125 0.6515625 0.0607421875 0.0837890625
4 0.65859375 0.51171875 0.032421875 0.0455078125
4 0.66953125 0.47265625 0.0259765625 0.0392578125
4 0.62109375 0.46875 0.0263671875 0.031640625
4 0.671875 0.44609375 0.025 0.03125
1 0.1640625 0.59375 0.02890625 0.0849609375