4 0.24140625 0.6078125 0.070703125 0.1244140625
4 0.0359375 0.9328125 0.071875 0.134375
4 0.60078125 0.91328125 0.0859375 0.1734375
4 0.4265625 0.7625 0.112109375 0.1498046875
4 0.4953125 0.63125 0.06640625 0.1064453125
4 0.59609375 0.59296875 0.0578125 0.105078125
4 0.53515625 0.56328125 0.046875 0.09375
4 0.62265625 0.4953125 0.0396484375 0.0658203125
4 0.6375 0.47421875 0.0287109375 0.0611328125
4 0.66796875 0.49921875 0.035546875 0.048828125
4 0.49140625 0.46015625 0.0263671875 0.0546875
4 0.459375 0.471875 0.0314453125 0.04453125
4 0.43203125 0.52265625 0.0509765625 0.0740234375
4 0.38828125 0.51328125 0.041796875 0.0884765625
4 0.5390625 0.44921875 0.0224609375 0.0419921875