4 0.690625 0.89375 0.081640625 0.137890625
4 0.59375 0.85 0.068359375 0.091015625
4 0.58515625 0.9734375 0.0765625 0.053125
4 0.45625 0.959375 0.078125 0.08125
4 0.32109375 0.959375 0.1138671875 0.08125
4 0.203125 0.86015625 0.119140625 0.1107421875
4 0.19921875 0.7 0.0609375 0.08125
4 0.40078125 0.665625 0.041796875 0.068359375
4 0.434375 0.7546875 0.0498046875 0.0806640625
4 0.4875 0.67109375 0.0412109375 0.060546875
4 0.54296875 0.63828125 0.0265625 0.041796875
4 0.5546875 0.6109375 0.027734375 0.0408203125
4 0.590625 0.690625 0.031640625 0.0564453125
4 0.6 0.753125 0.049609375 0.0623046875
5 0.50078125 0.76484375 0.085546875 0.169921875
5 0.0453125 0.86640625 0.090625 0.2671875
5 0.4171875 0.5953125 0.0744140625 0.0931640625
5 0.5953125 0.5859375 0.0494140625 0.103515625
4 0.478125 0.58671875 0.031640625 0.048828125