4 0.24609375 0.68046875 0.079296875 0.0857421875
4 0.31796875 0.7515625 0.078125 0.0998046875
4 0.33671875 0.93984375 0.0734375 0.1203125
4 0.49140625 0.846875 0.0634765625 0.0970703125
4 0.58828125 0.84296875 0.0697265625 0.109375
4 0.67578125 0.93203125 0.0734375 0.1359375
4 0.6078125 0.74609375 0.0595703125 0.0865234375
4 0.5921875 0.69375 0.0373046875 0.0587890625
4 0.5296875 0.67421875 0.0341796875 0.0638671875
4 0.51796875 0.73515625 0.0388671875 0.0796875
4 0.46171875 0.71328125 0.0546875 0.0853515625
4 0.5 0.6515625 0.033984375 0.053515625
4 0.52265625 0.59765625 0.029296875 0.05
4 0.5609375 0.61875 0.0306640625 0.05625
4 0.4734375 0.596875 0.0279296875 0.0283203125
4 0.46328125 0.575 0.020703125 0.034375
4 0.42734375 0.57578125 0.026953125 0.045703125
4 0.36953125 0.603125 0.0330078125 0.058984375
4 0.59453125 0.6328125 0.0390625 0.058984375
4 0.6171875 0.58671875 0.0279296875 0.034375
4 0.59296875 0.5859375 0.0328125 0.0470703125
4 0.56953125 0.56171875 0.0205078125 0.0453125