5 0.721875 0.5859375 0.14375 0.2189453125
5 0.4015625 0.17109375 0.053125 0.0822265625
4 0.51875 0.159375 0.050390625 0.081640625
4 0.46796875 0.12578125 0.038671875 0.0578125
4 0.47265625 0.0765625 0.0353515625 0.055859375
4 0.4890625 0.0421875 0.025390625 0.0443359375
5 0.52421875 0.04296875 0.03125 0.065625
4 0.5640625 0.04453125 0.027734375 0.0423828125
4 0.0953125 0.10703125 0.0654296875 0.0763671875
4 0.28203125 0.01640625 0.0302734375 0.0328125
4 0.32578125 0.028125 0.0291015625 0.0408203125
4 0.3546875 0.034375 0.030859375 0.0443359375