4 0.52734375 0.33203125 0.0625 0.0947265625
4 0.65703125 0.38125 0.0875 0.1068359375
4 0.3453125 0.6890625 0.1400390625 0.250390625
4 0.43359375 0.090625 0.0427734375 0.0505859375
4 0.52421875 0.15546875 0.0423828125 0.0548828125
4 0.60078125 0.096875 0.0361328125 0.0375
4 0.57578125 0.046875 0.030078125 0.0375
4 0.525 0.04921875 0.019140625 0.0359375
4 0.49375 0.01640625 0.021875 0.0265625
4 0.46328125 0.025 0.0267578125 0.0376953125
4 0.52109375 0.01328125 0.0203125 0.0265625
4 0.5671875 0.0109375 0.021875 0.021875
4 0.384375 0.01328125 0.028125 0.0265625
5 0.03203125 0.33125 0.0640625 0.128125