4 0.0421875 0.83515625 0.084375 0.1390625
4 0.14296875 0.7265625 0.0794921875 0.078515625
4 0.18984375 0.7921875 0.0916015625 0.115625
4 0.36015625 0.69375 0.061328125 0.0880859375
4 0.43671875 0.78203125 0.0640625 0.0919921875
4 0.47109375 0.6984375 0.0421875 0.0716796875
4 0.453125 0.61796875 0.03046875 0.0427734375
4 0.4265625 0.60546875 0.0287109375 0.046875
4 0.48671875 0.58046875 0.026171875 0.0388671875
4 0.46953125 0.5671875 0.017578125 0.034375
4 0.45390625 0.56484375 0.0142578125 0.0330078125
4 0.51171875 0.78046875 0.051171875 0.0853515625
4 0.53359375 0.6921875 0.036328125 0.053515625
4 0.55078125 0.62421875 0.03125 0.048828125
4 0.51875 0.60234375 0.022265625 0.0388671875
4 0.534375 0.58203125 0.022265625 0.0240234375
4 0.55625 0.59609375 0.018359375 0.0205078125
4 0.559375 0.58203125 0.016015625 0.020703125
4 0.58984375 0.57890625 0.0203125 0.025
4 0.59296875 0.59921875 0.01875 0.028125
4 0.59375 0.61640625 0.019140625 0.0330078125
4 0.59453125 0.64921875 0.0326171875 0.0390625
5 0.43671875 0.91171875 0.1359375 0.1765625
5 0.59765625 0.82890625 0.1046875 0.3421875
5 0.57421875 0.5390625 0.0203125 0.0443359375