5 0.496875 0.53515625 0.0275390625 0.055078125
5 0.59453125 0.68515625 0.0796875 0.2009765625
4 0.65625 0.959375 0.09375 0.08125
4 0.5859375 0.87109375 0.071875 0.1072265625
4 0.61796875 0.8 0.0771484375 0.097265625
4 0.49609375 0.8359375 0.0677734375 0.0880859375
4 0.44921875 0.74609375 0.053125 0.0796875
4 0.4734375 0.6890625 0.0376953125 0.0744140625
4 0.4953125 0.64453125 0.028515625 0.0625
4 0.5234375 0.71796875 0.0341796875 0.0736328125
4 0.44375 0.565625 0.0310546875 0.037890625
4 0.490625 0.58125 0.0341796875 0.0373046875
4 0.434375 0.6390625 0.043359375 0.0619140625
4 0.3640625 0.61953125 0.0587890625 0.06875
4 0.22890625 0.76328125 0.0916015625 0.1142578125
4 0.3078125 0.95625 0.115625 0.0875
4 0.07734375 0.95078125 0.1203125 0.0984375
4 0.52421875 0.5953125 0.0267578125 0.0470703125
5 0.54296875 0.6359375 0.0484375 0.090625