4 0.44765625 0.95703125 0.1265625 0.0859375
4 0.546875 0.7046875 0.0755859375 0.1037109375
4 0.5875 0.5890625 0.05703125 0.07265625
4 0.61328125 0.53046875 0.0513671875 0.0708984375
4 0.6578125 0.48828125 0.040625 0.0423828125
4 0.671875 0.46171875 0.0369140625 0.039453125
4 0.634375 0.4515625 0.0216796875 0.0408203125
4 0.596875 0.4703125 0.019140625 0.040625
4 0.578125 0.49921875 0.0224609375 0.054296875
4 0.4796875 0.48046875 0.03515625 0.039453125
4 0.41171875 0.49765625 0.055078125 0.0478515625
4 0.36015625 0.55703125 0.0486328125 0.08125
4 0.278125 0.62109375 0.0720703125 0.0919921875
1 0.065625 0.6328125 0.065234375 0.1154296875