4 0.4484375 0.959375 0.1220703125 0.08125
4 0.546875 0.7046875 0.0787109375 0.1064453125
4 0.5875 0.5890625 0.05703125 0.07265625
4 0.61328125 0.53046875 0.0509765625 0.0708984375
4 0.6578125 0.48828125 0.041015625 0.0427734375
4 0.671875 0.46171875 0.0369140625 0.039453125
4 0.634375 0.4515625 0.0216796875 0.0408203125
4 0.596875 0.4703125 0.01953125 0.040625
4 0.578125 0.49921875 0.0248046875 0.054296875
4 0.4796875 0.48046875 0.034375 0.0390625
4 0.41171875 0.49765625 0.055078125 0.0458984375
4 0.36015625 0.55703125 0.0509765625 0.082421875
4 0.278125 0.62109375 0.0751953125 0.0947265625
1 0.065625 0.6328125 0.0625 0.1150390625