4 0.31953125 0.8984375 0.0822265625 0.106640625
4 0.2875 0.75234375 0.0783203125 0.1296875
4 0.26875 0.61015625 0.0564453125 0.092578125
4 0.25078125 0.503125 0.0642578125 0.0841796875
4 0.36875 0.38515625 0.053125 0.0666015625
4 0.35 0.3328125 0.055859375 0.072265625
4 0.34921875 0.2140625 0.09375 0.0625
4 0.40078125 0.3 0.0552734375 0.0875
4 0.50390625 0.32578125 0.0515625 0.104296875
4 0.50390625 0.26953125 0.0453125 0.0734375
4 0.646875 0.42734375 0.0462890625 0.0771484375
4 0.68203125 0.48359375 0.0478515625 0.0833984375
4 0.703125 0.52421875 0.05078125 0.1009765625
4 0.58125 0.2328125 0.046875 0.06875
4 0.45078125 0.10625 0.032421875 0.0564453125
4 0.4140625 0.12421875 0.02890625 0.0427734375
4 0.40703125 0.0859375 0.036328125 0.0619140625
4 0.36953125 0.08828125 0.0396484375 0.0833984375
4 0.325 0.1140625 0.040625 0.0779296875
4 0.25234375 0.0296875 0.0353515625 0.0474609375