5 0.4625 0.51328125 0.078515625 0.13125
5 0.546875 0.48359375 0.080859375 0.1515625
5 0.50390625 0.390625 0.046875 0.0970703125
4 0.63125 0.70078125 0.0712890625 0.0978515625
4 0.68984375 0.81796875 0.0857421875 0.1416015625
4 0.375 0.69765625 0.0619140625 0.088671875
4 0.284375 0.74453125 0.053515625 0.1103515625
4 0.31015625 0.87578125 0.0576171875 0.108203125
4 0.2609375 0.59296875 0.0470703125 0.0853515625
4 0.24609375 0.49765625 0.034375 0.0888671875
4 0.3734375 0.24609375 0.0380859375 0.0984375
4 0.2921875 0.14375 0.043359375 0.06796875
4 0.2421875 0.13515625 0.037109375 0.0546875
4 0.26640625 0.08203125 0.0291015625 0.048828125
4 0.24921875 0.02734375 0.0291015625 0.0521484375
4 0.47109375 0.1328125 0.0453125 0.053125
4 0.59296875 0.346875 0.0482421875 0.0712890625
4 0.615625 0.384375 0.040234375 0.0599609375
4 0.64453125 0.42265625 0.0517578125 0.0578125
4 0.6765625 0.46328125 0.05390625 0.045703125
4 0.69765625 0.5296875 0.0541015625 0.080859375
1 0.38203125 0.90859375 0.0359375 0.1330078125
1 0.20234375 0.03203125 0.0197265625 0.0455078125