4 0.690625 0.89375 0.078125 0.137109375
4 0.59375 0.85 0.06328125 0.08828125
4 0.58515625 0.9734375 0.0765625 0.053125
4 0.45625 0.959375 0.078125 0.08125
4 0.3203125 0.9578125 0.115625 0.084375
4 0.203125 0.86015625 0.125 0.1166015625
4 0.19921875 0.7 0.0640625 0.083984375
4 0.40078125 0.665625 0.040625 0.068359375
4 0.434375 0.7546875 0.0474609375 0.0787109375
4 0.4875 0.67109375 0.0408203125 0.059375
4 0.54296875 0.63828125 0.026171875 0.041796875
4 0.5546875 0.6109375 0.028515625 0.0412109375
4 0.590625 0.690625 0.033984375 0.0568359375
4 0.6 0.753125 0.049609375 0.0623046875
5 0.50078125 0.76484375 0.089453125 0.171875
5 0.0453125 0.86640625 0.090625 0.2671875
5 0.4171875 0.5953125 0.0748046875 0.0935546875
5 0.5953125 0.5859375 0.0466796875 0.103125
4 0.478125 0.58671875 0.03203125 0.048828125