4 0.24140625 0.6078125 0.06875 0.1224609375
4 0.03515625 0.93359375 0.0703125 0.1328125
4 0.60078125 0.91328125 0.0859375 0.1734375
4 0.4265625 0.7625 0.11015625 0.1494140625
4 0.4953125 0.63125 0.068359375 0.1068359375
4 0.59609375 0.59296875 0.058203125 0.105078125
4 0.53515625 0.56328125 0.0453125 0.09375
4 0.62265625 0.4953125 0.0419921875 0.0662109375
4 0.6375 0.47421875 0.0306640625 0.0611328125
4 0.66796875 0.49921875 0.036328125 0.05
4 0.49140625 0.46015625 0.0271484375 0.055078125
4 0.459375 0.471875 0.0310546875 0.044140625
4 0.43203125 0.52265625 0.0513671875 0.0740234375
4 0.38828125 0.51328125 0.0375 0.0861328125
4 0.5390625 0.44921875 0.0220703125 0.0419921875