4 0.4234375 0.346875 0.0693359375 0.11875
4 0.715625 0.5609375 0.1244140625 0.1962890625
4 0.61015625 0.25078125 0.065625 0.094921875
4 0.53125 0.22421875 0.058984375 0.095703125
4 0.4734375 0.12734375 0.037890625 0.0638671875
4 0.5890625 0.08203125 0.034375 0.06875
4 0.52578125 0.0171875 0.0296875 0.034375
4 0.49140625 0.0171875 0.0236328125 0.0341796875
4 0.4625 0.02109375 0.025 0.0421875
4 0.33515625 0.05 0.0359375 0.05
4 0.22890625 0.1359375 0.0607421875 0.0873046875
4 0.18515625 0.09140625 0.0603515625 0.0609375
4 0.06328125 0.16640625 0.0765625 0.069921875
4 0.02421875 0.253125 0.0484375 0.1