4 0.44765625 0.95859375 0.1234375 0.0828125
4 0.546875 0.7046875 0.0806640625 0.1068359375
4 0.5875 0.5890625 0.058984375 0.074609375
4 0.61328125 0.53046875 0.0490234375 0.0705078125
4 0.6578125 0.48828125 0.040625 0.0423828125
4 0.671875 0.46171875 0.0369140625 0.039453125
4 0.634375 0.4515625 0.0216796875 0.0408203125
4 0.596875 0.4703125 0.01953125 0.040625
4 0.578125 0.49921875 0.0216796875 0.053125
4 0.4796875 0.48046875 0.034765625 0.039453125
4 0.41171875 0.49765625 0.0546875 0.0455078125
4 0.36015625 0.55703125 0.0521484375 0.0828125
4 0.278125 0.62109375 0.0744140625 0.0923828125
1 0.065625 0.6328125 0.059375 0.1126953125