1 0.5546875 0.83046875 0.103125 0.1423828125
1 0.52578125 0.6359375 0.0669921875 0.072265625
1 0.525 0.56796875 0.049609375 0.0615234375
4 0.790625 0.85 0.262890625 0.20078125
4 0.35703125 0.87421875 0.24375 0.2375
4 0.0984375 0.81640625 0.196875 0.2203125
4 0.215625 0.65 0.162109375 0.1033203125
4 0.29453125 0.5796875 0.0896484375 0.0556640625
4 0.4171875 0.63671875 0.122265625 0.0791015625
4 0.415625 0.72421875 0.1408203125 0.114453125
4 0.43359375 0.57890625 0.0826171875 0.0677734375
4 0.67578125 0.70625 0.1421875 0.1125
4 0.64921875 0.6140625 0.138671875 0.096875
4 0.3609375 0.51875 0.0751953125 0.059765625
2 0.603125 0.54609375 0.1255859375 0.0951171875