1 0.56953125 0.75078125 0.0546875 0.1552734375
2 0.1015625 0.2890625 0.203125 0.38125
4 0.50546875 0.52578125 0.0390625 0.0703125
4 0.8625 0.9203125 0.184375 0.159375
4 0.7328125 0.775 0.121875 0.140234375
4 0.66015625 0.653125 0.080078125 0.09453125
4 0.6234375 0.60625 0.0599609375 0.0693359375
4 0.5984375 0.565625 0.050390625 0.05
4 0.578125 0.53671875 0.0375 0.0513671875
4 0.559375 0.5078125 0.03125 0.040234375
4 0.55 0.48984375 0.03671875 0.045703125
2 0.6578125 0.43359375 0.0751953125 0.069921875
2 0.5625 0.4453125 0.0373046875 0.04375