5 0.33984375 0.65078125 0.1232421875 0.1646484375
5 0.39453125 0.92578125 0.1671875 0.1484375
5 0.59765625 0.53515625 0.023828125 0.0576171875
5 0.62734375 0.89375 0.0923828125 0.153125
4 0.06328125 0.88984375 0.1265625 0.1484375
4 0.38125 0.8515625 0.090625 0.0818359375
4 0.1953125 0.7140625 0.072265625 0.084375
4 0.61015625 0.778125 0.04375 0.0681640625
4 0.6421875 0.7234375 0.040625 0.0568359375
4 0.59921875 0.6765625 0.030078125 0.05625
4 0.60546875 0.640625 0.028125 0.0310546875
4 0.5984375 0.61484375 0.022265625 0.028125
4 0.54921875 0.63515625 0.0265625 0.0330078125
4 0.5578125 0.6109375 0.025 0.0251953125
4 0.559375 0.58828125 0.025 0.0232421875
4 0.5234375 0.603125 0.028125 0.0287109375
4 0.50546875 0.63046875 0.0296875 0.0296875
4 0.47734375 0.70859375 0.0419921875 0.065625
4 0.4296875 0.6453125 0.034765625 0.0412109375
4 0.44296875 0.56796875 0.023046875 0.0271484375
4 0.45859375 0.55625 0.0125 0.0189453125
4 0.48515625 0.55625 0.019921875 0.022265625
4 0.5015625 0.5640625 0.016015625 0.0279296875
4 0.47734375 0.540625 0.0125 0.025390625
5 0.5078125 0.528125 0.0248046875 0.04375
2 0.2296875 0.475 0.0712890625 0.0599609375
4 0.54140625 0.5734375 0.0169921875 0.0220703125