4 0.35078125 0.89453125 0.2640625 0.2109375
4 0.82109375 0.89296875 0.3015625 0.2140625
4 0.6859375 0.73359375 0.19609375 0.1205078125
4 0.65703125 0.62578125 0.138671875 0.1044921875
4 0.42109375 0.64765625 0.1390625 0.0888671875
4 0.39765625 0.746875 0.1794921875 0.1369140625
4 0.1484375 0.7046875 0.2158203125 0.1431640625
4 0.271875 0.61875 0.1095703125 0.0689453125
4 0.3 0.56875 0.0875 0.03671875
4 0.34140625 0.53828125 0.0896484375 0.0509765625
4 0.43203125 0.58203125 0.108203125 0.0544921875
2 0.60390625 0.55390625 0.14375 0.1138671875