1 0.5359375 0.72421875 0.078125 0.107421875
1 0.5171875 0.60625 0.046484375 0.0712890625
2 0.60625 0.54921875 0.1439453125 0.116796875
4 0.090625 0.84296875 0.18125 0.2515625
4 0.359375 0.87890625 0.2599609375 0.2208984375
4 0.77890625 0.84296875 0.2857421875 0.1865234375
4 0.67578125 0.70625 0.1521484375 0.1037109375
4 0.6484375 0.62109375 0.1314453125 0.0921875
4 0.403125 0.71640625 0.159375 0.109375
4 0.20703125 0.65546875 0.182421875 0.1078125
4 0.29375 0.58046875 0.1251953125 0.0765625
4 0.41796875 0.64296875 0.1298828125 0.0771484375
4 0.428125 0.5796875 0.0966796875 0.058984375
4 0.3515625 0.521875 0.072265625 0.05703125