4 0.540625 0.8453125 0.153125 0.309375
4 0.67890625 0.49921875 0.1240234375 0.173828125
4 0.51953125 0.359375 0.0759765625 0.137890625
4 0.3453125 0.2984375 0.0775390625 0.11875
4 0.40859375 0.15625 0.0421875 0.0689453125
4 0.49375 0.19921875 0.055859375 0.1052734375
4 0.43515625 0.1140625 0.0361328125 0.059765625
4 0.4265625 0.053125 0.025390625 0.0408203125
4 0.39609375 0.04296875 0.0236328125 0.0392578125
4 0.48203125 0.028125 0.021875 0.0345703125
4 0.45234375 0.02265625 0.0240234375 0.0423828125
4 0.59765625 0.1671875 0.1103515625 0.181640625