1 0.69765625 0.27265625 0.029296875 0.101953125
1 0.09140625 0.1796875 0.021875 0.078125
2 0.040625 0.24765625 0.08125 0.2296875
2 0.240625 0.0671875 0.059375 0.0970703125
2 0.2890625 0.02890625 0.0501953125 0.0578125
2 0.6 0.16796875 0.09375 0.1642578125
2 0.5203125 0.08125 0.04609375 0.08203125
2 0.5 0.04140625 0.04375 0.0828125
4 0.48984375 0.1609375 0.0490234375 0.06640625
4 0.25078125 0.19296875 0.0521484375 0.1015625
4 0.3671875 0.16796875 0.0474609375 0.0830078125
4 0.31484375 0.053125 0.0267578125 0.0404296875
4 0.421875 0.10625 0.0494140625 0.05703125
4 0.47890625 0.096875 0.0423828125 0.0443359375
4 0.46328125 0.0515625 0.029296875 0.046875
4 0.43359375 0.0609375 0.0267578125 0.053125
4 0.39375 0.0515625 0.0349609375 0.030859375
4 0.02109375 0.49375 0.0421875 0.203125