4 0.39921875 0.35234375 0.0794921875 0.1203125
4 0.42734375 0.23125 0.0583984375 0.1001953125
4 0.21171875 0.26640625 0.0853515625 0.10625
4 0.246875 0.1390625 0.0380859375 0.078515625
4 0.21796875 0.10546875 0.0328125 0.0703125
4 0.6125 0.91171875 0.171875 0.1765625
4 0.503125 0.18828125 0.0435546875 0.0640625
4 0.49140625 0.11640625 0.0388671875 0.0546875
4 0.47109375 0.06953125 0.028125 0.0486328125
4 0.4328125 0.06796875 0.0341796875 0.051171875
4 0.384375 0.08125 0.028125 0.050390625
4 0.39453125 0.0421875 0.021875 0.0283203125
4 0.425 0.03828125 0.0224609375 0.0236328125
4 0.45546875 0.0375 0.026171875 0.0314453125
4 0.51875 0.05625 0.0193359375 0.0376953125
4 0.31796875 0.05859375 0.0298828125 0.0486328125
4 0.32734375 0.0234375 0.025 0.046875
2 0.25703125 0.04453125 0.05625 0.084375
1 0.13984375 0.134375 0.03125 0.0751953125
2 0.72109375 0.4125 0.1888671875 0.3779296875
2 0.63359375 0.21796875 0.0861328125 0.1359375
2 0.5625 0.1234375 0.084765625 0.12734375