2 0.59375 0.15625 0.0900390625 0.1560546875
2 0.65703125 0.26015625 0.0947265625 0.1740234375
2 0.853125 0.69609375 0.290625 0.6078125
4 0.32734375 0.384375 0.0859375 0.134375
4 0.553125 0.29296875 0.07578125 0.1041015625
4 0.4921875 0.178125 0.04375 0.08828125
4 0.50078125 0.12265625 0.0390625 0.0611328125
4 0.4796875 0.05390625 0.025 0.0521484375
4 0.4609375 0.03984375 0.0287109375 0.0361328125
4 0.4296875 0.05 0.0251953125 0.0345703125
4 0.39375 0.04140625 0.0283203125 0.0392578125
4 0.38046875 0.09453125 0.040625 0.0705078125
4 0.4234375 0.11640625 0.0369140625 0.058203125
4 0.26875 0.0953125 0.0380859375 0.0466796875
4 0.29296875 0.028125 0.0265625 0.05625
4 0.3359375 0.04140625 0.0337890625 0.0384765625
1 0.1734375 0.1109375 0.028515625 0.065234375