4 0.1859375 0.86953125 0.2125 0.2609375
4 0.390625 0.56328125 0.1158203125 0.21875
4 0.36484375 0.1890625 0.0583984375 0.09375
4 0.42734375 0.1421875 0.048046875 0.0626953125
4 0.53828125 0.21484375 0.0638671875 0.0958984375
4 0.47890625 0.084375 0.0298828125 0.0498046875
4 0.525 0.06484375 0.03671875 0.048828125
4 0.46484375 0.05625 0.030078125 0.041015625
4 0.428125 0.04296875 0.0283203125 0.0392578125
4 0.390625 0.04296875 0.031640625 0.0396484375
2 0.596875 0.1671875 0.0966796875 0.174609375
2 0.66640625 0.28125 0.1109375 0.190625