2 0.18515625 0.10859375 0.094921875 0.148828125
2 0.303125 0.01953125 0.040625 0.0388671875
2 0.69296875 0.3546875 0.1861328125 0.33359375
2 0.5640625 0.1375 0.0783203125 0.0994140625
2 0.53125 0.06015625 0.066015625 0.1076171875
1 0.8828125 0.53046875 0.0412109375 0.165625
1 0.12265625 0.1453125 0.026171875 0.06875
4 0.11796875 0.21328125 0.0669921875 0.0884765625
4 0.21953125 0.215625 0.0703125 0.1056640625
4 0.28125 0.07890625 0.03828125 0.079296875
4 0.56015625 0.58046875 0.1232421875 0.2353515625
4 0.509375 0.24609375 0.075 0.134375
4 0.51796875 0.12265625 0.033203125 0.071875
4 0.48828125 0.0765625 0.025 0.0404296875
4 0.4640625 0.04921875 0.021875 0.0423828125
4 0.43359375 0.07265625 0.034375 0.0392578125
4 0.42578125 0.12109375 0.0427734375 0.0615234375
4 0.415625 0.16953125 0.0533203125 0.0833984375
4 0.390625 0.05625 0.0287109375 0.0498046875