4 0.41328125 0.48359375 0.0828125 0.1865234375
4 0.275 0.93203125 0.18125 0.1359375
4 0.596875 0.3453125 0.0943359375 0.1310546875
4 0.484375 0.14609375 0.0375 0.0708984375
4 0.51796875 0.115625 0.032421875 0.052734375
4 0.47421875 0.0953125 0.03125 0.0466796875
4 0.4640625 0.05859375 0.0224609375 0.0365234375
4 0.45234375 0.02109375 0.0240234375 0.0361328125
4 0.42578125 0.06171875 0.029296875 0.051171875
4 0.38203125 0.06875 0.0322265625 0.047265625
1 0.21015625 0.08203125 0.020703125 0.057421875
2 0.81875 0.64765625 0.2373046875 0.488671875
2 0.60078125 0.175 0.1134765625 0.197265625
4 0.39921875 0.01796875 0.0265625 0.0359375