2 0.18515625 0.10859375 0.0921875 0.148046875
2 0.303125 0.01953125 0.040625 0.0388671875
2 0.69296875 0.3546875 0.1888671875 0.333984375
2 0.5640625 0.1375 0.0755859375 0.0970703125
2 0.53125 0.06015625 0.06328125 0.1072265625
1 0.8828125 0.53046875 0.0501953125 0.1671875
1 0.12265625 0.1453125 0.0265625 0.06875
4 0.11796875 0.21328125 0.0646484375 0.0865234375
4 0.21953125 0.215625 0.0703125 0.1056640625
4 0.28125 0.07890625 0.040234375 0.079296875
4 0.56015625 0.58046875 0.1259765625 0.2357421875
4 0.509375 0.24609375 0.06875 0.13125
4 0.51796875 0.12265625 0.035546875 0.073046875
4 0.48828125 0.0765625 0.025 0.0404296875
4 0.4640625 0.04921875 0.02265625 0.0427734375
4 0.43359375 0.07265625 0.0328125 0.0388671875
4 0.42578125 0.12109375 0.0447265625 0.0634765625
4 0.415625 0.16953125 0.0556640625 0.0853515625
4 0.390625 0.05625 0.0287109375 0.0498046875