4 0.4375 0.53125 0.096484375 0.1931640625
4 0.3203125 0.90703125 0.15625 0.1859375
4 0.034375 0.45078125 0.06875 0.1859375
4 0.29453125 0.1140625 0.040625 0.0662109375
4 0.25703125 0.06640625 0.028125 0.0484375
4 0.2953125 0.06328125 0.02890625 0.041796875
4 0.34140625 0.0296875 0.0232421875 0.033984375
4 0.39375 0.0515625 0.028515625 0.046875
4 0.37734375 0.12578125 0.038671875 0.0548828125
4 0.43203125 0.07421875 0.0263671875 0.0375
4 0.459375 0.03671875 0.0220703125 0.034375
4 0.48515625 0.0328125 0.0205078125 0.0373046875
4 0.5171875 0.0796875 0.0341796875 0.0404296875
4 0.4796875 0.09921875 0.0314453125 0.0490234375
4 0.5015625 0.16328125 0.037890625 0.0521484375
4 0.53203125 0.33359375 0.0828125 0.1107421875
2 0.5921875 0.146875 0.0966796875 0.152734375
2 0.6484375 0.234375 0.093359375 0.140625
2 0.7265625 0.425 0.2091796875 0.380859375
2 0.29296875 0.02578125 0.0419921875 0.0515625
1 0.15859375 0.121875 0.023046875 0.06875