4 0.16328125 0.2375 0.066796875 0.11796875
4 0.5578125 0.509375 0.115625 0.19453125
4 0.46484375 0.9 0.1671875 0.2
4 0.5078125 0.18671875 0.062109375 0.076953125
4 0.48125 0.125 0.0400390625 0.0662109375
4 0.51171875 0.090625 0.034375 0.0625
4 0.4296875 0.07578125 0.0345703125 0.053125
4 0.36796875 0.16953125 0.0478515625 0.0798828125
4 0.3125 0.0796875 0.0314453125 0.05625
4 0.315625 0.04453125 0.0255859375 0.0455078125
4 0.275 0.0546875 0.031640625 0.05390625
4 0.346875 0.01953125 0.030859375 0.0388671875
4 0.3859375 0.06171875 0.0287109375 0.0548828125
4 0.4609375 0.03671875 0.027734375 0.04375
4 0.4875 0.0375 0.027734375 0.0443359375
1 0.97578125 0.71484375 0.0484375 0.2140625
1 0.16328125 0.11875 0.032421875 0.0595703125
2 0.7390625 0.4453125 0.1939453125 0.40234375
2 0.640625 0.2421875 0.0841796875 0.141015625
2 0.59140625 0.15390625 0.078125 0.1513671875