1 0.69765625 0.27265625 0.0265625 0.1015625
1 0.09140625 0.1796875 0.025 0.078515625
2 0.04140625 0.24765625 0.0828125 0.2296875
2 0.240625 0.0671875 0.059765625 0.0974609375
2 0.2890625 0.02890625 0.0501953125 0.0578125
2 0.6 0.16796875 0.10078125 0.1677734375
2 0.5203125 0.08125 0.044140625 0.08203125
2 0.50078125 0.04140625 0.0421875 0.0828125
4 0.48984375 0.1609375 0.0486328125 0.066015625
4 0.25078125 0.19296875 0.0552734375 0.103125
4 0.3671875 0.16796875 0.0470703125 0.0830078125
4 0.31484375 0.053125 0.0271484375 0.0404296875
4 0.421875 0.10625 0.0466796875 0.05625
4 0.47890625 0.096875 0.0423828125 0.0443359375
4 0.46328125 0.0515625 0.030078125 0.047265625
4 0.43359375 0.0609375 0.0271484375 0.053515625
4 0.39375 0.0515625 0.0349609375 0.02890625
4 0.02265625 0.49375 0.0453125 0.203125