4 0.5265625 0.3515625 0.0849609375 0.1904296875
4 0.6078125 0.928125 0.1625 0.14375
4 0.41015625 0.20859375 0.0580078125 0.0802734375
4 0.425 0.15390625 0.0625 0.0884765625
4 0.50625 0.1421875 0.0498046875 0.066015625
4 0.4875 0.0890625 0.0306640625 0.0595703125
4 0.43359375 0.06875 0.0291015625 0.0439453125
4 0.38984375 0.06328125 0.0330078125 0.0484375
4 0.46796875 0.05703125 0.0232421875 0.03125
4 0.2703125 0.140625 0.05625 0.0716796875
4 0.30078125 0.05390625 0.033203125 0.0515625
4 0.16328125 0.16640625 0.053125 0.0791015625
4 0.10703125 0.3375 0.091796875 0.1376953125
1 0.1296875 0.13984375 0.028515625 0.0830078125
2 0.21640625 0.08359375 0.0791015625 0.115625
2 0.70859375 0.3953125 0.2041015625 0.3720703125
2 0.5859375 0.16640625 0.08125 0.1228515625
2 0.53515625 0.0796875 0.057421875 0.119140625
1 0.9390625 0.68125 0.0595703125 0.2005859375