4 0.4375 0.53125 0.100390625 0.1939453125
4 0.31953125 0.90546875 0.1640625 0.1890625
4 0.03359375 0.45078125 0.0671875 0.1859375
4 0.29453125 0.1140625 0.0375 0.0654296875
4 0.25703125 0.06640625 0.0296875 0.048828125
4 0.2953125 0.06328125 0.028515625 0.041796875
4 0.34140625 0.0296875 0.0232421875 0.033984375
4 0.39375 0.0515625 0.03046875 0.047265625
4 0.37734375 0.12578125 0.039453125 0.0572265625
4 0.43203125 0.07421875 0.0271484375 0.038671875
4 0.459375 0.03671875 0.0244140625 0.035546875
4 0.48515625 0.0328125 0.0205078125 0.0373046875
4 0.5171875 0.0796875 0.0345703125 0.0408203125
4 0.4796875 0.09921875 0.0337890625 0.0509765625
4 0.5015625 0.16328125 0.037890625 0.0521484375
4 0.53203125 0.33359375 0.079296875 0.1076171875
2 0.5921875 0.146875 0.0935546875 0.150390625
2 0.6484375 0.234375 0.0875 0.1375
2 0.7265625 0.425 0.2060546875 0.378515625
2 0.29296875 0.02578125 0.0419921875 0.0515625
1 0.15859375 0.121875 0.0234375 0.069140625