2 0.1375 0.3453125 0.275 0.325
2 0.65625 0.425 0.0783203125 0.075390625
1 0.9171875 0.8203125 0.0787109375 0.1744140625
4 0.7546875 0.8 0.1373046875 0.1650390625
4 0.9265625 0.96875 0.146875 0.0625
4 0.68359375 0.6859375 0.0927734375 0.09765625
4 0.62734375 0.609375 0.0705078125 0.083984375
4 0.5984375 0.56171875 0.0498046875 0.0666015625
4 0.57890625 0.53125 0.0375 0.0470703125
4 0.56015625 0.50703125 0.025 0.039453125
4 0.55078125 0.48984375 0.021875 0.028125
4 0.5375 0.475 0.01953125 0.0314453125
4 0.496875 0.5046875 0.03203125 0.053515625
4 0.471875 0.4640625 0.0162109375 0.025
2 0.5625 0.44140625 0.0376953125 0.0353515625