4 0.25078125 0.75625 0.1767578125 0.318359375
4 0.290625 0.06015625 0.0283203125 0.0642578125
4 0.3703125 0.121875 0.033984375 0.0599609375
4 0.42265625 0.14296875 0.0453125 0.064453125
4 0.5 0.21640625 0.052734375 0.0796875
4 0.503125 0.14765625 0.0412109375 0.0708984375
4 0.5921875 0.38125 0.096875 0.128515625
4 0.3921875 0.05703125 0.0251953125 0.0546875
4 0.42734375 0.046875 0.0302734375 0.0380859375
4 0.49140625 0.0421875 0.028125 0.0408203125
2 0.59765625 0.14296875 0.098828125 0.11875
2 0.6546875 0.25703125 0.1029296875 0.1861328125
2 0.88046875 0.7890625 0.2390625 0.421875
1 0.790625 0.39921875 0.037109375 0.1453125
1 0.18203125 0.103125 0.0240234375 0.071875