4 0.2921875 0.5546875 0.1220703125 0.2064453125
4 0.12265625 0.3671875 0.1103515625 0.1556640625
4 0.06015625 0.27578125 0.0830078125 0.1125
4 0.24765625 0.1171875 0.0451171875 0.077734375
4 0.2859375 0.07109375 0.030859375 0.0521484375
4 0.41484375 0.1421875 0.0375 0.0787109375
4 0.38984375 0.05078125 0.0203125 0.0328125
4 0.4296875 0.0671875 0.031640625 0.071875
4 0.496875 0.1921875 0.0498046875 0.1033203125
4 0.52890625 0.3625 0.0734375 0.13125
4 0.48828125 0.05859375 0.021875 0.048828125
4 0.46484375 0.05 0.0271484375 0.049609375
1 0.8140625 0.4265625 0.0501953125 0.140234375
2 0.6734375 0.303125 0.162109375 0.2912109375
2 0.55078125 0.12890625 0.066796875 0.0951171875
2 0.52265625 0.05546875 0.0607421875 0.0953125
2 0.14609375 0.13515625 0.1298828125 0.1802734375
2 0.28984375 0.0265625 0.0453125 0.053125