4 0.1859375 0.86953125 0.209375 0.2609375
4 0.390625 0.56328125 0.1216796875 0.220703125
4 0.36484375 0.1890625 0.0548828125 0.091015625
4 0.42734375 0.1421875 0.0484375 0.0626953125
4 0.53828125 0.21484375 0.0646484375 0.0982421875
4 0.47890625 0.084375 0.0298828125 0.0498046875
4 0.525 0.06484375 0.034765625 0.048828125
4 0.46484375 0.05625 0.028125 0.040625
4 0.428125 0.04296875 0.0287109375 0.0396484375
4 0.390625 0.04296875 0.031640625 0.0392578125
2 0.596875 0.1671875 0.0943359375 0.17265625
2 0.66640625 0.28125 0.103125 0.187109375