2 0.653125 0.42421875 0.0845703125 0.0857421875
2 0.56171875 0.44765625 0.0365234375 0.0484375
4 0.89765625 0.9359375 0.2046875 0.128125
4 0.7421875 0.77109375 0.14609375 0.1609375
4 0.65703125 0.6515625 0.090625 0.1216796875
4 0.6203125 0.58515625 0.06015625 0.094921875
4 0.58984375 0.54453125 0.048828125 0.0642578125
4 0.56640625 0.5109375 0.0384765625 0.0494140625
4 0.54140625 0.48984375 0.0322265625 0.048828125
4 0.52265625 0.59453125 0.0765625 0.117578125
4 0.48828125 0.471875 0.0359375 0.06953125