2 0.13828125 0.34609375 0.2765625 0.3265625
2 0.65625 0.425 0.0783203125 0.075390625
1 0.9171875 0.8203125 0.0779296875 0.1724609375
4 0.7546875 0.8 0.1380859375 0.1658203125
4 0.9265625 0.9703125 0.146875 0.059375
4 0.68359375 0.6859375 0.0919921875 0.096484375
4 0.62734375 0.609375 0.0701171875 0.08203125
4 0.5984375 0.56171875 0.0494140625 0.0646484375
4 0.57890625 0.53125 0.036328125 0.0470703125
4 0.56015625 0.50703125 0.025 0.039453125
4 0.55078125 0.48984375 0.023046875 0.029296875
4 0.5375 0.475 0.01953125 0.0314453125
4 0.496875 0.5046875 0.031640625 0.053125
4 0.471875 0.4640625 0.0158203125 0.025
2 0.5625 0.44140625 0.0373046875 0.0330078125