4 0.8875 0.928125 0.18125 0.14375
4 0.7375 0.7796875 0.115625 0.149609375
4 0.675 0.67265625 0.08046875 0.098828125
4 0.625 0.60546875 0.05546875 0.0671875
4 0.5984375 0.56875 0.0466796875 0.053125
4 0.578125 0.53203125 0.03203125 0.0392578125
4 0.56171875 0.5078125 0.0322265625 0.0501953125
4 0.5453125 0.4890625 0.022265625 0.0408203125
4 0.52890625 0.471875 0.0228515625 0.0375
4 0.51328125 0.5578125 0.0515625 0.07734375
2 0.6546875 0.428125 0.0775390625 0.0693359375
2 0.12734375 0.3234375 0.2546875 0.3625
2 0.56328125 0.44140625 0.035546875 0.035546875
4 0.478125 0.4640625 0.022265625 0.025390625
1 0.4890625 0.48515625 0.012890625 0.0515625
1 0.67578125 0.58125 0.03125 0.08203125