4 0.16328125 0.2375 0.069921875 0.118359375
4 0.5578125 0.509375 0.11484375 0.194140625
4 0.465625 0.9015625 0.1626953125 0.196875
4 0.5078125 0.18671875 0.059375 0.076171875
4 0.48125 0.125 0.0376953125 0.0658203125
4 0.51171875 0.090625 0.034375 0.0625
4 0.4296875 0.07578125 0.0349609375 0.054296875
4 0.36796875 0.16953125 0.0478515625 0.0798828125
4 0.3125 0.0796875 0.0314453125 0.05625
4 0.315625 0.04453125 0.0275390625 0.0458984375
4 0.275 0.0546875 0.03203125 0.055859375
4 0.34609375 0.01953125 0.0328125 0.0390625
4 0.3859375 0.06171875 0.0287109375 0.0548828125
4 0.4609375 0.03671875 0.027734375 0.04375
4 0.4875 0.0375 0.02578125 0.0439453125
1 0.9765625 0.71484375 0.046875 0.2140625
1 0.16328125 0.11875 0.0328125 0.0599609375
2 0.7390625 0.4453125 0.1970703125 0.403125
2 0.640625 0.2421875 0.0869140625 0.143359375
2 0.59140625 0.15390625 0.080078125 0.1517578125