4 0.25078125 0.75625 0.1677734375 0.31328125
4 0.290625 0.06015625 0.0283203125 0.0642578125
4 0.3703125 0.121875 0.031640625 0.0595703125
4 0.42265625 0.14296875 0.045703125 0.065625
4 0.5 0.21640625 0.05078125 0.079296875
4 0.503125 0.14765625 0.0404296875 0.0705078125
4 0.5921875 0.38125 0.091015625 0.125390625
4 0.3921875 0.05703125 0.0255859375 0.055078125
4 0.42734375 0.046875 0.0302734375 0.0380859375
4 0.49140625 0.0421875 0.0296875 0.0412109375
2 0.59765625 0.14296875 0.1 0.119921875
2 0.6546875 0.25703125 0.1060546875 0.1884765625
2 0.8828125 0.790625 0.234375 0.41875
1 0.790625 0.39921875 0.043359375 0.145703125
1 0.18203125 0.103125 0.0263671875 0.072265625