4 0.2984375 0.42109375 0.1212890625 0.1625
4 0.4078125 0.34921875 0.0837890625 0.1509765625
4 0.5546875 0.6625 0.140625 0.262109375
4 0.52890625 0.1984375 0.060546875 0.083984375
4 0.42578125 0.10859375 0.0326171875 0.05625
4 0.378125 0.13671875 0.0439453125 0.0640625
4 0.48203125 0.0734375 0.029296875 0.0373046875
4 0.4625 0.04765625 0.0189453125 0.0357421875
4 0.52109375 0.05390625 0.0236328125 0.0361328125
4 0.42734375 0.0453125 0.0232421875 0.044140625
4 0.39609375 0.03515625 0.0265625 0.0451171875
1 0.196875 0.090625 0.01953125 0.05625
2 0.65390625 0.265625 0.1017578125 0.1779296875
2 0.5984375 0.1640625 0.094140625 0.1630859375