4 0.540625 0.84375 0.16875 0.3125
4 0.67890625 0.49921875 0.1263671875 0.175
4 0.51953125 0.359375 0.0791015625 0.140234375
4 0.3453125 0.2984375 0.0748046875 0.118359375
4 0.40859375 0.15625 0.0453125 0.0712890625
4 0.49375 0.19921875 0.053515625 0.1052734375
4 0.43515625 0.1140625 0.0392578125 0.062109375
4 0.4265625 0.053125 0.025 0.0408203125
4 0.39609375 0.04296875 0.0259765625 0.0396484375
4 0.48203125 0.028125 0.021875 0.0345703125
4 0.45234375 0.02265625 0.0236328125 0.0419921875
4 0.59765625 0.1671875 0.1048828125 0.17890625