4 0.5265625 0.3515625 0.0904296875 0.1931640625
4 0.6078125 0.928125 0.1625 0.14375
4 0.41015625 0.20859375 0.0583984375 0.0822265625
4 0.425 0.15390625 0.062890625 0.0884765625
4 0.50625 0.1421875 0.0498046875 0.06640625
4 0.4875 0.0890625 0.0287109375 0.0591796875
4 0.43359375 0.06875 0.0271484375 0.0435546875
4 0.38984375 0.06328125 0.0333984375 0.048828125
4 0.46796875 0.05703125 0.0236328125 0.032421875
4 0.2703125 0.140625 0.052734375 0.0689453125
4 0.30078125 0.05390625 0.032421875 0.05
4 0.16328125 0.16640625 0.054296875 0.0791015625
4 0.10703125 0.3375 0.096875 0.1412109375
1 0.1296875 0.13984375 0.028515625 0.0830078125
2 0.21640625 0.08359375 0.0791015625 0.115625
2 0.70859375 0.3953125 0.1947265625 0.3685546875
2 0.5859375 0.16640625 0.08359375 0.1232421875
2 0.53515625 0.0796875 0.060546875 0.121484375
1 0.9390625 0.68125 0.0595703125 0.2005859375