4 0.36796875 0.93359375 0.1484375 0.1328125
4 0.653125 0.496875 0.12578125 0.181640625
4 0.48828125 0.18125 0.04375 0.0654296875
4 0.51953125 0.14609375 0.0353515625 0.0642578125
4 0.47890625 0.11875 0.040625 0.0498046875
4 0.47109375 0.07109375 0.039453125 0.0478515625
4 0.4265625 0.0734375 0.028125 0.0373046875
4 0.38125 0.09609375 0.03203125 0.048046875
4 0.453125 0.0203125 0.0248046875 0.040625
4 0.3984375 0.02421875 0.019140625 0.0451171875
1 0.2140625 0.06796875 0.0212890625 0.0484375
2 0.6 0.16953125 0.10703125 0.1822265625
2 0.90703125 0.87578125 0.1828125 0.2484375