1 0.7203125 0.31171875 0.04375 0.1259765625
2 0.61875 0.20859375 0.112890625 0.1923828125
2 0.06015625 0.22265625 0.1203125 0.2390625
2 0.259375 0.0453125 0.0439453125 0.0876953125
2 0.303125 0.01640625 0.031640625 0.0326171875
2 0.53046875 0.09609375 0.0515625 0.082421875
2 0.50703125 0.03984375 0.042578125 0.0794921875
4 0.5 0.20546875 0.05625 0.071875
4 0.353125 0.22734375 0.047265625 0.0955078125
4 0.27265625 0.13046875 0.048046875 0.0703125
4 0.1375 0.2828125 0.0693359375 0.171875
4 0.48203125 0.11875 0.0451171875 0.075390625
4 0.4234375 0.115625 0.0404296875 0.0564453125
4 0.3921875 0.053125 0.0306640625 0.034765625
4 0.4328125 0.06328125 0.03515625 0.0396484375
4 0.4625 0.0484375 0.033984375 0.0412109375
4 0.33125 0.04375 0.03203125 0.0501953125