4 0.88671875 0.9296875 0.1765625 0.140625
4 0.7375 0.7796875 0.11875 0.15234375
4 0.675 0.67265625 0.080859375 0.1
4 0.625 0.60546875 0.055859375 0.0671875
4 0.5984375 0.56875 0.0466796875 0.053125
4 0.578125 0.53203125 0.033984375 0.0396484375
4 0.56171875 0.5078125 0.0302734375 0.0498046875
4 0.5453125 0.4890625 0.02265625 0.0408203125
4 0.52890625 0.471875 0.0208984375 0.037109375
4 0.51328125 0.5578125 0.0484375 0.075
2 0.6546875 0.428125 0.0755859375 0.0689453125
2 0.125 0.3234375 0.25 0.35625
2 0.56328125 0.44140625 0.034375 0.034375
4 0.478125 0.4640625 0.021875 0.025
1 0.4890625 0.48515625 0.015234375 0.0515625
1 0.67578125 0.58125 0.028125 0.081640625