4 0.60859375 0.8625 0.1486328125 0.2720703125
4 0.7390625 0.76015625 0.1279296875 0.1478515625
4 0.8796875 0.93046875 0.1875 0.1390625
4 0.65234375 0.6390625 0.0759765625 0.0939453125
4 0.615625 0.578125 0.0537109375 0.0689453125
4 0.5890625 0.54453125 0.034765625 0.046875
4 0.56953125 0.51328125 0.0333984375 0.0365234375
4 0.49453125 0.49765625 0.0267578125 0.0421875
4 0.540625 0.48203125 0.02578125 0.035546875
2 0.5625 0.43984375 0.03125 0.0328125
2 0.653125 0.425 0.0724609375 0.0630859375
2 0.403125 0.4375 0.0337890625 0.05703125