2 0.39921875 0.4390625 0.0361328125 0.0908203125
2 0.65234375 0.41640625 0.084375 0.0736328125
2 0.55859375 0.4328125 0.0392578125 0.0501953125
4 0.5578125 0.753125 0.11484375 0.17421875
4 0.87265625 0.91484375 0.2109375 0.1703125
4 0.73828125 0.7578125 0.1478515625 0.17109375
4 0.653125 0.64609375 0.0818359375 0.1048828125
4 0.61640625 0.5890625 0.061328125 0.093359375
4 0.58984375 0.54375 0.0478515625 0.0787109375
4 0.559375 0.4984375 0.03203125 0.05390625
4 0.53203125 0.4734375 0.0291015625 0.04765625