1 0.21796875 0.06875 0.019921875 0.0591796875
2 0.60078125 0.16640625 0.107421875 0.176171875
4 0.778125 0.8328125 0.21875 0.334375
4 0.4953125 0.2296875 0.0599609375 0.078125
4 0.53046875 0.1859375 0.0544921875 0.071484375
4 0.484375 0.14453125 0.0431640625 0.0541015625
4 0.4765625 0.08828125 0.0412109375 0.0583984375
4 0.42578125 0.08046875 0.0328125 0.044921875
4 0.37890625 0.12109375 0.0294921875 0.0484375
4 0.428125 0.0390625 0.025 0.033984375
4 0.453125 0.03125 0.025390625 0.025
4 0.40078125 0.02421875 0.026953125 0.0455078125