4 0.375 0.54296875 0.09921875 0.1986328125
4 0.43125 0.33359375 0.072265625 0.1390625
4 0.515625 0.24296875 0.062109375 0.098828125
4 0.4953125 0.13984375 0.0435546875 0.059375
4 0.47578125 0.08515625 0.034375 0.0427734375
4 0.434375 0.06953125 0.0287109375 0.041796875
4 0.38359375 0.0984375 0.0353515625 0.0564453125
4 0.39609375 0.04453125 0.0265625 0.0423828125
4 0.2703125 0.165625 0.047265625 0.0626953125
4 0.27734375 0.0921875 0.0361328125 0.053125
4 0.23984375 0.078125 0.0359375 0.0501953125
4 0.3296875 0.04296875 0.0283203125 0.0392578125
4 0.521875 0.0703125 0.02578125 0.0560546875
2 0.27734375 0.03203125 0.04375 0.0640625
2 0.7203125 0.41328125 0.1875 0.366796875
2 0.64453125 0.23359375 0.0919921875 0.1390625
2 0.5765625 0.13203125 0.090625 0.1416015625
2 0.1515625 0.1265625 0.0279296875 0.0689453125