4 0.3546875 0.2421875 0.065234375 0.097265625
4 0.23125 0.14609375 0.05 0.0705078125
4 0.3265625 0.06015625 0.0248046875 0.048046875
4 0.28671875 0.04296875 0.032421875 0.0484375
4 0.62421875 0.85546875 0.1828125 0.2890625
4 0.52734375 0.23046875 0.05625 0.0888671875
4 0.484375 0.14453125 0.0412109375 0.058203125
4 0.50625 0.10703125 0.037109375 0.0572265625
4 0.42734375 0.090625 0.03125 0.053125
4 0.38359375 0.0734375 0.0357421875 0.0505859375
4 0.42421875 0.046875 0.0265625 0.034765625
4 0.459375 0.0390625 0.0224609375 0.0404296875
4 0.4875 0.053125 0.0310546875 0.0470703125
2 0.59921875 0.16171875 0.1046875 0.1611328125
2 0.653125 0.25 0.0943359375 0.1724609375
2 0.77734375 0.5265625 0.2607421875 0.487890625
1 0.16640625 0.1125 0.0302734375 0.0626953125
1 0.91015625 0.58203125 0.0513671875 0.1734375