1 0.190625 0.0953125 0.02578125 0.058984375
1 0.72109375 0.2953125 0.0298828125 0.0935546875
4 0.75625 0.75390625 0.19375 0.282421875
4 0.52734375 0.390625 0.083203125 0.128515625
4 0.41796875 0.24921875 0.061328125 0.108203125
4 0.340625 0.24921875 0.0658203125 0.1046875
4 0.51953125 0.18125 0.0544921875 0.0744140625
4 0.4296875 0.08828125 0.02890625 0.0455078125
4 0.384375 0.0921875 0.03671875 0.05390625
4 0.3234375 0.02109375 0.021875 0.0421875
4 0.39453125 0.034375 0.0203125 0.0287109375
4 0.428125 0.04765625 0.02578125 0.0298828125
4 0.4609375 0.04921875 0.0251953125 0.030078125
4 0.48828125 0.06015625 0.0330078125 0.046875
4 0.51328125 0.03828125 0.0294921875 0.03125
2 0.65390625 0.25703125 0.0982421875 0.1736328125
2 0.59921875 0.15859375 0.0923828125 0.1521484375