2 0.653125 0.42421875 0.0837890625 0.0833984375
2 0.56171875 0.44765625 0.0384765625 0.048828125
4 0.8984375 0.93671875 0.203125 0.1265625
4 0.7421875 0.77109375 0.140625 0.15625
4 0.65703125 0.6515625 0.089453125 0.1212890625
4 0.6203125 0.58515625 0.06484375 0.095703125
4 0.58984375 0.54453125 0.048828125 0.0642578125
4 0.56640625 0.5109375 0.0357421875 0.0470703125
4 0.54140625 0.48984375 0.0322265625 0.048828125
4 0.52265625 0.59453125 0.08125 0.120703125
4 0.48828125 0.471875 0.038671875 0.071484375