4 0.375 0.54296875 0.1 0.1990234375
4 0.43125 0.33359375 0.072265625 0.1390625
4 0.515625 0.24296875 0.06171875 0.0984375
4 0.4953125 0.13984375 0.0431640625 0.058203125
4 0.47578125 0.08515625 0.033203125 0.0423828125
4 0.434375 0.06953125 0.0287109375 0.041796875
4 0.38359375 0.0984375 0.0333984375 0.0560546875
4 0.39609375 0.04453125 0.0265625 0.0423828125
4 0.2703125 0.165625 0.046875 0.0623046875
4 0.27734375 0.0921875 0.0361328125 0.053125
4 0.23984375 0.078125 0.035546875 0.0498046875
4 0.3296875 0.04296875 0.0306640625 0.0416015625
4 0.521875 0.0703125 0.025390625 0.0560546875
2 0.27734375 0.03203125 0.04375 0.0640625
2 0.7203125 0.41328125 0.184765625 0.364453125
2 0.64453125 0.23359375 0.0978515625 0.1421875
2 0.5765625 0.13203125 0.09609375 0.1447265625
2 0.1515625 0.1265625 0.0310546875 0.0693359375