4 0.36875 0.93203125 0.153125 0.1359375
4 0.653125 0.496875 0.125 0.18125
4 0.48828125 0.18125 0.046875 0.0681640625
4 0.51953125 0.14609375 0.0361328125 0.0642578125
4 0.47890625 0.11875 0.041796875 0.0501953125
4 0.47109375 0.07109375 0.0390625 0.0478515625
4 0.4265625 0.0734375 0.02890625 0.0380859375
4 0.38125 0.09609375 0.03125 0.048046875
4 0.45234375 0.0203125 0.0265625 0.040625
4 0.3984375 0.02421875 0.019140625 0.0451171875
1 0.2140625 0.06796875 0.0212890625 0.0484375
2 0.6 0.16953125 0.10625 0.1802734375
2 0.90546875 0.87421875 0.1890625 0.2515625