2 0.59375 0.15625 0.0912109375 0.1568359375
2 0.65703125 0.26015625 0.1009765625 0.1771484375
2 0.8484375 0.69375 0.303125 0.6125
4 0.32734375 0.384375 0.0828125 0.13203125
4 0.553125 0.29296875 0.07578125 0.1041015625
4 0.4921875 0.178125 0.044140625 0.08828125
4 0.50078125 0.12265625 0.0390625 0.0611328125
4 0.4796875 0.05390625 0.02265625 0.0517578125
4 0.4609375 0.03984375 0.0287109375 0.0365234375
4 0.4296875 0.05 0.0248046875 0.0345703125
4 0.39375 0.04140625 0.0306640625 0.0396484375
4 0.38046875 0.09453125 0.041796875 0.0705078125
4 0.4234375 0.11640625 0.0345703125 0.0578125
4 0.26875 0.0953125 0.0404296875 0.0474609375
4 0.29375 0.028125 0.0248046875 0.05625
4 0.3359375 0.04140625 0.0314453125 0.0361328125
1 0.1734375 0.1109375 0.030859375 0.065625