4 0.2984375 0.42109375 0.1220703125 0.1640625
4 0.4078125 0.34921875 0.0783203125 0.1482421875
4 0.5546875 0.6625 0.140625 0.262109375
4 0.52890625 0.1984375 0.0578125 0.081640625
4 0.42578125 0.10859375 0.0357421875 0.0578125
4 0.378125 0.13671875 0.0466796875 0.065625
4 0.48203125 0.0734375 0.029296875 0.0373046875
4 0.4625 0.04765625 0.0193359375 0.0357421875
4 0.52109375 0.05390625 0.0236328125 0.0361328125
4 0.42734375 0.0453125 0.0208984375 0.04375
4 0.39609375 0.03515625 0.028125 0.0455078125
1 0.196875 0.090625 0.022265625 0.056640625
2 0.65390625 0.265625 0.0951171875 0.1748046875
2 0.5984375 0.1640625 0.094140625 0.1630859375