4 0.66015625 0.5234375 0.1326171875 0.178515625
4 0.51171875 0.275 0.0578125 0.0900390625
4 0.42109375 0.184375 0.0478515625 0.078515625
4 0.36015625 0.1671875 0.045703125 0.0880859375
4 0.3890625 0.075 0.030859375 0.05078125
4 0.4375 0.07890625 0.0279296875 0.0375
4 0.509375 0.16328125 0.0408203125 0.0734375
4 0.3109375 0.03671875 0.022265625 0.0357421875
4 0.45859375 0.05 0.023046875 0.0314453125
4 0.49140625 0.05 0.0298828125 0.0376953125
2 0.59140625 0.15703125 0.089453125 0.157421875
2 0.653125 0.25703125 0.100390625 0.178125
1 0.75 0.3359375 0.02578125 0.1158203125
1 0.18671875 0.09921875 0.0205078125 0.053125
4 0.428125 0.04140625 0.025390625 0.0490234375
4 0.39453125 0.03125 0.0240234375 0.0287109375