4 0.3484375 0.29375 0.0693359375 0.13125
4 0.35078125 0.925 0.1765625 0.15
4 0.425 0.196875 0.052734375 0.0806640625
4 0.55703125 0.24453125 0.064453125 0.0830078125
4 0.47734375 0.09375 0.034375 0.050390625
4 0.5234375 0.07578125 0.03125 0.051953125
4 0.46796875 0.06171875 0.028125 0.0388671875
4 0.4265625 0.05234375 0.03359375 0.0392578125
4 0.38984375 0.04921875 0.026171875 0.0390625
2 0.60078125 0.16171875 0.095703125 0.1548828125
2 0.68828125 0.3234375 0.120703125 0.2216796875
1 0.203125 0.0859375 0.019140625 0.0560546875