1 0.190625 0.0953125 0.027734375 0.059375
1 0.72109375 0.2953125 0.0298828125 0.0935546875
4 0.75625 0.75390625 0.191015625 0.280078125
4 0.52734375 0.390625 0.08125 0.127734375
4 0.41796875 0.24921875 0.059375 0.1078125
4 0.340625 0.24921875 0.0685546875 0.10625
4 0.51953125 0.18125 0.0541015625 0.0724609375
4 0.4296875 0.08828125 0.028515625 0.0451171875
4 0.384375 0.0921875 0.034765625 0.053515625
4 0.32421875 0.02109375 0.020703125 0.0421875
4 0.39453125 0.034375 0.01875 0.0283203125
4 0.428125 0.04765625 0.025390625 0.0294921875
4 0.4609375 0.04921875 0.0248046875 0.0296875
4 0.48828125 0.06015625 0.0333984375 0.048046875
4 0.51328125 0.03828125 0.0298828125 0.032421875
2 0.65390625 0.25703125 0.1041015625 0.1767578125
2 0.59921875 0.15859375 0.0947265625 0.1541015625