2 0.653125 0.42421875 0.0841796875 0.0853515625
2 0.56171875 0.44765625 0.0384765625 0.048828125
4 0.89765625 0.93671875 0.2046875 0.1265625
4 0.7421875 0.77109375 0.141015625 0.157421875
4 0.65703125 0.6515625 0.086328125 0.1185546875
4 0.6203125 0.58515625 0.062890625 0.095703125
4 0.58984375 0.54453125 0.05 0.0642578125
4 0.56640625 0.5109375 0.0365234375 0.0474609375
4 0.54140625 0.48984375 0.0326171875 0.05
4 0.52265625 0.59453125 0.079296875 0.119921875
4 0.48828125 0.471875 0.034375 0.069140625