4 0.2890625 0.3484375 0.1095703125 0.1408203125
4 0.04453125 0.76640625 0.0890625 0.3328125
4 0.44375 0.43046875 0.131640625 0.1603515625
4 0.4875 0.33125 0.0966796875 0.105859375
4 0.5609375 0.25859375 0.0908203125 0.119921875
4 0.67734375 0.5328125 0.1333984375 0.191015625
4 0.84453125 0.45390625 0.1265625 0.2048828125
4 0.8390625 0.30234375 0.0939453125 0.1240234375
4 0.8 0.0875 0.066015625 0.084765625
4 0.69765625 0.07421875 0.0611328125 0.0951171875
4 0.5765625 0.1078125 0.0630859375 0.090625
5 0.47265625 0.06328125 0.0794921875 0.1265625