4 0.31328125 0.34921875 0.0865234375 0.117578125
4 0.44375 0.59296875 0.1310546875 0.198828125
4 0.915625 0.54453125 0.1376953125 0.1802734375
4 0.759375 0.2125 0.0783203125 0.1087890625
4 0.7390625 0.10078125 0.0556640625 0.082421875
4 0.61875 0.0640625 0.058984375 0.0900390625
4 0.403125 0.13359375 0.0685546875 0.078125
4 0.39609375 0.07578125 0.0615234375 0.070703125
5 0.5046875 0.12109375 0.1125 0.2421875
5 0.4171875 0.225 0.093359375 0.11953125
5 0.66796875 0.45234375 0.115625 0.258203125
5 0.2484375 0.49609375 0.1408203125 0.20625
5 0.69453125 0.04765625 0.0671875 0.0953125
5 0.4078125 0.046875 0.075 0.09375