4 0.23515625 0.7125 0.326953125 0.441015625
4 0.23671875 0.41953125 0.2396484375 0.2041015625
4 0.2265625 0.2453125 0.237890625 0.2154296875
4 0.16953125 0.06875 0.1734375 0.1375
4 0.69453125 0.65390625 0.3111328125 0.4134765625
4 0.8546875 0.93359375 0.290625 0.1328125
4 0.590625 0.39609375 0.2310546875 0.2673828125
4 0.5125 0.21875 0.175 0.1931640625
4 0.49375 0.1046875 0.1501953125 0.13359375
4 0.39765625 0.08515625 0.0921875 0.1703125
4 0.33359375 0.0609375 0.0796875 0.121875
4 0.5734375 0.03671875 0.115625 0.0734375
4 0.740625 0.11328125 0.178125 0.2265625
4 0.86171875 0.1734375 0.1771484375 0.178125
4 0.91484375 0.36484375 0.1703125 0.3140625
4 0.0453125 0.0375 0.090625 0.075