4 0.71640625 0.82109375 0.30625 0.3546875
4 0.640625 0.53359375 0.221875 0.2759765625
4 0.53828125 0.29921875 0.210546875 0.2353515625
4 0.4953125 0.15625 0.1744140625 0.1337890625
4 0.453125 0.0859375 0.1341796875 0.1095703125
4 0.353125 0.096875 0.096875 0.19375
4 0.28203125 0.8625 0.2890625 0.275
4 0.23671875 0.5796875 0.2875 0.296484375
4 0.2421875 0.38984375 0.2033203125 0.1646484375
4 0.24765625 0.2390625 0.191796875 0.18515625
4 0.2140625 0.1234375 0.17109375 0.17890625
4 0.103125 0.103125 0.0720703125 0.20625
4 0.95390625 0.54296875 0.0921875 0.3171875
4 0.8796875 0.340625 0.2154296875 0.2466796875
4 0.82578125 0.16875 0.1669921875 0.1779296875
4 0.696875 0.1359375 0.166015625 0.15859375
4 0.63359375 0.06328125 0.1234375 0.1265625
4 0.95546875 0.0828125 0.0890625 0.165625