5 0.61328125 0.10703125 0.0646484375 0.1013671875
5 0.35390625 0.1328125 0.1076171875 0.221875
5 0.425 0.596875 0.222265625 0.671875
5 0.8609375 0.38515625 0.112890625 0.1728515625
5 0.1625 0.74296875 0.1935546875 0.286328125
4 0.93984375 0.58984375 0.1203125 0.1765625
4 0.67578125 0.42890625 0.1125 0.1546875
4 0.78984375 0.22421875 0.089453125 0.1265625
4 0.6265625 0.20859375 0.0869140625 0.101953125
4 0.7171875 0.04921875 0.0498046875 0.06875
4 0.6890625 0.02421875 0.046875 0.0484375
4 0.6015625 0.0265625 0.0533203125 0.053125
4 0.50859375 0.12890625 0.0703125 0.079296875
4 0.50234375 0.22578125 0.0919921875 0.1208984375
4 0.31875 0.24609375 0.0806640625 0.098828125
4 0.31796875 0.37578125 0.0923828125 0.1361328125
4 0.42265625 0.09609375 0.066796875 0.0828125
4 0.41484375 0.040625 0.055078125 0.0564453125
4 0.0234375 0.09140625 0.046875 0.0953125