4 0.25390625 0.86875 0.2984375 0.2625
4 0.26640625 0.60078125 0.2921875 0.283203125
4 0.26640625 0.38671875 0.2232421875 0.1888671875
4 0.2046875 0.20390625 0.20390625 0.2052734375
4 0.1625 0.06875 0.2 0.1375
5 0.74609375 0.75703125 0.3265625 0.4859375
4 0.95546875 0.4484375 0.0890625 0.321875
4 0.840625 0.26796875 0.1806640625 0.263671875
4 0.9375 0.09375 0.125 0.1875
4 0.62890625 0.5 0.251171875 0.175390625
4 0.61328125 0.315625 0.23125 0.1943359375
4 0.5046875 0.1625 0.1724609375 0.15
4 0.409375 0.159375 0.078515625 0.19375
4 0.35546875 0.11484375 0.063671875 0.1705078125
4 0.315625 0.071875 0.05 0.14375
4 0.6515625 0.10234375 0.15390625 0.1822265625
4 0.54375 0.04609375 0.115625 0.0921875
4 0.45859375 0.025 0.1015625 0.05
4 0.73515625 0.04765625 0.0578125 0.0953125