4 0.71640625 0.82109375 0.309375 0.357421875
4 0.640625 0.53359375 0.225390625 0.2794921875
4 0.53828125 0.29921875 0.2140625 0.2384765625
4 0.4953125 0.15625 0.1744140625 0.1337890625
4 0.453125 0.0859375 0.1345703125 0.1119140625
4 0.353125 0.09609375 0.090625 0.1921875
4 0.28203125 0.859375 0.3015625 0.28125
4 0.23671875 0.5796875 0.296875 0.305859375
4 0.2421875 0.38984375 0.2056640625 0.1669921875
4 0.24765625 0.2390625 0.192578125 0.1875
4 0.2140625 0.1234375 0.168359375 0.17734375
4 0.10234375 0.103125 0.0765625 0.20625
4 0.9515625 0.54375 0.096875 0.31875
4 0.8796875 0.340625 0.2091796875 0.2412109375
4 0.82578125 0.16875 0.1677734375 0.1787109375
4 0.696875 0.1359375 0.162109375 0.152734375
4 0.63359375 0.06328125 0.1265625 0.1265625
4 0.95546875 0.0828125 0.0890625 0.165625