5 0.61328125 0.10703125 0.0634765625 0.0990234375
5 0.35390625 0.1328125 0.1017578125 0.22109375
5 0.425 0.596875 0.212109375 0.66875
5 0.8609375 0.38515625 0.118359375 0.1740234375
5 0.1625 0.74296875 0.1880859375 0.283203125
4 0.9390625 0.590625 0.121875 0.178125
4 0.67578125 0.42890625 0.110546875 0.153125
4 0.78984375 0.22421875 0.0953125 0.130078125
4 0.6265625 0.20859375 0.0814453125 0.0984375
4 0.7171875 0.04921875 0.0533203125 0.070703125
4 0.68984375 0.02421875 0.045703125 0.0482421875
4 0.60078125 0.0265625 0.0546875 0.053125
4 0.50859375 0.12890625 0.070703125 0.0796875
4 0.50234375 0.22578125 0.0865234375 0.1173828125
4 0.31875 0.24609375 0.0837890625 0.1015625
4 0.31796875 0.37578125 0.0865234375 0.1326171875
4 0.42265625 0.09609375 0.067578125 0.084375
4 0.41484375 0.040625 0.055078125 0.0564453125
4 0.0234375 0.09140625 0.046875 0.0953125