4 0.29609375 0.0765625 0.0359375 0.0439453125
4 0.296875 0.0359375 0.0337890625 0.034765625
4 0.24453125 0.05703125 0.0390625 0.048828125
5 0.14296875 0.2359375 0.0578125 0.0880859375
5 0.20625 0.56953125 0.100390625 0.164453125
5 0.675 0.32734375 0.1375 0.1328125
4 0.59296875 0.2015625 0.0669921875 0.0962890625
4 0.4890625 0.92578125 0.1375 0.1484375
4 0.78125 0.934375 0.178125 0.13125
4 0.6609375 0.534375 0.087890625 0.13046875
4 0.59765625 0.465625 0.0826171875 0.094140625
4 0.7 0.409375 0.07421875 0.106640625
4 0.5328125 0.38984375 0.078515625 0.116796875
4 0.5 0.33359375 0.047265625 0.070703125
4 0.46484375 0.29921875 0.0580078125 0.085546875
4 0.390625 0.3578125 0.075 0.1029296875
4 0.36796875 0.29921875 0.058203125 0.075
4 0.30078125 0.41015625 0.083203125 0.1169921875
4 0.2984375 0.32109375 0.062109375 0.0828125
4 0.2359375 0.24375 0.05234375 0.0689453125
4 0.16484375 0.45390625 0.073828125 0.1041015625
4 0.47578125 0.1671875 0.039453125 0.06015625