1 0.72265625 0.29921875 0.053125 0.1833984375
1 0.68828125 0.1625 0.038671875 0.1224609375
1 0.675 0.0875 0.037109375 0.094140625
1 0.1703125 0.22734375 0.0341796875 0.132421875
1 0.19765625 0.1875 0.0294921875 0.1435546875
1 0.14453125 0.2015625 0.0416015625 0.1466796875
1 0.096875 0.54375 0.0630859375 0.21171875
1 0.234375 0.12890625 0.031640625 0.1015625
1 0.3609375 0.0703125 0.028125 0.1001953125
5 0.09921875 0.84453125 0.1982421875 0.3109375
5 0.63828125 0.25078125 0.11875 0.0984375
4 0.06640625 0.45390625 0.1328125 0.1796875
4 0.190625 0.625 0.18046875 0.2224609375
4 0.34765625 0.90703125 0.2046875 0.1859375
4 0.3875 0.715625 0.190234375 0.2529296875
4 0.4671875 0.553125 0.1408203125 0.156640625
4 0.425 0.4375 0.1287109375 0.1244140625
4 0.24765625 0.46875 0.160546875 0.10625
4 0.2796875 0.36640625 0.13515625 0.1236328125
4 0.321875 0.259375 0.1126953125 0.115625
4 0.36875 0.17734375 0.08125 0.061328125
4 0.41328125 0.10078125 0.071875 0.0677734375
4 0.471875 0.3484375 0.1029296875 0.1091796875
4 0.478125 0.26171875 0.1 0.0833984375
4 0.49609375 0.20390625 0.082421875 0.064453125
4 0.49296875 0.16328125 0.082421875 0.058203125
4 0.51015625 0.1015625 0.0740234375 0.08359375
4 0.50859375 0.03359375 0.0578125 0.0671875
4 0.6859375 0.88828125 0.2 0.2234375
4 0.67890625 0.6984375 0.16875 0.187890625
4 0.653125 0.5328125 0.1466796875 0.1435546875
4 0.6546875 0.39375 0.1287109375 0.175
4 0.62890625 0.18671875 0.0703125 0.0677734375
4 0.62109375 0.13359375 0.0732421875 0.073046875
4 0.615625 0.0796875 0.06953125 0.07109375
4 0.878125 0.63984375 0.1755859375 0.2353515625
4 0.96015625 0.81953125 0.0796875 0.1984375
4 0.90078125 0.46171875 0.1353515625 0.1265625
4 0.83359375 0.3671875 0.114453125 0.121484375
4 0.7984375 0.259375 0.1125 0.116015625
4 0.77578125 0.20546875 0.0833984375 0.06875
4 0.7625 0.16796875 0.0837890625 0.0767578125
4 0.75234375 0.11796875 0.0759765625 0.061328125
4 0.73359375 0.06875 0.0625 0.0564453125
4 0.296875 0.0484375 0.06875 0.096875
4 0.2421875 0.23203125 0.08515625 0.120703125
4 0.2875 0.1625 0.083984375 0.075390625