5 0.778125 0.21171875 0.0875 0.1298828125
5 0.46796875 0.34375 0.1822265625 0.4685546875
5 0.25859375 0.5046875 0.1333984375 0.209375
4 0.93359375 0.71640625 0.1328125 0.2109375
4 0.06484375 0.059375 0.0625 0.0783203125
4 0.1375 0.784375 0.1599609375 0.2095703125
4 0.35625 0.27578125 0.081640625 0.103125
4 0.353125 0.1796875 0.0716796875 0.097265625
4 0.515625 0.0640625 0.0619140625 0.071484375
4 0.5171875 0.1234375 0.0720703125 0.0939453125
4 0.4296875 0.0484375 0.0595703125 0.0845703125
4 0.60859375 0.11953125 0.066796875 0.0884765625
4 0.60703125 0.03828125 0.060546875 0.0728515625
4 0.840625 0.33515625 0.09921875 0.1259765625
4 0.64921875 0.2484375 0.090625 0.1279296875
4 0.74375 0.1109375 0.0787109375 0.108984375
5 0.37421875 0.0953125 0.1015625 0.190625