1 0.42890625 0.76015625 0.067578125 0.2353515625
1 0.40390625 0.9578125 0.0671875 0.084375
1 0.6703125 0.74609375 0.053515625 0.2048828125
1 0.640625 0.5453125 0.0525390625 0.1630859375
1 0.62734375 0.36796875 0.034375 0.1236328125
1 0.98125 0.2953125 0.0375 0.11875
1 0.6140625 0.28671875 0.0306640625 0.1236328125
1 0.5671875 0.2375 0.0287109375 0.0875
1 0.5234375 0.22578125 0.0310546875 0.1083984375
1 0.48984375 0.2734375 0.0384765625 0.11640625
1 0.44609375 0.446875 0.0451171875 0.1412109375
1 0.39765625 0.43203125 0.0484375 0.148046875
1 0.3625 0.403125 0.03671875 0.1341796875
1 0.3203125 0.4953125 0.0474609375 0.1587890625
1 0.2734375 0.609375 0.0556640625 0.1755859375
1 0.18515625 0.79921875 0.069921875 0.2052734375
1 0.11875 0.6796875 0.0693359375 0.1869140625
1 0.0671875 0.92578125 0.078125 0.1484375
1 0.03359375 0.7765625 0.0671875 0.178125
1 0.084375 0.55 0.053515625 0.141015625
1 0.1453125 0.49375 0.04609375 0.1658203125
1 0.18671875 0.39453125 0.044921875 0.1390625
1 0.12265625 0.303125 0.034375 0.1470703125
1 0.15234375 0.22734375 0.0359375 0.1423828125
1 0.1859375 0.17578125 0.0373046875 0.1111328125
1 0.22109375 0.3015625 0.039453125 0.1037109375
1 0.2359375 0.2234375 0.03125 0.0970703125
1 0.265625 0.14140625 0.01953125 0.0955078125
1 0.3796875 0.17421875 0.0314453125 0.1015625
1 0.35859375 0.08359375 0.026953125 0.1017578125
1 0.39765625 0.09765625 0.03125 0.109375
1 0.38515625 0.04296875 0.0265625 0.0859375
1 0.4734375 0.1921875 0.0318359375 0.10625
4 0.5546875 0.69140625 0.1380859375 0.3171875
4 0.94140625 0.8515625 0.1171875 0.296875
4 0.76328125 0.7015625 0.1548828125 0.2814453125
4 0.87578125 0.52265625 0.1544921875 0.2548828125
4 0.77734375 0.30859375 0.1240234375 0.173828125
4 0.6796875 0.321875 0.10390625 0.158984375
4 0.7328125 0.190625 0.0712890625 0.0900390625
4 0.76796875 0.059375 0.0671875 0.11875
4 0.70625 0.1140625 0.065625 0.0875
4 0.62421875 0.15625 0.061328125 0.1064453125
4 0.5640625 0.18046875 0.058984375 0.110546875
4 0.409375 0.23203125 0.0751953125 0.125
4 0.30390625 0.18046875 0.0794921875 0.1203125
4 0.4734375 0.1265625 0.0630859375 0.1126953125
4 0.44765625 0.03125 0.0578125 0.0625
4 0.5484375 0.04453125 0.041015625 0.0888671875
4 0.6078125 0.07109375 0.059375 0.076953125
4 0.66015625 0.06015625 0.0509765625 0.0767578125
2 0.278125 0.371875 0.115625 0.2212890625