4 0.7234375 0.9390625 0.146875 0.121875
4 0.8359375 0.784375 0.1283203125 0.1658203125
4 0.603125 0.70234375 0.1095703125 0.1517578125
4 0.528125 0.5359375 0.106640625 0.1474609375
4 0.4546875 0.4609375 0.093359375 0.1220703125
4 0.4765625 0.36796875 0.0875 0.1009765625
4 0.5765625 0.41953125 0.0806640625 0.10625
4 0.70234375 0.42421875 0.0708984375 0.0890625
4 0.5953125 0.2828125 0.059375 0.062890625
4 0.3828125 0.309375 0.065234375 0.096484375
4 0.32265625 0.46953125 0.076171875 0.0919921875
4 0.2296875 0.7703125 0.10625 0.1625
4 0.17109375 0.3890625 0.0697265625 0.097265625
4 0.1703125 0.32421875 0.0654296875 0.0578125
4 0.2609375 0.28515625 0.062109375 0.0853515625
4 0.228125 0.23203125 0.0529296875 0.0640625
4 0.23125 0.15859375 0.0443359375 0.0580078125
4 0.25 0.1125 0.0431640625 0.05625
4 0.16640625 0.13828125 0.0396484375 0.058203125
4 0.19765625 0.10234375 0.0390625 0.0486328125
4 0.190625 0.06015625 0.0375 0.0388671875
4 0.31484375 0.171875 0.0455078125 0.05625
4 0.328125 0.2671875 0.0595703125 0.078125
4 0.32109375 0.2140625 0.0541015625 0.047265625
4 0.38359375 0.15 0.0375 0.0560546875
4 0.365625 0.09375 0.033984375 0.05546875
4 0.359375 0.06015625 0.031640625 0.0361328125
4 0.52578125 0.1390625 0.0447265625 0.053125
4 0.5421875 0.1015625 0.0345703125 0.040625
4 0.52578125 0.065625 0.0419921875 0.043359375
4 0.59765625 0.215625 0.0611328125 0.075390625
5 0.6890625 0.3390625 0.1314453125 0.0966796875