4 0.23515625 0.7125 0.313671875 0.431640625
4 0.23671875 0.41953125 0.2396484375 0.2041015625
4 0.2265625 0.2453125 0.230859375 0.2064453125
4 0.16953125 0.06796875 0.1703125 0.1359375
4 0.69453125 0.65390625 0.3080078125 0.4107421875
4 0.85390625 0.93046875 0.2921875 0.1390625
4 0.590625 0.39609375 0.2248046875 0.2634765625
4 0.5125 0.21875 0.17421875 0.1908203125
4 0.49375 0.1046875 0.1505859375 0.133984375
4 0.39765625 0.08515625 0.0921875 0.1703125
4 0.33359375 0.0609375 0.0828125 0.121875
4 0.5734375 0.0375 0.115625 0.075
4 0.740625 0.11484375 0.184375 0.2296875
4 0.86171875 0.1734375 0.1740234375 0.175
4 0.915625 0.365625 0.1685546875 0.3125
4 0.04453125 0.0375 0.0890625 0.075