4 0.78828125 0.46953125 0.048046875 0.0759765625
4 0.73359375 0.92578125 0.1328125 0.1484375
4 0.6578125 0.76640625 0.0935546875 0.1388671875
4 0.54921875 0.778125 0.0833984375 0.181640625
4 0.396875 0.76875 0.09375 0.152734375
4 0.4359375 0.5921875 0.0564453125 0.084765625
5 0.3703125 0.55390625 0.056640625 0.086328125
5 0.4234375 0.4359375 0.033984375 0.06640625
4 0.45078125 0.50859375 0.039453125 0.069921875
4 0.46953125 0.45703125 0.0357421875 0.0552734375
4 0.465625 0.4265625 0.0251953125 0.040625
4 0.484375 0.40546875 0.019140625 0.0328125
4 0.45234375 0.38359375 0.0169921875 0.0296875
4 0.5265625 0.6109375 0.05 0.0818359375
4 0.515625 0.54609375 0.0400390625 0.0611328125
5 0.515625 0.490625 0.0345703125 0.0599609375
4 0.5140625 0.4375 0.025390625 0.0376953125
4 0.5140625 0.4046875 0.021484375 0.0220703125
4 0.5109375 0.3796875 0.0185546875 0.016015625
4 0.54296875 0.41484375 0.026171875 0.04375
4 0.625 0.6015625 0.0529296875 0.0744140625
5 0.596875 0.54921875 0.0494140625 0.071875
1 0.27578125 0.75703125 0.040625 0.123046875
4 0.5875 0.496875 0.0404296875 0.0556640625
4 0.57578125 0.465625 0.0328125 0.03125
4 0.56796875 0.44296875 0.0298828125 0.0328125
1 0.41953125 0.51484375 0.0177734375 0.065625
1 0.665625 0.65703125 0.03125 0.0861328125