5 0.778125 0.21171875 0.081640625 0.1267578125
5 0.46796875 0.34375 0.1771484375 0.4681640625
5 0.25859375 0.5046875 0.1333984375 0.209375
4 0.93125 0.7171875 0.1375 0.215625
4 0.06484375 0.059375 0.0640625 0.0806640625
4 0.1375 0.784375 0.1681640625 0.2150390625
4 0.35625 0.27578125 0.08125 0.103125
4 0.353125 0.1796875 0.0720703125 0.09765625
4 0.515625 0.0640625 0.0595703125 0.069140625
4 0.5171875 0.1234375 0.0689453125 0.0908203125
4 0.4296875 0.0484375 0.0595703125 0.0845703125
4 0.60859375 0.11953125 0.063671875 0.0861328125
4 0.60703125 0.03828125 0.060546875 0.0708984375
4 0.840625 0.33515625 0.09921875 0.1259765625
4 0.64921875 0.2484375 0.0859375 0.1248046875
4 0.74375 0.1109375 0.0806640625 0.109375
5 0.37421875 0.09453125 0.0984375 0.1890625