5 0.61328125 0.10703125 0.0666015625 0.1013671875
5 0.35390625 0.1328125 0.0986328125 0.21875
5 0.425 0.596875 0.234375 0.675
5 0.8609375 0.38515625 0.118359375 0.1740234375
5 0.1625 0.74296875 0.1880859375 0.283203125
4 0.93828125 0.590625 0.1234375 0.18125
4 0.67578125 0.42890625 0.1140625 0.155078125
4 0.78984375 0.22421875 0.090625 0.126953125
4 0.6265625 0.20859375 0.0845703125 0.1015625
4 0.7171875 0.04921875 0.0501953125 0.069921875
4 0.6890625 0.02421875 0.046875 0.0484375
4 0.6015625 0.0265625 0.0533203125 0.053125
4 0.50859375 0.12890625 0.06875 0.078125
4 0.50234375 0.22578125 0.0916015625 0.1205078125
4 0.31875 0.24609375 0.0818359375 0.1015625
4 0.31796875 0.37578125 0.0923828125 0.1361328125
4 0.42265625 0.09609375 0.06875 0.084375
4 0.41484375 0.040625 0.05625 0.0568359375
4 0.02265625 0.0921875 0.0453125 0.09375