2 0.1875 0.84609375 0.23125 0.3078125
5 0.36875 0.9609375 0.134375 0.078125
5 0.41484375 0.71875 0.088671875 0.1529296875
4 0.73671875 0.9265625 0.1328125 0.146875
4 0.54453125 0.79765625 0.086328125 0.153125
4 0.659375 0.76484375 0.1001953125 0.1384765625
4 0.62109375 0.59296875 0.0521484375 0.0875
4 0.53203125 0.6125 0.0546875 0.0943359375
4 0.52109375 0.5265625 0.0333984375 0.06015625
4 0.44140625 0.5921875 0.0583984375 0.087109375
4 0.453125 0.509375 0.0380859375 0.056640625
4 0.465625 0.4609375 0.0318359375 0.047265625
4 0.4703125 0.4234375 0.025 0.0314453125
4 0.51171875 0.48046875 0.032421875 0.035546875
5 0.5125 0.44140625 0.025390625 0.0421875
5 0.59453125 0.54296875 0.046875 0.0611328125
1 0.6640625 0.6640625 0.030859375 0.0876953125
2 0.4203125 0.45078125 0.034765625 0.0734375
4 0.58828125 0.49765625 0.0423828125 0.048046875
4 0.72265625 0.45078125 0.0458984375 0.064453125
4 0.5796875 0.46640625 0.031640625 0.0392578125
4 0.5703125 0.44375 0.028125 0.0341796875