4 0.2890625 0.3484375 0.1150390625 0.1439453125
4 0.04296875 0.7671875 0.0859375 0.3314453125
4 0.44375 0.43046875 0.13046875 0.1580078125
4 0.4875 0.33125 0.0931640625 0.10078125
4 0.5609375 0.25859375 0.0873046875 0.1171875
4 0.67734375 0.5328125 0.1298828125 0.18984375
4 0.84453125 0.45390625 0.125 0.2041015625
4 0.8390625 0.30234375 0.0966796875 0.1263671875
4 0.8 0.0875 0.066015625 0.084765625
4 0.69765625 0.07421875 0.0615234375 0.0955078125
4 0.5765625 0.1078125 0.0662109375 0.09140625
5 0.471875 0.06328125 0.084375 0.1265625