4 0.55546875 0.61328125 0.1111328125 0.1517578125
4 0.41328125 0.740625 0.1013671875 0.1435546875
4 0.3359375 0.84375 0.12109375 0.1818359375
4 0.19765625 0.62890625 0.0990234375 0.1357421875
4 0.3390625 0.52421875 0.0875 0.120703125
4 0.55234375 0.39609375 0.067578125 0.1046875
4 0.51328125 0.3546875 0.06875 0.083984375
4 0.4765625 0.29375 0.059375 0.0783203125
4 0.421875 0.22890625 0.0587890625 0.0646484375
4 0.44921875 0.26484375 0.0490234375 0.05625
4 0.59375 0.271875 0.0568359375 0.080859375
4 0.5140625 0.121875 0.046875 0.0630859375
5 0.33828125 0.25546875 0.058203125 0.0884765625
4 0.2515625 0.27578125 0.047265625 0.0826171875
5 0.159375 0.3578125 0.0779296875 0.11875
4 0.16328125 0.2875 0.0583984375 0.0716796875
5 0.15546875 0.15625 0.0455078125 0.069140625
4 0.2234375 0.1640625 0.047265625 0.071484375
4 0.225 0.2265625 0.04453125 0.0712890625
4 0.7078125 0.41484375 0.075 0.0947265625
4 0.5953125 0.2 0.059375 0.0814453125
5 0.6875 0.3203125 0.14921875 0.1212890625