4 0.52578125 0.68984375 0.223046875 0.4708984375
4 0.5328125 0.3265625 0.1345703125 0.197265625
4 0.93203125 0.240625 0.1359375 0.215625
4 0.3578125 0.065625 0.097265625 0.1099609375
4 0.1640625 0.18984375 0.1501953125 0.1736328125
4 0.06015625 0.134375 0.1203125 0.184375
4 0.0609375 0.40546875 0.121875 0.2015625
4 0.5109375 0.0203125 0.0875 0.040625
5 0.52578125 0.12421875 0.105078125 0.1765625
5 0.70625 0.115625 0.1375 0.23125
5 0.8203125 0.0609375 0.109375 0.121875
5 0.22890625 0.05 0.1390625 0.1
4 0.33125 0.215625 0.1345703125 0.2005859375
2 0.24375 0.5484375 0.2529296875 0.515625
1 0.4359375 0.2640625 0.055859375 0.2064453125
1 0.0578125 0.559375 0.115625 0.24375
5 0.8125 0.628125 0.2591796875 0.4400390625
4 0.13828125 0.0375 0.1046875 0.075