4 0.78828125 0.46953125 0.0484375 0.0759765625
4 0.73359375 0.92734375 0.1265625 0.1453125
4 0.6578125 0.76640625 0.0880859375 0.1357421875
4 0.54921875 0.778125 0.0833984375 0.181640625
4 0.396875 0.76875 0.090234375 0.15
4 0.4359375 0.5921875 0.0587890625 0.08515625
5 0.3703125 0.55390625 0.053125 0.084375
5 0.4234375 0.4359375 0.03359375 0.066015625
4 0.45078125 0.50859375 0.0390625 0.069921875
4 0.46953125 0.45703125 0.0330078125 0.0548828125
4 0.465625 0.4265625 0.0251953125 0.040625
4 0.484375 0.40546875 0.019140625 0.0328125
4 0.45234375 0.38359375 0.0173828125 0.030078125
4 0.5265625 0.6109375 0.046484375 0.0810546875
4 0.515625 0.54609375 0.0380859375 0.0611328125
5 0.515625 0.490625 0.0369140625 0.0619140625
4 0.5140625 0.4375 0.025 0.0376953125
4 0.5140625 0.4046875 0.021484375 0.0220703125
4 0.5109375 0.3796875 0.0185546875 0.01640625
4 0.54296875 0.41484375 0.026171875 0.044921875
4 0.625 0.6015625 0.0505859375 0.0724609375
5 0.596875 0.54921875 0.0474609375 0.070703125
1 0.27578125 0.75703125 0.0375 0.123046875
4 0.5875 0.496875 0.0404296875 0.0556640625
4 0.57578125 0.465625 0.0328125 0.03125
4 0.56796875 0.44296875 0.0298828125 0.0328125
1 0.41953125 0.51484375 0.0169921875 0.065625
1 0.665625 0.65703125 0.028515625 0.0857421875