1 0.72265625 0.29921875 0.05 0.1830078125
1 0.68828125 0.1625 0.040625 0.1224609375
1 0.675 0.0875 0.03671875 0.09375
1 0.1703125 0.22734375 0.0318359375 0.132421875
1 0.19765625 0.1875 0.0353515625 0.1439453125
1 0.14453125 0.2015625 0.0478515625 0.1474609375
1 0.096875 0.54375 0.0630859375 0.21171875
1 0.234375 0.12890625 0.031640625 0.1015625
1 0.3609375 0.0703125 0.025 0.1001953125
5 0.1015625 0.8421875 0.203125 0.315625
5 0.63828125 0.25078125 0.1140625 0.0921875
4 0.0671875 0.45390625 0.134375 0.1796875
4 0.190625 0.625 0.18125 0.2248046875
4 0.34765625 0.90703125 0.2046875 0.1859375
4 0.3875 0.715625 0.18046875 0.2443359375
4 0.4671875 0.553125 0.1474609375 0.162890625
4 0.425 0.4375 0.1337890625 0.1283203125
4 0.24765625 0.46875 0.1578125 0.102734375
4 0.2796875 0.36640625 0.134765625 0.1228515625
4 0.321875 0.259375 0.1130859375 0.116015625
4 0.36875 0.17734375 0.081640625 0.063671875
4 0.41328125 0.10078125 0.071875 0.0673828125
4 0.471875 0.3484375 0.1005859375 0.1068359375
4 0.478125 0.26171875 0.1 0.0833984375
4 0.49609375 0.20390625 0.08125 0.0640625
4 0.49296875 0.16328125 0.0828125 0.060546875
4 0.51015625 0.1015625 0.0759765625 0.083984375
4 0.50859375 0.03359375 0.0578125 0.0671875
4 0.6859375 0.8875 0.2 0.225
4 0.67890625 0.6984375 0.1671875 0.187109375
4 0.653125 0.5328125 0.1466796875 0.1435546875
4 0.6546875 0.39375 0.1279296875 0.17421875
4 0.62890625 0.18671875 0.0703125 0.0677734375
4 0.62109375 0.13359375 0.0740234375 0.073828125
4 0.615625 0.0796875 0.069140625 0.069140625
4 0.878125 0.63984375 0.1712890625 0.2298828125
4 0.96171875 0.81875 0.0765625 0.196875
4 0.90078125 0.46171875 0.1384765625 0.130078125
4 0.83359375 0.3671875 0.1171875 0.122265625
4 0.7984375 0.259375 0.115234375 0.118359375
4 0.77578125 0.20546875 0.0833984375 0.069921875
4 0.7625 0.16796875 0.0810546875 0.0736328125
4 0.75234375 0.11796875 0.0759765625 0.0625
4 0.73359375 0.06875 0.0640625 0.0591796875
4 0.29765625 0.0484375 0.067578125 0.096875
4 0.2421875 0.23203125 0.090625 0.125
4 0.2875 0.1625 0.081640625 0.07421875