4 0.71640625 0.82109375 0.309375 0.357421875
4 0.640625 0.53359375 0.221875 0.2759765625
4 0.53828125 0.29921875 0.215625 0.2392578125
4 0.4953125 0.15625 0.1716796875 0.1287109375
4 0.453125 0.0859375 0.1341796875 0.1095703125
4 0.35390625 0.09609375 0.0884765625 0.1919921875
4 0.28203125 0.85859375 0.3015625 0.2828125
4 0.23671875 0.5796875 0.304296875 0.3125
4 0.2421875 0.38984375 0.2064453125 0.1677734375
4 0.24765625 0.2390625 0.191796875 0.18515625
4 0.2140625 0.1234375 0.168359375 0.17734375
4 0.10234375 0.103125 0.0765625 0.20625
4 0.9515625 0.54375 0.096875 0.31875
4 0.8796875 0.340625 0.2068359375 0.2404296875
4 0.82578125 0.16875 0.1646484375 0.1755859375
4 0.696875 0.1359375 0.166015625 0.15859375
4 0.63359375 0.06484375 0.1296875 0.1296875
4 0.95546875 0.0828125 0.0890625 0.165625