4 0.29609375 0.0765625 0.0375 0.0462890625
4 0.296875 0.0359375 0.0314453125 0.034375
4 0.24453125 0.05703125 0.0390625 0.048828125
5 0.14296875 0.2359375 0.05625 0.0876953125
5 0.20625 0.56953125 0.10625 0.167578125
5 0.675 0.32734375 0.137890625 0.133203125
4 0.59296875 0.2015625 0.0669921875 0.0962890625
4 0.4890625 0.92421875 0.14375 0.1515625
4 0.78203125 0.9328125 0.1828125 0.134375
4 0.6609375 0.534375 0.08984375 0.130859375
4 0.59765625 0.465625 0.0830078125 0.09453125
4 0.7 0.409375 0.075 0.108984375
4 0.5328125 0.38984375 0.078125 0.115625
4 0.5 0.33359375 0.050390625 0.073046875
4 0.46484375 0.29921875 0.0548828125 0.083203125
4 0.390625 0.3578125 0.074609375 0.1029296875
4 0.36796875 0.29921875 0.059375 0.076171875
4 0.30078125 0.41015625 0.0828125 0.1169921875
4 0.2984375 0.32109375 0.0625 0.083203125
4 0.2359375 0.24375 0.053125 0.0712890625
4 0.16484375 0.45390625 0.0734375 0.1021484375
4 0.47578125 0.1671875 0.040625 0.06015625