5 0.5015625 0.040625 0.065625 0.08125
4 0.371875 0.22890625 0.084375 0.1265625
4 0.2046875 0.43125 0.15625 0.2224609375
4 0.5171875 0.29140625 0.1025390625 0.1271484375
4 0.5234375 0.203125 0.07890625 0.062890625
4 0.5921875 0.17421875 0.0720703125 0.1078125
4 0.6828125 0.30546875 0.0900390625 0.1267578125
4 0.8140625 0.28125 0.1001953125 0.1537109375
4 0.815625 0.17734375 0.090234375 0.064453125
4 0.79296875 0.04765625 0.0572265625 0.0708984375
4 0.7 0.03515625 0.0625 0.0703125
4 0.60234375 0.04921875 0.0572265625 0.073828125