5 0.659375 0.359375 0.12421875 0.2818359375
5 0.85078125 0.31484375 0.1208984375 0.273828125
5 0.6234375 0.12421875 0.0724609375 0.1521484375
5 0.50390625 0.07265625 0.0609375 0.0923828125
5 0.3390625 0.2203125 0.083984375 0.144140625
5 0.0546875 0.053125 0.08125 0.10625
4 0.02421875 0.125 0.0484375 0.1
4 0.2296875 0.475 0.1337890625 0.1939453125
4 0.1953125 0.69609375 0.146875 0.1919921875
4 0.03046875 0.8921875 0.0609375 0.196875
4 0.65625 0.78046875 0.17421875 0.230078125
4 0.753125 0.146875 0.0755859375 0.097265625
4 0.690625 0.0390625 0.05703125 0.07265625
4 0.41953125 0.05625 0.0580078125 0.0751953125
4 0.3875 0.15859375 0.06328125 0.1041015625
4 0.503125 0.23828125 0.08125 0.121875