4 0.31328125 0.34921875 0.0919921875 0.121875
4 0.44375 0.59296875 0.1349609375 0.2015625
4 0.915625 0.54453125 0.1287109375 0.1740234375
4 0.759375 0.2125 0.0783203125 0.1087890625
4 0.7390625 0.10078125 0.0568359375 0.083203125
4 0.61875 0.0640625 0.059765625 0.0904296875
4 0.403125 0.13359375 0.0662109375 0.076953125
4 0.39609375 0.07578125 0.0615234375 0.070703125
5 0.5046875 0.121875 0.11875 0.24375
5 0.4171875 0.225 0.096484375 0.122265625
5 0.66796875 0.45234375 0.123046875 0.2609375
5 0.2484375 0.49609375 0.1314453125 0.2
5 0.69453125 0.04765625 0.0671875 0.0953125
5 0.4078125 0.046875 0.075 0.09375