5 0.7203125 0.7421875 0.1470703125 0.258984375
5 0.3890625 0.78671875 0.271875 0.4265625
5 0.32109375 0.203125 0.117578125 0.2216796875
5 0.95234375 0.7125 0.0953125 0.3125
4 0.840625 0.4125 0.121875 0.175390625
4 0.6546875 0.35546875 0.1150390625 0.133203125
5 0.48125 0.35625 0.1185546875 0.16171875
4 0.2796875 0.51640625 0.1287109375 0.1548828125
4 0.2796875 0.34296875 0.103125 0.129296875
4 0.45703125 0.54609375 0.1263671875 0.1109375
4 0.4953125 0.23359375 0.0912109375 0.1232421875
4 0.4328125 0.1421875 0.07265625 0.09765625
4 0.39765625 0.09609375 0.0572265625 0.0865234375
4 0.43359375 0.01796875 0.0578125 0.0357421875
4 0.6109375 0.06015625 0.053515625 0.086328125
4 0.6671875 0.0328125 0.053125 0.065625
4 0.715625 0.07109375 0.05703125 0.080078125
4 0.753125 0.134375 0.06171875 0.0873046875
5 0.6265625 0.19140625 0.0818359375 0.113671875