5 0.71484375 0.56328125 0.296875 0.588671875
5 0.7484375 0.09765625 0.14375 0.1953125
5 0.51796875 0.0875 0.1109375 0.175
5 0.10859375 0.371875 0.1671875 0.1935546875
4 0.1859375 0.72734375 0.2087890625 0.301953125
4 0.03671875 0.61796875 0.0734375 0.2078125
4 0.07578125 0.4984375 0.1515625 0.18125
4 0.05234375 0.19453125 0.1046875 0.1578125
4 0.125 0.0953125 0.1125 0.1154296875
4 0.1609375 0.2640625 0.1310546875 0.087890625
4 0.21328125 0.20703125 0.0984375 0.0896484375
4 0.22421875 0.115625 0.104296875 0.078125
4 0.28515625 0.0671875 0.076953125 0.0962890625
4 0.29921875 0.03203125 0.1046875 0.0640625
4 0.3515625 0.10390625 0.090625 0.0583984375
4 0.36953125 0.17421875 0.1203125 0.0978515625
5 0.35078125 0.275 0.1458984375 0.1255859375
4 0.34296875 0.37578125 0.123046875 0.101171875
4 0.3015625 0.49140625 0.19140625 0.209375
4 0.43359375 0.7328125 0.1892578125 0.280859375
4 0.52578125 0.48515625 0.1513671875 0.2546875
4 0.61875 0.221875 0.1193359375 0.1306640625
4 0.5984375 0.0609375 0.084375 0.121875
4 0.4359375 0.059375 0.0875 0.11875
4 0.85234375 0.29140625 0.1197265625 0.1044921875
4 0.92109375 0.37421875 0.1578125 0.1234375
4 0.92890625 0.5375 0.1421875 0.25625
1 0.93359375 0.6703125 0.088671875 0.3193359375
5 0.8171875 0.1890625 0.131640625 0.1654296875