5 0.778125 0.21171875 0.08671875 0.1298828125
5 0.46796875 0.34375 0.1822265625 0.4685546875
5 0.25859375 0.5046875 0.1333984375 0.209375
4 0.93203125 0.71640625 0.1359375 0.2140625
4 0.06484375 0.059375 0.064453125 0.0806640625
4 0.1375 0.784375 0.1681640625 0.2150390625
4 0.35625 0.27578125 0.084375 0.105078125
4 0.353125 0.1796875 0.0744140625 0.099609375
4 0.515625 0.0640625 0.0619140625 0.071484375
4 0.5171875 0.1234375 0.0689453125 0.0912109375
4 0.4296875 0.0484375 0.0599609375 0.0849609375
4 0.60859375 0.11953125 0.0625 0.0857421875
4 0.60703125 0.03828125 0.060546875 0.0728515625
4 0.840625 0.33515625 0.09921875 0.1259765625
4 0.64921875 0.2484375 0.092578125 0.1287109375
4 0.74375 0.1109375 0.0810546875 0.109765625
5 0.375 0.09453125 0.0931640625 0.1890625