4 0.40234375 0.41875 0.0455078125 0.034375
4 0.40234375 0.48828125 0.0421875 0.0611328125
4 0.43046875 0.43671875 0.0302734375 0.0517578125
4 0.32578125 0.70390625 0.0951171875 0.129296875
4 0.41015625 0.74765625 0.094921875 0.13125
4 0.3671875 0.97265625 0.115625 0.0546875
4 0.73671875 0.925 0.1296875 0.15
4 0.965625 0.684375 0.06875 0.125
4 0.70546875 0.41875 0.030078125 0.0501953125
4 0.65703125 0.771875 0.0990234375 0.146875
4 0.53125 0.75703125 0.0744140625 0.148046875
1 0.6640625 0.65703125 0.0244140625 0.0857421875
5 0.4484375 0.57890625 0.0599609375 0.1009765625
5 0.5328125 0.6015625 0.0560546875 0.0970703125
5 0.4578125 0.49296875 0.04140625 0.0677734375
4 0.52578125 0.521875 0.041796875 0.065234375
4 0.621875 0.584375 0.044140625 0.0689453125
5 0.5953125 0.5453125 0.0431640625 0.05859375
4 0.5890625 0.49921875 0.040625 0.0482421875
4 0.521875 0.471875 0.033984375 0.044140625
4 0.509375 0.43984375 0.025390625 0.028125
4 0.4671875 0.45390625 0.0279296875 0.0359375
4 0.47109375 0.421875 0.025 0.03125
4 0.5765625 0.465625 0.028515625 0.0318359375
4 0.57109375 0.44140625 0.0265625 0.028125
5 0.540625 0.4171875 0.0283203125 0.0439453125
4 0.48125 0.38359375 0.0189453125 0.0267578125
5 0.45078125 0.39140625 0.0263671875 0.0544921875