5 0.5015625 0.040625 0.0625 0.08125
4 0.371875 0.22890625 0.0875 0.128125
4 0.2046875 0.43125 0.15625 0.2224609375
4 0.5171875 0.29140625 0.1029296875 0.1291015625
4 0.5234375 0.203125 0.078515625 0.0625
4 0.5921875 0.17421875 0.0712890625 0.107421875
4 0.6828125 0.30546875 0.0880859375 0.1263671875
4 0.8140625 0.28125 0.1064453125 0.1587890625
4 0.815625 0.17734375 0.087890625 0.0625
4 0.79296875 0.04765625 0.0580078125 0.0728515625
4 0.70078125 0.03515625 0.0609375 0.0703125
4 0.60234375 0.04921875 0.0580078125 0.076171875