4 0.29609375 0.0765625 0.038671875 0.0462890625
4 0.296875 0.0359375 0.0318359375 0.034765625
4 0.24453125 0.05703125 0.0390625 0.048828125
5 0.14296875 0.2359375 0.05625 0.0876953125
5 0.20625 0.56953125 0.10625 0.167578125
5 0.675 0.32734375 0.137890625 0.133203125
4 0.59296875 0.2015625 0.0673828125 0.0966796875
4 0.4890625 0.925 0.140625 0.15
4 0.78125 0.9328125 0.18125 0.134375
4 0.6609375 0.534375 0.087109375 0.128515625
4 0.59765625 0.465625 0.0833984375 0.096484375
4 0.7 0.409375 0.072265625 0.10625
4 0.5328125 0.38984375 0.075390625 0.114453125
4 0.5 0.33359375 0.050390625 0.073046875
4 0.46484375 0.29921875 0.0548828125 0.083203125
4 0.390625 0.3578125 0.06953125 0.0998046875
4 0.36796875 0.29921875 0.0578125 0.073828125
4 0.30078125 0.41015625 0.0796875 0.1142578125
4 0.2984375 0.32109375 0.062109375 0.0828125
4 0.2359375 0.24375 0.053125 0.0712890625
4 0.16484375 0.45390625 0.070703125 0.1013671875
4 0.47578125 0.1671875 0.039453125 0.06015625