5 0.7203125 0.7421875 0.1587890625 0.26484375
5 0.3890625 0.78671875 0.271875 0.4265625
5 0.32109375 0.203125 0.125 0.2248046875
5 0.9546875 0.7125 0.090625 0.309375
4 0.840625 0.4125 0.125 0.178125
4 0.6546875 0.35546875 0.1095703125 0.1296875
5 0.48125 0.35625 0.1181640625 0.159765625
4 0.2796875 0.51640625 0.1337890625 0.1580078125
4 0.2796875 0.34296875 0.103515625 0.1296875
4 0.45703125 0.54609375 0.1291015625 0.113671875
4 0.4953125 0.23359375 0.0908203125 0.1228515625
4 0.4328125 0.1421875 0.07265625 0.09765625
4 0.39765625 0.09609375 0.0572265625 0.0865234375
4 0.43359375 0.01796875 0.0578125 0.0357421875
4 0.6109375 0.06015625 0.053515625 0.086328125
4 0.6671875 0.0328125 0.053125 0.065625
4 0.715625 0.07109375 0.06171875 0.0828125
4 0.753125 0.134375 0.06171875 0.0873046875
5 0.6265625 0.19140625 0.0818359375 0.113671875