4 0.43359375 0.1453125 0.070703125 0.1123046875
4 0.31953125 0.26015625 0.113671875 0.1705078125
4 0.553125 0.18671875 0.078125 0.108203125
4 0.5546875 0.12265625 0.0658203125 0.05
4 0.6140625 0.109375 0.062109375 0.0939453125
4 0.6921875 0.1765625 0.072265625 0.1064453125
4 0.796875 0.17109375 0.0841796875 0.1166015625
4 0.80234375 0.1046875 0.0796875 0.065234375
4 0.78125 0.025 0.059375 0.05
4 0.7046875 0.01796875 0.053515625 0.0357421875
4 0.61953125 0.01875 0.0515625 0.0375
5 0.525 0.0203125 0.0623046875 0.040625