4 0.38671875 0.5796875 0.169921875 0.228515625
4 0.35078125 0.796875 0.220703125 0.21796875
4 0.325 0.95625 0.240625 0.0875
4 0.075 0.95859375 0.15 0.0828125
4 0.7046875 0.96484375 0.23125 0.0703125
4 0.6875 0.78515625 0.21328125 0.3115234375
4 0.684375 0.5671875 0.17421875 0.1935546875
4 0.6515625 0.4203125 0.146875 0.187109375
4 0.6625 0.25078125 0.1283203125 0.1625
4 0.4453125 0.4125 0.153515625 0.156640625
4 0.421875 0.3 0.127734375 0.131640625
4 0.471875 0.21015625 0.11796875 0.1072265625
4 0.48359375 0.1265625 0.096875 0.0810546875
4 0.840625 0.22734375 0.13046875 0.1072265625
4 0.89765625 0.32421875 0.1447265625 0.1201171875
4 0.87890625 0.51171875 0.1896484375 0.2392578125
4 0.965625 0.6890625 0.06875 0.221875
4 0.9703125 0.8890625 0.059375 0.221875
4 0.24609375 0.33203125 0.1271484375 0.0986328125
4 0.26875 0.228125 0.1337890625 0.115625
4 0.31328125 0.11796875 0.104296875 0.0978515625
4 0.23125 0.10703125 0.087109375 0.1173828125
4 0.18125 0.03984375 0.08125 0.0796875
4 0.27578125 0.03125 0.0859375 0.0625
4 0.49375 0.02890625 0.078125 0.0578125
4 0.8046875 0.1265625 0.1193359375 0.0970703125
4 0.7796875 0.06953125 0.0908203125 0.0541015625
4 0.75703125 0.02421875 0.0796875 0.0484375
4 0.63125 0.028125 0.0875 0.05625
4 0.19140625 0.46875 0.176953125 0.2248046875
5 0.1015625 0.73046875 0.203125 0.3578125
5 0.6375 0.1125 0.11796875 0.11171875
1 0.8703125 0.8515625 0.1125 0.296875
1 0.165625 0.22734375 0.0505859375 0.1697265625
1 0.1 0.2234375 0.04453125 0.1689453125
1 0.03515625 0.259375 0.054296875 0.18203125
1 0.11171875 0.0890625 0.0390625 0.1318359375
1 0.134375 0.14453125 0.043359375 0.1482421875
1 0.7234375 0.16484375 0.0431640625 0.1576171875
4 0.35859375 0.04296875 0.080078125 0.0673828125
4 0.4921875 0.06796875 0.081640625 0.0625