1 0.42890625 0.76015625 0.0625 0.2333984375
1 0.40390625 0.95703125 0.0703125 0.0859375
1 0.6703125 0.74609375 0.05 0.2044921875
1 0.640625 0.5453125 0.0498046875 0.1626953125
1 0.62734375 0.36796875 0.038671875 0.1240234375
1 0.98125 0.2953125 0.0375 0.11875
1 0.6140625 0.28671875 0.0287109375 0.1236328125
1 0.5671875 0.2375 0.0279296875 0.087109375
1 0.5234375 0.22578125 0.0283203125 0.1080078125
1 0.48984375 0.2734375 0.0365234375 0.116015625
1 0.44609375 0.446875 0.0447265625 0.1408203125
1 0.39765625 0.43203125 0.04375 0.146875
1 0.3625 0.403125 0.034375 0.1341796875
1 0.3203125 0.4953125 0.0494140625 0.1587890625
1 0.2734375 0.609375 0.0494140625 0.1748046875
1 0.18515625 0.79921875 0.065625 0.2048828125
1 0.11875 0.6796875 0.0724609375 0.1869140625
1 0.06796875 0.9265625 0.0736328125 0.1466796875
1 0.0328125 0.77734375 0.065625 0.1765625
1 0.084375 0.55 0.05078125 0.140625
1 0.1453125 0.49375 0.040234375 0.1654296875
1 0.18671875 0.39453125 0.042578125 0.138671875
1 0.12265625 0.303125 0.0375 0.1474609375
1 0.15234375 0.22734375 0.03125 0.1419921875
1 0.1859375 0.17578125 0.0373046875 0.1111328125
1 0.22109375 0.3015625 0.039453125 0.1037109375
1 0.2359375 0.2234375 0.033984375 0.0974609375
1 0.265625 0.14140625 0.01875 0.0955078125
1 0.3796875 0.17421875 0.0369140625 0.101953125
1 0.35859375 0.08359375 0.025 0.1017578125
1 0.39765625 0.09765625 0.034375 0.110546875
1 0.3859375 0.04296875 0.0275390625 0.0859375
1 0.4734375 0.1921875 0.0345703125 0.106640625
4 0.5546875 0.69140625 0.1306640625 0.3140625
4 0.94296875 0.85234375 0.1109375 0.2953125
4 0.76328125 0.7015625 0.1548828125 0.2814453125
4 0.87578125 0.52265625 0.1552734375 0.2572265625
4 0.77734375 0.30859375 0.1302734375 0.178125
4 0.6796875 0.321875 0.1 0.155859375
4 0.7328125 0.190625 0.0693359375 0.0880859375
4 0.7671875 0.05859375 0.065625 0.1171875
4 0.70625 0.1140625 0.069140625 0.090625
4 0.62421875 0.15625 0.060546875 0.1060546875
4 0.5640625 0.18046875 0.053515625 0.1078125
4 0.409375 0.23203125 0.0755859375 0.125
4 0.30390625 0.18046875 0.0794921875 0.1203125
4 0.4734375 0.1265625 0.0630859375 0.1126953125
4 0.44765625 0.03125 0.0578125 0.0625
4 0.54765625 0.04453125 0.0421875 0.0890625
4 0.6078125 0.07109375 0.05859375 0.076171875
4 0.66015625 0.06015625 0.0509765625 0.0767578125
2 0.278125 0.371875 0.119140625 0.2220703125