1 0.72265625 0.29921875 0.05625 0.1833984375
1 0.68828125 0.1625 0.0390625 0.1224609375
1 0.675 0.0875 0.040234375 0.09453125
1 0.1703125 0.22734375 0.0369140625 0.132421875
1 0.19765625 0.1875 0.0384765625 0.1439453125
1 0.14453125 0.2015625 0.0427734375 0.1470703125
1 0.096875 0.54375 0.0595703125 0.209765625
1 0.234375 0.12890625 0.034765625 0.101953125
1 0.3609375 0.0703125 0.02890625 0.1005859375
5 0.1 0.84375 0.2 0.3125
5 0.63828125 0.25078125 0.11875 0.0984375
4 0.06796875 0.45390625 0.1359375 0.1828125
4 0.190625 0.625 0.177734375 0.2216796875
4 0.34765625 0.90703125 0.2046875 0.1859375
4 0.3875 0.715625 0.19296875 0.2533203125
4 0.4671875 0.553125 0.1408203125 0.156640625
4 0.425 0.4375 0.1279296875 0.1220703125
4 0.24765625 0.46875 0.158203125 0.103515625
4 0.2796875 0.36640625 0.13984375 0.1267578125
4 0.321875 0.259375 0.1189453125 0.121875
4 0.36875 0.17734375 0.08125 0.0625
4 0.41328125 0.10078125 0.069921875 0.0646484375
4 0.471875 0.3484375 0.0998046875 0.1060546875
4 0.478125 0.26171875 0.09921875 0.0822265625
4 0.49609375 0.20390625 0.082421875 0.064453125
4 0.49296875 0.16328125 0.08125 0.0578125
4 0.51015625 0.1015625 0.0759765625 0.083984375
4 0.50859375 0.03359375 0.0609375 0.0671875
4 0.6859375 0.8859375 0.209375 0.228125
4 0.67890625 0.6984375 0.170703125 0.190625
4 0.653125 0.5328125 0.1435546875 0.1404296875
4 0.6546875 0.39375 0.1310546875 0.175390625
4 0.62890625 0.18671875 0.0703125 0.0677734375
4 0.62109375 0.13359375 0.0728515625 0.071875
4 0.615625 0.0796875 0.06953125 0.07109375
4 0.878125 0.63984375 0.1724609375 0.2322265625
4 0.96015625 0.81875 0.0796875 0.196875
4 0.90078125 0.46171875 0.1330078125 0.125
4 0.83359375 0.3671875 0.1140625 0.12109375
4 0.7984375 0.259375 0.115625 0.11875
4 0.77578125 0.20546875 0.0853515625 0.0703125
4 0.7625 0.16796875 0.0845703125 0.0771484375
4 0.75234375 0.11796875 0.0763671875 0.063671875
4 0.73359375 0.06875 0.063671875 0.0568359375
4 0.296875 0.0484375 0.06875 0.096875
4 0.2421875 0.23203125 0.090234375 0.123828125
4 0.2875 0.1625 0.08125 0.072265625