58 4 0.409375 0.169444 0.445312 0.230556 0.632812 0.286111
57 4 -0.006250 0.672222 0.140625 1.002778 0.062500 1.175000
56 4 0.368750 0.072222 0.393750 0.116667 0.565625 0.130556
51 4 0.315625 0.066667 0.342187 0.122222 0.487500 0.130556
47 4 0.321875 0.144444 0.357812 0.216667 0.501563 0.252778
45 4 0.275000 0.136111 0.307812 0.200000 0.428125 0.238889
37 4 0.317188 0.230556 0.359375 0.319444 0.498437 0.391667
30 4 0.251563 0.258333 0.290625 0.333333 0.396875 0.425000
25 4 0.454688 0.322222 0.512500 0.463889 0.710938 0.555556
24 4 0.443750 0.697222 0.535937 1.011111 0.712500 1.202778
5 4 0.223438 0.119444 0.260937 0.197222 0.353125 0.216667
