58 4 0.407813 0.161111 0.439063 0.216667 0.628125 0.269444
57 4 -0.003125 0.594444 0.167187 0.936111 0.078125 1.063889
56 4 0.367188 0.069444 0.390625 0.111111 0.562500 0.125000
51 4 0.317188 0.061111 0.340625 0.113889 0.487500 0.116667
47 4 0.323437 0.136111 0.357812 0.205556 0.501563 0.241667
45 4 0.275000 0.127778 0.307812 0.191667 0.429688 0.225000
30 4 0.254688 0.238889 0.295312 0.316667 0.403125 0.397222
25 4 0.450000 0.300000 0.507812 0.438889 0.704688 0.519444
24 4 0.451562 0.658333 0.537500 0.969444 0.721875 1.144444
5 4 0.221875 0.122222 0.259375 0.197222 0.351562 0.222222
