56 4 0.357812 0.044444 0.381250 0.086111 0.548438 0.088889
51 4 0.317188 0.050000 0.339062 0.094444 0.485938 0.097222
48 4 0.131250 0.419444 0.235937 0.627778 0.248438 0.733333
47 4 0.323437 0.105556 0.353125 0.163889 0.500000 0.188889
45 4 0.275000 0.097222 0.309375 0.158333 0.429688 0.177778
37 4 0.329688 0.163889 0.359375 0.230556 0.509375 0.277778
30 4 0.260937 0.183333 0.303125 0.261111 0.412500 0.316667
25 4 0.445312 0.272222 0.495312 0.380556 0.693750 0.463889
24 4 0.459375 0.505556 0.528125 0.711111 0.725000 0.863889
23 4 0.179688 0.627778 0.295312 0.919444 0.328125 1.088889
5 4 0.223438 0.119444 0.257812 0.191667 0.351562 0.216667
