56 4 0.354687 0.041667 0.378125 0.083333 0.545312 0.083333
54 4 0.392188 0.127778 0.423438 0.175000 0.604688 0.213889
51 4 0.315625 0.044444 0.337500 0.088889 0.484375 0.091667
48 4 0.148438 0.388889 0.243750 0.591667 0.270313 0.686111
47 4 0.325000 0.102778 0.351562 0.155556 0.500000 0.180556
45 4 0.275000 0.094444 0.309375 0.150000 0.429688 0.169444
37 4 0.329688 0.152778 0.360938 0.222222 0.510938 0.263889
30 4 0.262500 0.175000 0.303125 0.250000 0.414062 0.300000
25 4 0.445312 0.266667 0.490625 0.366667 0.690625 0.452778
24 4 0.460938 0.483333 0.525000 0.675000 0.723437 0.822222
23 4 0.209375 0.575000 0.310937 0.827778 0.365625 0.988889
5 4 0.221875 0.119444 0.257812 0.191667 0.351562 0.213889
