56 4 0.353125 0.038889 0.375000 0.077778 0.542188 0.077778
51 4 0.315625 0.038889 0.335938 0.080556 0.484375 0.080556
48 4 0.175000 0.355556 0.250000 0.527778 0.300000 0.622222
47 4 0.323437 0.097222 0.350000 0.147222 0.500000 0.172222
45 4 0.271875 0.088889 0.309375 0.147222 0.426563 0.163889
37 4 0.329688 0.141667 0.357812 0.202778 0.509375 0.244444
30 4 0.268750 0.166667 0.303125 0.227778 0.421875 0.280556
25 4 0.440625 0.258333 0.487500 0.355556 0.684375 0.436111
24 4 0.460938 0.447222 0.521875 0.625000 0.721875 0.761111
23 4 0.243750 0.477778 0.331250 0.694444 0.409375 0.825000
5 4 0.221875 0.122222 0.259375 0.191667 0.351562 0.219444
