58 4 0.409375 0.163889 0.442188 0.222222 0.629687 0.275000
56 4 0.367188 0.069444 0.390625 0.111111 0.562500 0.127778
51 4 0.315625 0.061111 0.340625 0.116667 0.487500 0.119444
47 4 0.323437 0.138889 0.357812 0.208333 0.503125 0.244444
45 4 0.275000 0.130556 0.306250 0.194444 0.429688 0.227778
37 4 0.317188 0.213889 0.360938 0.305556 0.498437 0.366667
30 4 0.254688 0.244444 0.295312 0.319444 0.403125 0.405556
25 4 0.451562 0.300000 0.509375 0.447222 0.706250 0.525000
24 4 0.450000 0.672222 0.537500 0.994444 0.720313 1.169444
5 4 0.221875 0.122222 0.259375 0.197222 0.351562 0.222222
