56 4 0.356250 0.041667 0.379688 0.086111 0.546875 0.083333
54 4 0.393750 0.127778 0.423438 0.175000 0.604688 0.216667
48 4 0.140625 0.400000 0.240625 0.605556 0.262500 0.702778
47 4 0.323437 0.102778 0.353125 0.161111 0.501563 0.183333
45 4 0.275000 0.094444 0.309375 0.152778 0.429688 0.172222
37 4 0.329688 0.155556 0.360938 0.225000 0.510938 0.269444
30 4 0.260937 0.175000 0.303125 0.252778 0.414062 0.302778
25 4 0.445312 0.269444 0.493750 0.372222 0.692187 0.455556
24 4 0.460938 0.491667 0.526563 0.688889 0.725000 0.838889
23 4 0.201563 0.594444 0.307812 0.858333 0.356250 1.022222
5 4 0.221875 0.119444 0.257812 0.191667 0.351562 0.213889
