56 4 0.356250 0.041667 0.381250 0.086111 0.546875 0.083333
54 4 0.393750 0.125000 0.423438 0.177778 0.606250 0.216667
48 4 0.134375 0.408333 0.237500 0.616667 0.253125 0.716667
47 4 0.323437 0.105556 0.353125 0.163889 0.501563 0.186111
45 4 0.275000 0.097222 0.309375 0.155556 0.431250 0.175000
37 4 0.329688 0.158333 0.359375 0.227778 0.510938 0.272222
30 4 0.260937 0.180556 0.303125 0.258333 0.414062 0.311111
25 4 0.445312 0.269444 0.493750 0.377778 0.692187 0.461111
24 4 0.460938 0.500000 0.528125 0.700000 0.725000 0.850000
23 4 0.192188 0.613889 0.301563 0.891667 0.343750 1.061111
5 4 0.221875 0.119444 0.257812 0.191667 0.351562 0.213889
